1e-10	2.23971e+09
2e-10	2.23971e+09
4e-10	2.23971e+09
8e-10	2.23971e+09
1.6e-09	2.23971e+09
3.2e-09	2.23971e+09
6.4e-09	2.23971e+09
1.28e-08	2.23971e+09
2.56e-08	2.23971e+09
5.12e-08	2.23971e+09
1.024e-07	2.23971e+09
2.048e-07	2.23971e+09
4.096e-07	2.23971e+09
8.192e-07	2.23971e+09
1.6384e-06	2.23971e+09
3.2768e-06	2.23971e+09
6.5536e-06	2.23971e+09
1.31072e-05	2.23971e+09
2.62144e-05	2.23971e+09
5.24288e-05	2.23971e+09
0.000104858	2.23971e+09
0.000209715	2.23971e+09
0.00041943	2.23971e+09
0.000838861	2.23971e+09
0.00167772	2.23971e+09
0.00335544	2.23971e+09
0.00671089	2.23971e+09
0.0134218	2.23971e+09
0.0268435	2.23971e+09
0.0536871	2.23971e+09
0.107374	2.23971e+09
0.214748	2.23971e+09
0.429497	2.23971e+09
0.858993	2.23971e+09
1.71799	2.23971e+09
3.43597	2.23971e+09
6.87195	2.23971e+09
13.7439	2.23971e+09
27.4878	2.23971e+09
54.9756	2.23971e+09
109.951	2.23971e+09
219.902	2.2397e+09
439.805	2.2397e+09
879.609	2.23968e+09
1759.22	2.23964e+09
3518.44	2.23956e+09
7036.87	2.23938e+09
14073.7	2.23901e+09
28147.5	2.23822e+09
56295	2.23652e+09
112590	2.23291e+09
225180	2.22518e+09
450360	2.20857e+09
900720	2.17245e+09
