1e-10	1.93765e-43
2e-10	1.93765e-43
4e-10	1.93765e-43
8e-10	1.93765e-43
1.6e-09	1.93765e-43
3.2e-09	1.93765e-43
6.4e-09	1.93765e-43
1.28e-08	1.93765e-43
2.56e-08	1.93765e-43
5.12e-08	1.93765e-43
1.024e-07	1.93765e-43
2.048e-07	1.93765e-43
4.096e-07	1.93765e-43
8.192e-07	1.93765e-43
1.6384e-06	1.93765e-43
3.2768e-06	1.93765e-43
6.5536e-06	1.93765e-43
1.31072e-05	1.93765e-43
2.62144e-05	1.93765e-43
5.24288e-05	1.93765e-43
0.000104858	1.93765e-43
0.000209715	1.93765e-43
0.00041943	1.93765e-43
0.000838861	1.93765e-43
0.00167772	1.93765e-43
0.00335544	1.93765e-43
0.00671089	1.93765e-43
0.0134218	1.93765e-43
0.0268435	1.93765e-43
0.0536871	1.93765e-43
0.107374	1.93765e-43
0.214748	1.93765e-43
0.429497	1.93765e-43
0.858993	1.93765e-43
1.71799	1.93765e-43
3.43597	1.93765e-43
6.87195	1.93765e-43
13.7439	1.93765e-43
27.4878	1.93765e-43
54.9756	1.93765e-43
109.951	1.93766e-43
219.902	1.93768e-43
439.805	1.9377e-43
879.609	1.93777e-43
1759.22	1.9379e-43
3518.44	1.93819e-43
7036.87	1.93879e-43
14073.7	1.94008e-43
28147.5	1.94284e-43
56295	1.94874e-43
112590	1.96139e-43
225180	1.98882e-43
450360	2.04941e-43
900720	2.18929e-43
