1e-10	3.56122e+09
2e-10	3.61612e+09
4e-10	3.57969e+09
8e-10	3.57627e+09
1.6e-09	3.58761e+09
3.2e-09	3.58231e+09
6.4e-09	3.59373e+09
1.28e-08	3.59808e+09
2.56e-08	3.55259e+09
5.12e-08	3.57684e+09
1.024e-07	3.57909e+09
2.048e-07	3.57994e+09
4.096e-07	3.58172e+09
8.192e-07	3.58029e+09
1.6384e-06	3.58145e+09
3.2768e-06	3.57456e+09
6.5536e-06	3.58307e+09
1.31072e-05	3.56518e+09
2.62144e-05	3.58793e+09
5.24288e-05	3.57224e+09
0.000104858	3.58988e+09
0.000209715	3.58053e+09
0.00041943	3.58277e+09
0.000838861	3.58309e+09
0.00167772	3.57794e+09
0.00335544	3.55741e+09
0.00671089	3.5905e+09
0.0134218	3.58305e+09
0.0268435	3.56039e+09
0.0536871	3.58879e+09
0.107374	3.59155e+09
0.214748	3.58363e+09
0.429497	3.58289e+09
0.858993	3.59495e+09
1.71799	3.60388e+09
3.43597	3.56952e+09
6.87195	3.58429e+09
13.7439	3.58084e+09
27.4878	3.56207e+09
54.9756	3.5834e+09
109.951	3.56741e+09
219.902	3.57577e+09
439.805	3.56607e+09
879.609	3.57014e+09
1759.22	3.57638e+09
3518.44	3.59347e+09
7036.87	3.56948e+09
14073.7	3.58502e+09
28147.5	3.56663e+09
56295	3.55652e+09
112590	3.55855e+09
225180	3.53049e+09
450360	3.4979e+09
900720	3.38356e+09
