1e-10	7.1802e-47
2e-10	7.1802e-47
4e-10	7.1802e-47
8e-10	7.1802e-47
1.6e-09	7.1802e-47
3.2e-09	7.1802e-47
6.4e-09	7.1802e-47
1.28e-08	7.1802e-47
2.56e-08	7.1802e-47
5.12e-08	7.1802e-47
1.024e-07	7.1802e-47
2.048e-07	7.1802e-47
4.096e-07	7.1802e-47
8.192e-07	7.1802e-47
1.6384e-06	7.1802e-47
3.2768e-06	7.1802e-47
6.5536e-06	7.1802e-47
1.31072e-05	7.1802e-47
2.62144e-05	7.1802e-47
5.24288e-05	7.1802e-47
0.000104858	7.1802e-47
0.000209715	7.1802e-47
0.00041943	7.1802e-47
0.000838861	7.1802e-47
0.00167772	7.1802e-47
0.00335544	7.1802e-47
0.00671089	7.1802e-47
0.0134218	7.1802e-47
0.0268435	7.1802e-47
0.0536871	7.1802e-47
0.107374	7.1802e-47
0.214748	7.1802e-47
0.429497	7.1802e-47
0.858993	7.1802e-47
1.71799	7.1802e-47
3.43597	7.1802e-47
6.87195	7.1802e-47
13.7439	7.1802e-47
27.4878	7.18021e-47
54.9756	7.18022e-47
109.951	7.18025e-47
219.902	7.18034e-47
439.805	7.1806e-47
879.609	7.18133e-47
1759.22	7.1834e-47
3518.44	7.18924e-47
7036.87	7.20583e-47
14073.7	7.25308e-47
28147.5	7.38959e-47
56295	7.79986e-47
112590	9.19341e-47
225180	1.66946e-46
450360	6.20636e-46
900720	1.86367e-47
