5.29056e+12	2.33046e-23
7.05408e+12	1.30929e-22
8.8176e+12	4.99395e-22
1.05811e+13	1.49099e-21
1.23446e+13	3.75906e-21
1.41082e+13	8.37431e-21
1.58717e+13	1.69653e-20
1.76352e+13	3.19154e-20
1.93987e+13	5.65247e-20
2.11622e+13	9.5245e-20
2.29258e+13	1.53912e-19
2.46893e+13	2.40011e-19
2.64528e+13	3.62778e-19
2.82163e+13	5.34122e-19
2.99798e+13	7.68123e-19
3.17434e+13	1.08188e-18
3.35069e+13	1.49503e-18
3.52704e+13	2.03277e-18
3.70339e+13	2.72267e-18
3.87974e+13	3.59555e-18
4.0561e+13	4.69512e-18
4.23245e+13	6.05456e-18
4.4088e+13	7.73006e-18
4.58515e+13	9.77457e-18
4.7615e+13	1.22444e-17
4.93785e+13	1.52194e-17
5.11421e+13	1.87635e-17
5.29056e+13	2.29787e-17
5.46691e+13	2.79395e-17
5.64326e+13	3.37991e-17
5.81961e+13	4.05994e-17
5.99597e+13	4.85216e-17
6.17232e+13	5.76608e-17
6.34867e+13	6.82174e-17
6.52502e+13	8.02931e-17
6.70137e+13	9.40902e-17
6.87773e+13	1.09852e-16
7.05408e+13	1.27773e-16
7.23043e+13	1.48026e-16
7.40678e+13	1.70792e-16
7.58313e+13	1.96383e-16
7.75949e+13	2.2518e-16
7.93584e+13	2.5727e-16
8.11219e+13	2.93265e-16
8.28854e+13	3.33104e-16
8.46489e+13	3.77505e-16
8.64125e+13	4.26491e-16
8.8176e+13	4.80622e-16
8.99395e+13	5.40304e-16
9.1703e+13	6.06424e-16
9.34665e+13	6.78954e-16
9.52301e+13	7.58146e-16
9.69936e+13	8.44822e-16
9.87571e+13	9.39517e-16
1.00521e+14	1.04354e-15
1.02284e+14	1.15609e-15
1.04048e+14	1.27848e-15
1.05811e+14	1.41204e-15
1.07575e+14	1.55615e-15
1.09338e+14	1.71339e-15
1.11102e+14	1.8822e-15
1.12865e+14	2.06446e-15
1.14629e+14	2.26101e-15
1.16392e+14	2.47446e-15
1.18156e+14	2.70237e-15
1.19919e+14	2.94723e-15
1.21683e+14	3.21003e-15
1.23446e+14	3.49178e-15
1.2521e+14	3.79629e-15
1.26973e+14	4.11733e-15
1.28737e+14	4.46244e-15
1.305e+14	4.83447e-15
1.32264e+14	5.22781e-15
1.34027e+14	5.64703e-15
1.35791e+14	6.09345e-15
1.37555e+14	6.56826e-15
1.39318e+14	7.07815e-15
1.41082e+14	7.61079e-15
1.42845e+14	8.17979e-15
1.44609e+14	8.78945e-15
1.46372e+14	9.42898e-15
1.48136e+14	1.01061e-14
1.49899e+14	1.0817e-14
1.51663e+14	1.15823e-14
1.53426e+14	1.23824e-14
1.5519e+14	1.3227e-14
1.56953e+14	1.41211e-14
1.58717e+14	1.50605e-14
1.6048e+14	1.60503e-14
1.62244e+14	1.70838e-14
1.64007e+14	1.81927e-14
1.65771e+14	1.93458e-14
1.67534e+14	2.05475e-14
1.69298e+14	2.18355e-14
1.71061e+14	2.31719e-14
1.72825e+14	2.45617e-14
1.74588e+14	2.60499e-14
1.76352e+14	2.75904e-14
1.78115e+14	2.91896e-14
1.79879e+14	3.08781e-14
1.81643e+14	3.26526e-14
1.83406e+14	3.45007e-14
1.8517e+14	3.64142e-14
1.86933e+14	3.84596e-14
1.88697e+14	4.05676e-14
1.9046e+14	4.27464e-14
1.92224e+14	4.50741e-14
1.93987e+14	4.74445e-14
1.95751e+14	4.99397e-14
1.97514e+14	5.25512e-14
1.99278e+14	5.52588e-14
2.01041e+14	5.80482e-14
2.02805e+14	6.09951e-14
2.04568e+14	6.40454e-14
2.06332e+14	6.71827e-14
2.08095e+14	7.05303e-14
2.09859e+14	7.39184e-14
2.11622e+14	7.74746e-14
2.13386e+14	8.11857e-14
2.15149e+14	8.50178e-14
2.16913e+14	8.89476e-14
2.18676e+14	9.30907e-14
2.2044e+14	9.73639e-14
2.22203e+14	1.01817e-13
2.23967e+14	1.06351e-13
2.25731e+14	1.11101e-13
2.27494e+14	1.16045e-13
2.29258e+14	1.21136e-13
2.31021e+14	1.26337e-13
2.32785e+14	1.31812e-13
2.34548e+14	1.37442e-13
2.36312e+14	1.4319e-13
2.38075e+14	1.49236e-13
2.39839e+14	1.55446e-13
2.41602e+14	1.61775e-13
2.43366e+14	1.68434e-13
2.45129e+14	1.75174e-13
2.46893e+14	1.8236e-13
2.48656e+14	1.89534e-13
2.5042e+14	1.96929e-13
2.52183e+14	2.04812e-13
2.53947e+14	2.12668e-13
2.5571e+14	2.20759e-13
2.57474e+14	2.29264e-13
2.59237e+14	2.37967e-13
2.61001e+14	2.46989e-13
2.62764e+14	2.57871e-13
2.64528e+14	2.67286e-13
2.66291e+14	2.77327e-13
2.68055e+14	2.87295e-13
2.69819e+14	2.97766e-13
2.71582e+14	3.08295e-13
2.73346e+14	3.19109e-13
2.75109e+14	3.30648e-13
2.76873e+14	3.42067e-13
2.78636e+14	3.53786e-13
2.804e+14	3.661e-13
2.82163e+14	3.7845e-13
2.83927e+14	3.91427e-13
2.8569e+14	4.04646e-13
2.87454e+14	4.17984e-13
2.89217e+14	4.32001e-13
2.90981e+14	4.46026e-13
2.92744e+14	4.604e-13
2.94508e+14	4.75498e-13
2.96271e+14	4.90858e-13
2.98035e+14	5.06725e-13
2.99798e+14	5.22571e-13
3.01562e+14	5.38793e-13
3.03325e+14	5.55842e-13
3.05089e+14	5.72846e-13
3.06852e+14	5.90711e-13
3.08616e+14	6.08851e-13
3.10379e+14	6.27071e-13
3.12143e+14	6.46222e-13
3.13906e+14	6.65285e-13
3.1567e+14	6.85321e-13
3.17434e+14	7.05247e-13
3.19197e+14	7.2561e-13
3.20961e+14	7.47015e-13
3.22724e+14	7.68275e-13
3.24488e+14	7.90632e-13
3.26251e+14	8.13267e-13
3.28015e+14	8.35932e-13
3.29778e+14	8.59766e-13
3.31542e+14	8.83391e-13
3.33305e+14	9.08246e-13
3.35069e+14	9.32858e-13
3.36832e+14	9.57964e-13
3.38596e+14	9.84381e-13
3.40359e+14	1.01052e-12
3.42123e+14	1.03801e-12
3.43886e+14	1.06519e-12
3.4565e+14	1.0929e-12
3.47413e+14	1.12206e-12
3.49177e+14	1.15149e-12
3.5094e+14	1.18182e-12
3.52704e+14	1.21173e-12
3.54467e+14	1.2422e-12
3.56231e+14	1.27429e-12
3.57994e+14	1.30591e-12
3.59758e+14	1.3392e-12
3.61522e+14	1.37199e-12
3.63285e+14	1.40535e-12
3.65049e+14	1.44051e-12
3.66812e+14	1.47508e-12
3.68576e+14	1.51152e-12
3.70339e+14	1.54732e-12
3.72103e+14	1.58372e-12
3.73866e+14	1.62212e-12
3.7563e+14	1.65978e-12
3.77393e+14	1.69952e-12
3.79157e+14	1.73847e-12
3.8092e+14	1.77806e-12
3.82684e+14	1.81984e-12
3.84447e+14	1.86075e-12
3.86211e+14	1.90504e-12
3.87974e+14	1.94732e-12
3.89738e+14	1.99025e-12
3.91501e+14	2.0497e-12
3.93265e+14	2.09431e-12
3.95028e+14	2.14145e-12
3.96792e+14	2.18747e-12
3.98555e+14	2.23417e-12
4.00319e+14	2.28356e-12
4.02082e+14	2.3317e-12
4.03846e+14	2.38261e-12
4.0561e+14	2.43221e-12
4.07373e+14	2.48252e-12
4.09137e+14	2.53575e-12
4.109e+14	2.58754e-12
4.12664e+14	2.64237e-12
4.14427e+14	2.69567e-12
4.16191e+14	2.74968e-12
4.17954e+14	2.8069e-12
4.19718e+14	2.86246e-12
4.21481e+14	2.92133e-12
4.23245e+14	2.97843e-12
4.25008e+14	3.03625e-12
4.26772e+14	3.09761e-12
4.28535e+14	3.15701e-12
4.30299e+14	3.22005e-12
4.32062e+14	3.28103e-12
4.33826e+14	3.34579e-12
4.35589e+14	3.40837e-12
4.37353e+14	3.47171e-12
4.39116e+14	3.53904e-12
4.4088e+14	3.60401e-12
4.42643e+14	3.67308e-12
4.44407e+14	3.74195e-12
4.4617e+14	3.80938e-12
4.47934e+14	3.88111e-12
4.49698e+14	3.95019e-12
4.51461e+14	4.02372e-12
4.53225e+14	4.09444e-12
4.54988e+14	4.16596e-12
4.56752e+14	4.24218e-12
4.58515e+14	4.31535e-12
4.60279e+14	4.39338e-12
4.62042e+14	4.46824e-12
4.63806e+14	4.54393e-12
4.65569e+14	4.62466e-12
4.67333e+14	4.70203e-12
4.69096e+14	4.78461e-12
4.7086e+14	4.86365e-12
4.72623e+14	4.9435e-12
4.74387e+14	5.02882e-12
4.7615e+14	5.11038e-12
4.77914e+14	5.1976e-12
4.79677e+14	5.28084e-12
4.81441e+14	5.36489e-12
4.83204e+14	5.45832e-12
4.84968e+14	5.54413e-12
4.86731e+14	5.63608e-12
4.88495e+14	5.7236e-12
4.90258e+14	5.81192e-12
4.92022e+14	5.90662e-12
4.93785e+14	5.99664e-12
4.95549e+14	6.09325e-12
4.97313e+14	6.185e-12
4.99076e+14	6.27751e-12
5.0084e+14	6.37691e-12
5.02603e+14	6.51551e-12
5.04367e+14	6.61752e-12
5.0613e+14	6.71405e-12
5.07894e+14	6.81141e-12
5.09657e+14	6.92069e-12
5.11421e+14	7.01979e-12
5.13184e+14	7.12656e-12
5.14948e+14	7.22733e-12
5.16711e+14	7.33599e-12
5.18475e+14	7.43845e-12
5.20238e+14	7.5417e-12
5.22002e+14	7.65312e-12
5.23765e+14	7.75803e-12
5.25529e+14	7.87134e-12
5.27292e+14	7.97787e-12
5.29056e+14	8.09048e-12
5.30819e+14	8.20661e-12
5.32583e+14	8.3156e-12
5.34346e+14	8.43355e-12
5.3611e+14	8.54415e-12
5.37873e+14	8.65547e-12
5.39637e+14	8.77614e-12
5.41401e+14	8.88908e-12
5.43164e+14	9.01159e-12
5.44928e+14	9.1321e-12
5.46691e+14	9.2473e-12
5.48455e+14	9.37262e-12
5.50218e+14	9.48938e-12
5.51982e+14	9.60678e-12
5.53745e+14	9.73461e-12
5.55509e+14	9.85356e-12
5.57272e+14	9.98994e-12
5.59036e+14	1.01104e-11
5.60799e+14	1.02315e-11
5.62563e+14	1.03638e-11
5.64326e+14	1.04863e-11
5.6609e+14	1.06202e-11
5.67853e+14	1.07441e-11
5.69617e+14	1.08762e-11
5.7138e+14	1.10126e-11
5.73144e+14	1.11386e-11
5.74907e+14	1.12767e-11
5.76671e+14	1.1404e-11
5.78434e+14	1.15319e-11
5.80198e+14	1.16804e-11
5.81961e+14	1.18096e-11
5.83725e+14	1.19518e-11
5.85489e+14	1.20822e-11
5.87252e+14	1.22132e-11
5.89016e+14	1.23661e-11
5.90779e+14	1.24985e-11
5.92543e+14	1.26443e-11
5.94306e+14	1.27778e-11
5.9607e+14	1.29116e-11
5.97833e+14	1.30688e-11
5.99597e+14	1.3204e-11
6.0136e+14	1.33534e-11
6.03124e+14	1.34897e-11
6.04887e+14	1.36261e-11
6.06651e+14	1.37873e-11
6.08414e+14	1.3925e-11
6.10178e+14	1.41737e-11
6.11941e+14	1.43132e-11
6.13705e+14	1.44633e-11
6.15468e+14	1.46192e-11
6.17232e+14	1.476e-11
6.18995e+14	1.49013e-11
6.20759e+14	1.50587e-11
6.22522e+14	1.52117e-11
6.24286e+14	1.53704e-11
6.26049e+14	1.55134e-11
6.27813e+14	1.56565e-11
6.29577e+14	1.58283e-11
6.3134e+14	1.59721e-11
6.33104e+14	1.61372e-11
6.34867e+14	1.62841e-11
6.36631e+14	1.64324e-11
6.38394e+14	1.65991e-11
6.40158e+14	1.67481e-11
6.41921e+14	1.69146e-11
6.43685e+14	1.70643e-11
6.45448e+14	1.72142e-11
6.47212e+14	1.73832e-11
6.48975e+14	1.75337e-11
6.50739e+14	1.76843e-11
6.52502e+14	1.78547e-11
6.54266e+14	1.80059e-11
6.56029e+14	1.81771e-11
6.57793e+14	1.83285e-11
6.59556e+14	1.84802e-11
6.6132e+14	1.86526e-11
6.63083e+14	1.88059e-11
6.64847e+14	1.8979e-11
6.6661e+14	1.91312e-11
6.68374e+14	1.92834e-11
6.70137e+14	1.94589e-11
6.71901e+14	1.96113e-11
6.73664e+14	1.97651e-11
6.75428e+14	1.994e-11
6.77192e+14	2.00926e-11
6.78955e+14	2.02695e-11
6.80719e+14	2.0422e-11
6.82482e+14	2.05761e-11
6.84246e+14	2.07534e-11
6.86009e+14	2.09058e-11
6.87773e+14	2.10597e-11
6.89536e+14	2.12376e-11
6.913e+14	2.13898e-11
6.93063e+14	2.1568e-11
6.94827e+14	2.17216e-11
6.9659e+14	2.1875e-11
6.98354e+14	2.20519e-11
7.00117e+14	2.22049e-11
7.01881e+14	2.23578e-11
7.03644e+14	2.25365e-11
7.05408e+14	2.2689e-11
7.07171e+14	2.28678e-11
7.08935e+14	2.30197e-11
7.10698e+14	2.31716e-11
7.12462e+14	2.33503e-11
7.14225e+14	2.35012e-11
7.15989e+14	2.38137e-11
7.17752e+14	2.39933e-11
7.19516e+14	2.41447e-11
7.2128e+14	2.43239e-11
7.23043e+14	2.44763e-11
7.24807e+14	2.46266e-11
7.2657e+14	2.48053e-11
7.28334e+14	2.49566e-11
7.30097e+14	2.51054e-11
7.31861e+14	2.52857e-11
7.33624e+14	2.54333e-11
7.35388e+14	2.56133e-11
7.37151e+14	2.57603e-11
7.38915e+14	2.59086e-11
7.40678e+14	2.60856e-11
7.42442e+14	2.6233e-11
7.44205e+14	2.63797e-11
7.45969e+14	2.65555e-11
7.47732e+14	2.6701e-11
7.49496e+14	2.68461e-11
7.51259e+14	2.70229e-11
7.53023e+14	2.71666e-11
7.54786e+14	2.73427e-11
7.5655e+14	2.74828e-11
7.58313e+14	2.76245e-11
7.60077e+14	2.77992e-11
7.6184e+14	2.79395e-11
7.63604e+14	2.8079e-11
7.65368e+14	2.82545e-11
7.67131e+14	2.83924e-11
7.68895e+14	2.85295e-11
7.70658e+14	2.87011e-11
7.72422e+14	2.88364e-11
7.74185e+14	2.9007e-11
7.75949e+14	2.91436e-11
7.77712e+14	2.92761e-11
7.79476e+14	2.94449e-11
7.81239e+14	2.95784e-11
7.83003e+14	2.97084e-11
7.84766e+14	2.98777e-11
7.8653e+14	3.00057e-11
7.88293e+14	3.0133e-11
7.90057e+14	3.02998e-11
7.9182e+14	3.04278e-11
7.93584e+14	3.05521e-11
7.95347e+14	3.07165e-11
7.97111e+14	3.08388e-11
7.98874e+14	3.09625e-11
8.00638e+14	3.11247e-11
8.02401e+14	3.12463e-11
8.04165e+14	3.1364e-11
8.05928e+14	3.15237e-11
8.07692e+14	3.16418e-11
8.09456e+14	3.17996e-11
8.11219e+14	3.19159e-11
8.12983e+14	3.20306e-11
8.14746e+14	3.21855e-11
8.1651e+14	3.22982e-11
8.18273e+14	3.24094e-11
8.20037e+14	3.25617e-11
8.218e+14	3.26706e-11
8.23564e+14	3.29978e-11
8.25327e+14	3.3148e-11
8.27091e+14	3.3254e-11
8.28854e+14	3.33583e-11
8.30618e+14	3.35078e-11
8.32381e+14	3.36097e-11
8.34145e+14	3.37101e-11
8.35908e+14	3.38565e-11
8.37672e+14	3.39542e-11
8.39435e+14	3.40508e-11
8.41199e+14	3.41936e-11
8.42962e+14	3.42873e-11
8.44726e+14	3.43825e-11
8.46489e+14	3.45189e-11
8.48253e+14	3.46112e-11
8.50016e+14	3.4699e-11
8.5178e+14	3.4835e-11
8.53543e+14	3.49228e-11
8.55307e+14	3.50062e-11
8.57071e+14	3.51385e-11
8.58834e+14	3.52221e-11
8.60598e+14	3.53009e-11
8.62361e+14	3.54291e-11
8.64125e+14	3.55085e-11
8.65888e+14	3.55858e-11
8.67652e+14	3.571e-11
8.69415e+14	3.57843e-11
8.71179e+14	3.58574e-11
8.72942e+14	3.59774e-11
8.74706e+14	3.60473e-11
8.76469e+14	3.6115e-11
8.78233e+14	3.62314e-11
8.79996e+14	3.62963e-11
8.8176e+14	3.63595e-11
8.83523e+14	3.64711e-11
8.85287e+14	3.65313e-11
8.8705e+14	3.65896e-11
8.88814e+14	3.66967e-11
8.90577e+14	3.67556e-11
8.92341e+14	3.6809e-11
8.94104e+14	3.69121e-11
8.95868e+14	3.69654e-11
8.97631e+14	3.70139e-11
8.99395e+14	3.71121e-11
9.01159e+14	3.71608e-11
9.02922e+14	3.72041e-11
9.04686e+14	3.72489e-11
9.06449e+14	3.73414e-11
9.08213e+14	3.73825e-11
9.09976e+14	3.74192e-11
9.1174e+14	3.75097e-11
9.13503e+14	3.75468e-11
9.15267e+14	3.75778e-11
9.1703e+14	3.76639e-11
9.18794e+14	3.76952e-11
9.20557e+14	3.77213e-11
9.22321e+14	3.78025e-11
9.24084e+14	3.78284e-11
9.25848e+14	3.78525e-11
9.27611e+14	3.79294e-11
9.29375e+14	3.79463e-11
9.31138e+14	3.79653e-11
9.32902e+14	3.79824e-11
9.34665e+14	3.80523e-11
9.36429e+14	3.83195e-11
9.38192e+14	3.83315e-11
9.39956e+14	3.83969e-11
9.41719e+14	3.84055e-11
9.43483e+14	3.84114e-11
9.45247e+14	3.84756e-11
9.4701e+14	3.84784e-11
9.48774e+14	3.84796e-11
9.50537e+14	3.84783e-11
9.52301e+14	3.8532e-11
9.54064e+14	3.85277e-11
9.55828e+14	3.85248e-11
9.57591e+14	3.85734e-11
9.59355e+14	3.85635e-11
9.61118e+14	3.85554e-11
9.62882e+14	3.85986e-11
9.64645e+14	3.8587e-11
9.66409e+14	3.857e-11
9.68172e+14	3.85507e-11
9.69936e+14	3.85908e-11
9.71699e+14	3.85685e-11
9.73463e+14	3.85479e-11
9.75226e+14	3.8583e-11
9.7699e+14	3.85548e-11
9.78753e+14	3.85287e-11
9.80517e+14	3.84973e-11
9.8228e+14	3.85253e-11
9.84044e+14	3.84939e-11
9.85807e+14	3.84566e-11
9.87571e+14	3.84802e-11
9.89335e+14	3.84431e-11
9.91098e+14	3.8405e-11
9.92862e+14	3.83645e-11
9.94625e+14	3.83804e-11
9.96389e+14	3.83333e-11
9.98152e+14	3.82874e-11
9.99916e+14	3.82987e-11
1.00168e+15	3.82498e-11
1.00344e+15	3.8199e-11
1.00521e+15	3.81464e-11
1.00697e+15	3.81509e-11
1.00873e+15	3.8095e-11
1.0105e+15	3.80374e-11
1.01226e+15	3.8037e-11
1.01402e+15	3.79797e-11
1.01579e+15	3.79172e-11
1.01755e+15	3.78523e-11
1.01931e+15	3.78456e-11
1.02108e+15	3.7778e-11
1.02284e+15	3.77121e-11
1.0246e+15	3.76412e-11
1.02637e+15	3.76277e-11
1.02813e+15	3.75534e-11
1.0299e+15	3.74812e-11
1.03166e+15	3.74629e-11
1.03342e+15	3.73872e-11
1.03519e+15	3.73069e-11
1.03695e+15	3.72251e-11
1.03871e+15	3.72037e-11
1.04048e+15	3.71184e-11
1.04224e+15	3.70356e-11
1.044e+15	3.69507e-11
1.04577e+15	3.69196e-11
1.04753e+15	3.68318e-11
1.04929e+15	3.6739e-11
1.05106e+15	3.6707e-11
1.05282e+15	3.68575e-11
1.05458e+15	3.67597e-11
1.05635e+15	3.66642e-11
1.05811e+15	3.66259e-11
1.05988e+15	3.65236e-11
1.06164e+15	3.64236e-11
1.0634e+15	3.63216e-11
1.06517e+15	3.62776e-11
1.06693e+15	3.61733e-11
1.06869e+15	3.60673e-11
1.07046e+15	3.59609e-11
1.07222e+15	3.59072e-11
1.07398e+15	3.57971e-11
1.07575e+15	3.56864e-11
1.07751e+15	3.55735e-11
1.07927e+15	3.55184e-11
1.08104e+15	3.54033e-11
1.0828e+15	3.52866e-11
1.08456e+15	3.51727e-11
1.08633e+15	3.51117e-11
1.08809e+15	3.49916e-11
1.08986e+15	3.48701e-11
1.09162e+15	3.47476e-11
1.09338e+15	3.46815e-11
1.09515e+15	3.456e-11
1.09691e+15	3.44337e-11
1.09867e+15	3.43064e-11
1.10044e+15	3.42352e-11
1.1022e+15	3.4109e-11
1.10396e+15	3.39782e-11
1.10573e+15	3.38465e-11
1.10749e+15	3.37737e-11
1.10925e+15	3.364e-11
1.11102e+15	3.35048e-11
1.11278e+15	3.33717e-11
1.11454e+15	3.3291e-11
1.11631e+15	3.31563e-11
1.11807e+15	3.30172e-11
1.11983e+15	3.28805e-11
1.1216e+15	3.27951e-11
1.12336e+15	3.26565e-11
1.12513e+15	3.25167e-11
1.12689e+15	3.23728e-11
1.12865e+15	3.22312e-11
1.13042e+15	3.21405e-11
1.13218e+15	3.19972e-11
1.13394e+15	3.18531e-11
1.13571e+15	3.17049e-11
1.13747e+15	3.16134e-11
1.13923e+15	3.14663e-11
1.141e+15	3.13192e-11
1.14276e+15	3.1171e-11
1.14452e+15	3.10724e-11
1.14629e+15	3.09223e-11
1.14805e+15	3.07716e-11
1.14981e+15	3.06203e-11
1.15158e+15	3.04683e-11
1.15334e+15	3.03685e-11
1.15511e+15	3.0215e-11
1.15687e+15	3.00609e-11
1.15863e+15	2.99063e-11
1.1604e+15	2.97997e-11
1.16216e+15	2.96436e-11
1.16392e+15	2.94904e-11
1.16569e+15	2.93329e-11
1.16745e+15	2.91751e-11
1.16921e+15	2.90681e-11
1.17098e+15	2.89091e-11
1.17274e+15	2.87496e-11
1.1745e+15	2.87783e-11
1.17627e+15	2.86678e-11
1.17803e+15	2.85058e-11
1.17979e+15	2.83463e-11
1.18156e+15	2.81831e-11
1.18332e+15	2.802e-11
1.18509e+15	2.79061e-11
1.18685e+15	2.77448e-11
1.18861e+15	2.75799e-11
1.19038e+15	2.7415e-11
1.19214e+15	2.73021e-11
1.1939e+15	2.71361e-11
1.19567e+15	2.69699e-11
1.19743e+15	2.68068e-11
1.19919e+15	2.66398e-11
1.20096e+15	2.65242e-11
1.20272e+15	2.63568e-11
1.20448e+15	2.61922e-11
1.20625e+15	2.60244e-11
1.20801e+15	2.58593e-11
1.20977e+15	2.57385e-11
1.21154e+15	2.55731e-11
1.2133e+15	2.54044e-11
1.21507e+15	2.52385e-11
1.21683e+15	2.50697e-11
1.21859e+15	2.49496e-11
1.22036e+15	2.47831e-11
1.22212e+15	2.46141e-11
1.22388e+15	2.44477e-11
1.22565e+15	2.42813e-11
1.22741e+15	2.41566e-11
1.22917e+15	2.39897e-11
1.23094e+15	2.38231e-11
1.2327e+15	2.36536e-11
1.23446e+15	2.34869e-11
1.23623e+15	2.33638e-11
1.23799e+15	2.31971e-11
1.23975e+15	2.30303e-11
1.24152e+15	2.28636e-11
1.24328e+15	2.26943e-11
1.24504e+15	2.25704e-11
1.24681e+15	2.24039e-11
1.24857e+15	2.22375e-11
1.25034e+15	2.20711e-11
1.2521e+15	2.1905e-11
1.25386e+15	2.17804e-11
1.25563e+15	2.16142e-11
1.25739e+15	2.14488e-11
1.25915e+15	2.12834e-11
1.26092e+15	2.11179e-11
1.26268e+15	2.09929e-11
1.26444e+15	2.08278e-11
1.26621e+15	2.06633e-11
1.26797e+15	2.04989e-11
1.26973e+15	2.03345e-11
1.2715e+15	2.02095e-11
1.27326e+15	2.00483e-11
1.27502e+15	1.98848e-11
1.27679e+15	1.97218e-11
1.27855e+15	1.95589e-11
1.28032e+15	1.93966e-11
1.28208e+15	1.92719e-11
1.28384e+15	1.91123e-11
1.28561e+15	1.89511e-11
1.28737e+15	1.87899e-11
1.28913e+15	1.86295e-11
1.2909e+15	1.85076e-11
1.29266e+15	1.83475e-11
1.29442e+15	1.81882e-11
1.29619e+15	1.80312e-11
1.29795e+15	1.78729e-11
1.29971e+15	1.77168e-11
1.30148e+15	1.7594e-11
1.30324e+15	1.74367e-11
1.305e+15	1.73955e-11
1.30677e+15	1.72382e-11
1.30853e+15	1.70835e-11
1.3103e+15	1.69273e-11
1.31206e+15	1.68074e-11
1.31382e+15	1.6652e-11
1.31559e+15	1.64993e-11
1.31735e+15	1.63453e-11
1.31911e+15	1.61936e-11
1.32088e+15	1.60728e-11
1.32264e+15	1.59223e-11
1.3244e+15	1.57703e-11
1.32617e+15	1.5621e-11
1.32793e+15	1.54722e-11
1.32969e+15	1.53223e-11
1.33146e+15	1.52054e-11
1.33322e+15	1.50583e-11
1.33498e+15	1.49101e-11
1.33675e+15	1.47643e-11
1.33851e+15	1.46191e-11
1.34027e+15	1.44729e-11
1.34204e+15	1.43585e-11
1.3438e+15	1.42151e-11
1.34557e+15	1.40725e-11
1.34733e+15	1.3929e-11
1.34909e+15	1.37878e-11
1.35086e+15	1.36473e-11
1.35262e+15	1.35354e-11
1.35438e+15	1.33959e-11
1.35615e+15	1.32575e-11
1.35791e+15	1.31181e-11
1.35967e+15	1.2981e-11
1.36144e+15	1.28447e-11
1.3632e+15	1.27356e-11
1.36496e+15	1.26006e-11
1.36673e+15	1.24663e-11
1.36849e+15	1.23329e-11
1.37025e+15	1.22002e-11
1.37202e+15	1.20683e-11
1.37378e+15	1.19371e-11
1.37555e+15	1.18314e-11
1.37731e+15	1.17015e-11
1.37907e+15	1.15727e-11
1.38084e+15	1.14444e-11
1.3826e+15	1.13171e-11
1.38436e+15	1.11906e-11
1.38613e+15	1.10881e-11
1.38789e+15	1.09631e-11
1.38965e+15	1.08387e-11
1.39142e+15	1.07152e-11
1.39318e+15	1.05937e-11
1.39494e+15	1.04719e-11
1.39671e+15	1.03508e-11
1.39847e+15	1.02525e-11
1.40023e+15	1.0133e-11
1.402e+15	1.00142e-11
1.40376e+15	9.89739e-12
1.40553e+15	9.78035e-12
1.40729e+15	9.66418e-12
1.40905e+15	9.56928e-12
1.41082e+15	9.45581e-12
1.41258e+15	9.34197e-12
1.41434e+15	9.22888e-12
1.41611e+15	9.11781e-12
1.41787e+15	9.00642e-12
1.41963e+15	8.89595e-12
1.4214e+15	8.80649e-12
1.42316e+15	8.69753e-12
1.42492e+15	8.58932e-12
1.42669e+15	8.48318e-12
1.42845e+15	8.37681e-12
1.43021e+15	8.27124e-12
1.43198e+15	8.16757e-12
1.43374e+15	8.08146e-12
1.4355e+15	7.9793e-12
1.43727e+15	7.87698e-12
1.43903e+15	7.77652e-12
1.4408e+15	7.72605e-12
1.44256e+15	7.62658e-12
1.44432e+15	7.52707e-12
1.44609e+15	7.44575e-12
1.44785e+15	7.34777e-12
1.44961e+15	7.25162e-12
1.45138e+15	7.15535e-12
1.45314e+15	7.06077e-12
1.4549e+15	6.96617e-12
1.45667e+15	6.87336e-12
1.45843e+15	6.78144e-12
1.46019e+15	6.70441e-12
1.46196e+15	6.61386e-12
1.46372e+15	6.5242e-12
1.46548e+15	6.43461e-12
1.46725e+15	6.34664e-12
1.46901e+15	6.25951e-12
1.47078e+15	6.17241e-12
1.47254e+15	6.10072e-12
1.4743e+15	6.01582e-12
1.47607e+15	5.93101e-12
1.47783e+15	5.84791e-12
1.47959e+15	5.76552e-12
1.48136e+15	5.68397e-12
1.48312e+15	5.60255e-12
1.48488e+15	5.52263e-12
1.48665e+15	5.45597e-12
1.48841e+15	5.37753e-12
1.49017e+15	5.29985e-12
1.49194e+15	5.22242e-12
1.4937e+15	5.14634e-12
1.49546e+15	5.07108e-12
1.49723e+15	4.99662e-12
1.49899e+15	4.92297e-12
1.50076e+15	4.86127e-12
1.50252e+15	4.78896e-12
1.50428e+15	4.71688e-12
1.50605e+15	4.64624e-12
1.50781e+15	4.57634e-12
1.50957e+15	4.50718e-12
1.51134e+15	4.4388e-12
1.5131e+15	4.3712e-12
1.51486e+15	4.31438e-12
1.51663e+15	4.2481e-12
1.51839e+15	4.18262e-12
1.52015e+15	4.11786e-12
1.52192e+15	4.05387e-12
1.52368e+15	3.99059e-12
1.52544e+15	3.92807e-12
1.52721e+15	3.86623e-12
1.52897e+15	3.81412e-12
1.53074e+15	3.75365e-12
1.5325e+15	3.69388e-12
1.53426e+15	3.6353e-12
1.53603e+15	3.57699e-12
1.53779e+15	3.51936e-12
1.53955e+15	3.46244e-12
1.54132e+15	3.40615e-12
1.54308e+15	3.35859e-12
1.54484e+15	3.30362e-12
1.54661e+15	3.24932e-12
1.54837e+15	3.19612e-12
1.55013e+15	3.14318e-12
1.5519e+15	3.09089e-12
1.55366e+15	3.03929e-12
1.55542e+15	2.98833e-12
1.55719e+15	2.93842e-12
1.55895e+15	2.89572e-12
1.56071e+15	2.84662e-12
1.56248e+15	2.79818e-12
1.56424e+15	2.75069e-12
1.56601e+15	2.7035e-12
1.56777e+15	2.65693e-12
1.56953e+15	2.61099e-12
1.5713e+15	2.56599e-12
1.57306e+15	2.52125e-12
1.57482e+15	2.48314e-12
1.57659e+15	2.43986e-12
1.57835e+15	2.39686e-12
1.58011e+15	2.35441e-12
1.58188e+15	2.32792e-12
1.58364e+15	2.2864e-12
1.5854e+15	2.24576e-12
1.58717e+15	2.2054e-12
1.58893e+15	2.16559e-12
1.59069e+15	2.13189e-12
1.59246e+15	2.0931e-12
1.59422e+15	2.05517e-12
1.59599e+15	2.01752e-12
1.59775e+15	1.98069e-12
1.59951e+15	1.94411e-12
1.60128e+15	1.90807e-12
1.60304e+15	1.87281e-12
1.6048e+15	1.83782e-12
1.60657e+15	1.80811e-12
1.60833e+15	1.77407e-12
1.61009e+15	1.74079e-12
1.61186e+15	1.70778e-12
1.61362e+15	1.67552e-12
1.61538e+15	1.64372e-12
1.61715e+15	1.61217e-12
1.61891e+15	1.58136e-12
1.62067e+15	1.55078e-12
1.62244e+15	1.52091e-12
1.6242e+15	1.49505e-12
1.62597e+15	1.46602e-12
1.62773e+15	1.43744e-12
1.62949e+15	1.40914e-12
1.63126e+15	1.38147e-12
1.63302e+15	1.35406e-12
1.63478e+15	1.32728e-12
1.63655e+15	1.3009e-12
1.63831e+15	1.27478e-12
1.64007e+15	1.24928e-12
1.64184e+15	1.22732e-12
1.6436e+15	1.20239e-12
1.64536e+15	1.17805e-12
1.64713e+15	1.15413e-12
1.64889e+15	1.13059e-12
1.65065e+15	1.10729e-12
1.65242e+15	1.08455e-12
1.65418e+15	1.06218e-12
1.65594e+15	1.04003e-12
1.65771e+15	1.01842e-12
1.65947e+15	9.99754e-13
1.66124e+15	9.78843e-13
1.663e+15	9.58133e-13
1.66476e+15	9.3791e-13
1.66653e+15	9.1805e-13
1.66829e+15	8.98546e-13
1.67005e+15	8.79376e-13
1.67182e+15	8.60423e-13
1.67358e+15	8.41927e-13
1.67534e+15	8.2376e-13
1.67711e+15	8.05922e-13
1.67887e+15	7.90473e-13
1.68063e+15	7.73226e-13
1.6824e+15	7.563e-13
1.68416e+15	7.39561e-13
1.68592e+15	7.23241e-13
1.68769e+15	7.0723e-13
1.68945e+15	6.91506e-13
1.69122e+15	6.7607e-13
1.69298e+15	6.60926e-13
1.69474e+15	6.46067e-13
1.69651e+15	6.31484e-13
1.69827e+15	6.18837e-13
1.70003e+15	6.0477e-13
1.7018e+15	5.90968e-13
1.70356e+15	5.77433e-13
1.70532e+15	5.64155e-13
1.70709e+15	5.51134e-13
1.70885e+15	5.38366e-13
1.71061e+15	5.25854e-13
1.71238e+15	5.13583e-13
1.71414e+15	5.01552e-13
1.7159e+15	4.89761e-13
1.71767e+15	4.79494e-13
1.71943e+15	4.68139e-13
1.7212e+15	4.57007e-13
1.72296e+15	4.46097e-13
1.72472e+15	4.3541e-13
1.72649e+15	4.24942e-13
1.72825e+15	4.17373e-13
1.73001e+15	4.07258e-13
1.73178e+15	3.9736e-13
1.73354e+15	3.87663e-13
1.7353e+15	3.78162e-13
1.73707e+15	3.68862e-13
1.73883e+15	3.60747e-13
1.74059e+15	3.51862e-13
1.74236e+15	3.43119e-13
1.74412e+15	3.34557e-13
1.74588e+15	3.26175e-13
1.74765e+15	3.17974e-13
1.74941e+15	3.09946e-13
1.75117e+15	3.02094e-13
1.75294e+15	2.94458e-13
1.7547e+15	2.86943e-13
1.75647e+15	2.79589e-13
1.75823e+15	2.724e-13
1.75999e+15	2.66105e-13
1.76176e+15	2.59213e-13
1.76352e+15	2.52511e-13
1.76528e+15	2.45915e-13
1.76705e+15	2.39473e-13
1.76881e+15	2.33174e-13
1.77057e+15	2.27057e-13
1.77234e+15	2.21041e-13
1.7741e+15	2.15159e-13
1.77586e+15	2.09419e-13
1.77763e+15	2.03839e-13
1.77939e+15	1.98357e-13
1.78115e+15	1.93e-13
1.78292e+15	1.88298e-13
1.78468e+15	1.83204e-13
1.78645e+15	1.78202e-13
1.78821e+15	1.73319e-13
1.78997e+15	1.68577e-13
1.79174e+15	1.63921e-13
1.7935e+15	1.59377e-13
1.79526e+15	1.54966e-13
1.79703e+15	1.50639e-13
1.79879e+15	1.46415e-13
1.80055e+15	1.42318e-13
1.80232e+15	1.38297e-13
1.80408e+15	1.34374e-13
1.80584e+15	1.30946e-13
1.80761e+15	1.27205e-13
1.80937e+15	1.23558e-13
1.81113e+15	1.2002e-13
1.8129e+15	1.16551e-13
1.81466e+15	1.13187e-13
1.81643e+15	1.09892e-13
1.81819e+15	1.0668e-13
1.81995e+15	1.03567e-13
1.82172e+15	1.00518e-13
1.82348e+15	9.75613e-14
1.82524e+15	9.46665e-14
1.82701e+15	9.18608e-14
1.82877e+15	8.91136e-14
1.83053e+15	8.66912e-14
1.8323e+15	8.40925e-14
1.83406e+15	8.15484e-14
1.83582e+15	7.90856e-14
1.83759e+15	7.66745e-14
1.83935e+15	7.43402e-14
1.84111e+15	7.20572e-14
1.84288e+15	6.9847e-14
1.84464e+15	6.76852e-14
1.84641e+15	6.55928e-14
1.84817e+15	6.35468e-14
1.84993e+15	6.15663e-14
1.8517e+15	5.96316e-14
1.85346e+15	5.77591e-14
1.85522e+15	5.60958e-14
1.85699e+15	5.43207e-14
1.85875e+15	5.25956e-14
1.86051e+15	5.09104e-14
1.86228e+15	4.92809e-14
1.86404e+15	4.76897e-14
1.8658e+15	4.61514e-14
1.86757e+15	4.4649e-14
1.86933e+15	4.3197e-14
1.87109e+15	4.17799e-14
1.87286e+15	4.04115e-14
1.87462e+15	3.90819e-14
1.87638e+15	3.77845e-14
1.87815e+15	3.67661e-14
1.87991e+15	3.55365e-14
1.88168e+15	3.44535e-14
1.88344e+15	3.32971e-14
1.8852e+15	3.21705e-14
1.88697e+15	3.10827e-14
1.88873e+15	3.00271e-14
1.89049e+15	2.8999e-14
1.89226e+15	2.80066e-14
1.89402e+15	2.70444e-14
1.89578e+15	2.61072e-14
1.89755e+15	2.5203e-14
1.89931e+15	2.43266e-14
1.90107e+15	2.34738e-14
1.90284e+15	2.26509e-14
1.9046e+15	2.18537e-14
1.90636e+15	2.10781e-14
1.90813e+15	2.03303e-14
1.90989e+15	1.9667e-14
1.91166e+15	1.89608e-14
1.91342e+15	1.828e-14
1.91518e+15	1.76209e-14
1.91695e+15	1.69805e-14
1.91871e+15	1.63637e-14
1.92047e+15	1.57666e-14
1.92224e+15	1.51889e-14
1.924e+15	1.46278e-14
1.92576e+15	1.40877e-14
1.92753e+15	1.35655e-14
1.92929e+15	1.30603e-14
1.93105e+15	1.25699e-14
1.93282e+15	1.2098e-14
1.93458e+15	1.1642e-14
1.93634e+15	1.12012e-14
1.93811e+15	1.08078e-14
1.93987e+15	1.03954e-14
1.94164e+15	9.99709e-15
1.9434e+15	9.6124e-15
1.94516e+15	9.24113e-15
1.94693e+15	8.88115e-15
1.94869e+15	8.53519e-15
1.95045e+15	8.20128e-15
1.95222e+15	7.87918e-15
1.95398e+15	7.56841e-15
1.95574e+15	7.26748e-15
1.95751e+15	6.97845e-15
1.95927e+15	6.69973e-15
1.96103e+15	6.43101e-15
1.9628e+15	6.17196e-15
1.96456e+15	5.92235e-15
1.96632e+15	5.68088e-15
1.96809e+15	5.46671e-15
1.96985e+15	5.2428e-15
1.97161e+15	5.02716e-15
1.97338e+15	4.81947e-15
1.97514e+15	4.61955e-15
1.97691e+15	4.42712e-15
1.97867e+15	4.2419e-15
1.98043e+15	4.06295e-15
1.9822e+15	3.89151e-15
1.98396e+15	3.72667e-15
1.98572e+15	3.56801e-15
1.98749e+15	3.41549e-15
1.98925e+15	3.26894e-15
1.99101e+15	3.12801e-15
1.99278e+15	2.9926e-15
1.99454e+15	2.86243e-15
1.9963e+15	2.73689e-15
1.99807e+15	2.6168e-15
1.99983e+15	2.50153e-15
2.00159e+15	2.39871e-15
2.00336e+15	2.29208e-15
2.00512e+15	2.18975e-15
2.00689e+15	2.09158e-15
2.00865e+15	1.99737e-15
2.01041e+15	1.90705e-15
2.01218e+15	1.82039e-15
2.01394e+15	1.73732e-15
2.0157e+15	1.65766e-15
2.01747e+15	1.58132e-15
2.01923e+15	1.50819e-15
2.02099e+15	1.43814e-15
2.02276e+15	1.37103e-15
2.02452e+15	1.30676e-15
2.02628e+15	1.24521e-15
2.02805e+15	1.1863e-15
2.02981e+15	1.13716e-15
2.03157e+15	1.08289e-15
2.03334e+15	1.03096e-15
2.0351e+15	9.84625e-16
2.03687e+15	9.36983e-16
2.03863e+15	8.9144e-16
2.04039e+15	8.47914e-16
2.04216e+15	8.06312e-16
2.04392e+15	7.66574e-16
2.04568e+15	7.28616e-16
2.04745e+15	6.92375e-16
2.04921e+15	6.57771e-16
2.05097e+15	6.2474e-16
2.05274e+15	5.9323e-16
2.0545e+15	5.63168e-16
2.05626e+15	5.3449e-16
2.05803e+15	5.07152e-16
2.05979e+15	4.81088e-16
2.06155e+15	4.56239e-16
2.06332e+15	4.32567e-16
2.06508e+15	4.10014e-16
2.06684e+15	3.88533e-16
2.06861e+15	3.68079e-16
2.07037e+15	3.49824e-16
2.07214e+15	3.31238e-16
2.0739e+15	3.13555e-16
2.07566e+15	2.96734e-16
2.07743e+15	2.80735e-16
2.07919e+15	2.65524e-16
2.08095e+15	2.51116e-16
2.08272e+15	2.37376e-16
2.08448e+15	2.2433e-16
2.08624e+15	2.11938e-16
2.08801e+15	2.0017e-16
2.08977e+15	1.89e-16
2.09153e+15	1.78403e-16
2.0933e+15	1.68351e-16
2.09506e+15	1.58817e-16
2.09682e+15	1.49778e-16
2.09859e+15	1.4121e-16
2.10035e+15	1.33117e-16
2.10212e+15	1.25426e-16
2.10388e+15	1.18143e-16
2.10564e+15	1.11247e-16
2.10741e+15	1.05094e-16
2.10917e+15	9.8897e-17
2.11093e+15	9.30373e-17
2.1127e+15	8.74953e-17
2.11446e+15	8.22713e-17
2.11622e+15	7.73196e-17
2.11799e+15	7.26419e-17
2.11975e+15	6.82241e-17
2.12151e+15	6.40541e-17
2.12328e+15	6.01175e-17
2.12504e+15	5.64033e-17
2.1268e+15	5.29006e-17
2.12857e+15	4.96077e-17
2.13033e+15	4.64942e-17
2.1321e+15	4.35602e-17
2.13386e+15	4.0797e-17
2.13562e+15	3.81954e-17
2.13739e+15	3.57464e-17
2.13915e+15	3.34483e-17
2.14091e+15	3.12801e-17
2.14268e+15	2.92414e-17
2.14444e+15	2.73251e-17
2.1462e+15	2.55243e-17
2.14797e+15	2.39207e-17
2.14973e+15	2.23275e-17
2.15149e+15	2.08359e-17
2.15326e+15	1.94325e-17
2.15502e+15	1.81164e-17
2.15678e+15	1.68822e-17
2.15855e+15	1.57259e-17
2.16031e+15	1.46455e-17
2.16208e+15	1.36309e-17
2.16384e+15	1.26814e-17
2.1656e+15	1.1793e-17
2.16737e+15	1.0962e-17
2.16913e+15	1.0185e-17
2.17089e+15	9.46075e-18
2.17266e+15	8.78241e-18
2.17442e+15	8.20104e-18
2.17618e+15	7.60611e-18
2.17795e+15	7.05109e-18
2.17971e+15	6.53487e-18
2.18147e+15	6.05231e-18
2.18324e+15	5.60281e-18
2.185e+15	5.18419e-18
2.18676e+15	4.79454e-18
2.18853e+15	4.43287e-18
2.19029e+15	4.09567e-18
2.19205e+15	3.7965e-18
2.19382e+15	3.50413e-18
2.19558e+15	3.23276e-18
2.19735e+15	2.98135e-18
2.19911e+15	2.74753e-18
2.20087e+15	2.53069e-18
2.20264e+15	2.3297e-18
2.2044e+15	2.14353e-18
2.20616e+15	1.97157e-18
2.20793e+15	1.81201e-18
2.20969e+15	1.66445e-18
2.21145e+15	1.52804e-18
2.21322e+15	1.40199e-18
2.21498e+15	1.28588e-18
2.21674e+15	1.17844e-18
2.21851e+15	1.07934e-18
2.22027e+15	9.87961e-19
2.22203e+15	9.0378e-19
2.2238e+15	8.26437e-19
2.22556e+15	7.55102e-19
2.22733e+15	6.8948e-19
2.22909e+15	6.29148e-19
2.23085e+15	5.73732e-19
2.23262e+15	5.22961e-19
2.23438e+15	4.76274e-19
2.23614e+15	4.33457e-19
2.23791e+15	3.95777e-19
2.23967e+15	3.59785e-19
2.24143e+15	3.26771e-19
2.2432e+15	2.96573e-19
2.24496e+15	2.68975e-19
2.24672e+15	2.43767e-19
2.24849e+15	2.20805e-19
2.25025e+15	1.9982e-19
2.25201e+15	1.80688e-19
2.25378e+15	1.63267e-19
2.25554e+15	1.47408e-19
2.25731e+15	1.33015e-19
2.25907e+15	1.19906e-19
2.26083e+15	1.08002e-19
2.2626e+15	9.71992e-20
2.26436e+15	8.74046e-20
2.26612e+15	7.85466e-20
2.26789e+15	7.05111e-20
2.26965e+15	6.32438e-20
2.27141e+15	5.66756e-20
2.27318e+15	5.07553e-20
2.27494e+15	4.54023e-20
2.2767e+15	4.05763e-20
2.27847e+15	3.62294e-20
2.28023e+15	3.23173e-20
2.28199e+15	2.88062e-20
2.28376e+15	2.56467e-20
2.28552e+15	2.28104e-20
2.28728e+15	2.03499e-20
2.28905e+15	1.80633e-20
2.29081e+15	1.60199e-20
2.29258e+15	1.41898e-20
2.29434e+15	1.25553e-20
2.2961e+15	1.10969e-20
2.29787e+15	9.79719e-21
2.29963e+15	8.64166e-21
2.30139e+15	7.61216e-21
2.30316e+15	6.69734e-21
2.30492e+15	5.88555e-21
2.30668e+15	5.16602e-21
2.30845e+15	4.55738e-21
2.31021e+15	3.99115e-21
2.31197e+15	3.49005e-21
2.31374e+15	3.04796e-21
2.3155e+15	2.65836e-21
2.31726e+15	2.31544e-21
2.31903e+15	2.01401e-21
2.32079e+15	1.74979e-21
2.32256e+15	1.51774e-21
2.32432e+15	1.31455e-21
2.32608e+15	1.13693e-21
2.32785e+15	9.81823e-22
2.32961e+15	8.4658e-22
2.33137e+15	7.28988e-22
2.33314e+15	6.26596e-22
2.3349e+15	5.37714e-22
2.33666e+15	4.60677e-22
2.33843e+15	3.94019e-22
2.34019e+15	3.36426e-22
2.34195e+15	2.8797e-22
2.34372e+15	2.45011e-22
2.34548e+15	2.08122e-22
2.34724e+15	1.76419e-22
2.34901e+15	1.49261e-22
2.35077e+15	1.26036e-22
2.35254e+15	1.06217e-22
2.3543e+15	8.9329e-23
2.35606e+15	7.49693e-23
2.35783e+15	6.27845e-23
2.35959e+15	5.24658e-23
2.36135e+15	4.37452e-23
2.36312e+15	3.63986e-23
2.36488e+15	3.02081e-23
2.36664e+15	2.50104e-23
2.36841e+15	2.06562e-23
2.37017e+15	1.70173e-23
2.37193e+15	1.39831e-23
2.3737e+15	1.14598e-23
2.37546e+15	9.36603e-24
2.37722e+15	7.6338e-24
2.37899e+15	6.204e-24
2.38075e+15	5.02723e-24
2.38251e+15	4.0613e-24
2.38428e+15	3.27082e-24
2.38604e+15	2.62584e-24
2.38781e+15	2.1011e-24
2.38957e+15	1.67556e-24
2.39133e+15	1.33157e-24
2.3931e+15	1.05443e-24
2.39486e+15	8.31892e-25
2.39662e+15	6.53831e-25
2.39839e+15	5.1187e-25
2.40015e+15	3.99114e-25
2.40191e+15	3.113e-25
2.40368e+15	2.40679e-25
2.40544e+15	1.85247e-25
2.4072e+15	1.41929e-25
2.40897e+15	1.08222e-25
2.41073e+15	8.21165e-26
2.41249e+15	6.19902e-26
2.41426e+15	4.65496e-26
2.41602e+15	3.47546e-26
2.41779e+15	2.58073e-26
2.41955e+15	1.90502e-26
2.42131e+15	1.39761e-26
2.42308e+15	1.01882e-26
2.42484e+15	7.42406e-27
2.4266e+15	5.33885e-27
2.42837e+15	3.81171e-27
2.43013e+15	2.70092e-27
2.43189e+15	1.89879e-27
2.43366e+15	1.32363e-27
2.43542e+15	9.1497e-28
2.43718e+15	6.26806e-28
2.43895e+15	4.25351e-28
2.44071e+15	2.85788e-28
2.44247e+15	1.90019e-28
2.44424e+15	1.24956e-28
2.446e+15	8.12042e-29
2.44777e+15	5.21426e-29
2.44953e+15	3.30499e-29
2.45129e+15	2.06627e-29
2.45306e+15	1.2732e-29
2.45482e+15	7.72292e-30
2.45658e+15	4.60922e-30
2.45835e+15	2.70301e-30
2.46011e+15	1.55567e-30
2.46187e+15	8.77491e-31
2.46364e+15	4.84256e-31
2.4654e+15	2.61164e-31
2.46716e+15	1.38007e-31
2.46893e+15	7.06117e-32
2.47069e+15	3.50825e-32
2.47245e+15	1.68761e-32
2.47422e+15	7.83559e-33
2.47598e+15	3.49807e-33
2.47775e+15	1.49619e-33
2.47951e+15	6.09998e-34
2.48127e+15	2.35673e-34
2.48304e+15	8.57453e-35
2.4848e+15	2.9134e-35
2.48656e+15	9.15183e-36
2.48833e+15	2.6272e-36
2.49009e+15	6.78502e-37
2.49185e+15	1.54701e-37
2.49362e+15	3.03573e-38
2.49538e+15	4.95569e-39
2.49714e+15	6.42736e-40
2.49891e+15	6.19176e-41
2.50067e+15	4.00751e-42
2.50243e+15	1.47977e-43
2.5042e+15	2.33479e-45
2.50596e+15	8.68117e-48
2.50772e+15	1.57375e-51
2.50949e+15	4.92277e-60
2.51125e+15	4.24753e-17
2.51302e+15	3.12159e-16
2.51478e+15	8.14296e-16
2.51654e+15	1.52995e-15
2.51831e+15	2.44095e-15
2.52007e+15	3.53065e-15
2.52183e+15	4.80998e-15
2.5236e+15	6.21175e-15
2.52536e+15	7.74385e-15
2.52712e+15	9.38671e-15
2.52889e+15	1.11266e-14
2.53065e+15	1.29486e-14
2.53241e+15	1.48427e-14
2.53418e+15	1.67868e-14
2.53594e+15	1.87715e-14
2.5377e+15	2.07843e-14
2.53947e+15	2.28119e-14
2.54123e+15	2.48426e-14
2.543e+15	2.70137e-14
2.54476e+15	2.90293e-14
2.54652e+15	3.10156e-14
2.54829e+15	3.29621e-14
2.55005e+15	3.48596e-14
2.55181e+15	3.67e-14
2.55358e+15	3.84738e-14
2.55534e+15	4.01737e-14
2.5571e+15	4.17859e-14
2.55887e+15	4.33205e-14
2.56063e+15	4.47602e-14
2.56239e+15	4.60996e-14
2.56416e+15	4.7334e-14
2.56592e+15	4.8458e-14
2.56768e+15	4.94652e-14
2.56945e+15	5.03532e-14
2.57121e+15	5.11192e-14
2.57298e+15	5.17585e-14
2.57474e+15	5.227e-14
2.5765e+15	5.26523e-14
2.57827e+15	5.29033e-14
2.58003e+15	5.3021e-14
2.58179e+15	5.30054e-14
2.58356e+15	5.28584e-14
2.58532e+15	5.25782e-14
2.58708e+15	5.21664e-14
2.58885e+15	5.1627e-14
2.59061e+15	5.09583e-14
2.59237e+15	5.01655e-14
2.59414e+15	4.92507e-14
2.5959e+15	4.85171e-14
2.59766e+15	4.73619e-14
2.59943e+15	4.61101e-14
2.60119e+15	4.47389e-14
2.60295e+15	4.32685e-14
2.60472e+15	4.17048e-14
2.60648e+15	4.00534e-14
2.60825e+15	3.83226e-14
2.61001e+15	3.65204e-14
2.61177e+15	3.46538e-14
2.61354e+15	3.2731e-14
2.6153e+15	3.07721e-14
2.61706e+15	2.87658e-14
2.61883e+15	2.67327e-14
2.62059e+15	2.46836e-14
2.62235e+15	2.26296e-14
2.62412e+15	2.0582e-14
2.62588e+15	1.85537e-14
2.62764e+15	1.65611e-14
2.62941e+15	1.46928e-14
2.63117e+15	1.27855e-14
2.63293e+15	1.09503e-14
2.6347e+15	9.20192e-15
2.63646e+15	7.55788e-15
2.63823e+15	6.02826e-15
2.63999e+15	4.63229e-15
2.64175e+15	3.3863e-15
2.64352e+15	2.30741e-15
2.64528e+15	1.41365e-15
2.64704e+15	7.21832e-16
2.64881e+15	2.51179e-16
2.65057e+15	2.06435e-17
2.65233e+15	0
2.6541e+15	0
2.65586e+15	0
2.65762e+15	0
2.65939e+15	0
2.66115e+15	0
2.66291e+15	0
2.66468e+15	0
2.66644e+15	0
2.66821e+15	0
2.66997e+15	0
2.67173e+15	0
2.6735e+15	0
2.67526e+15	0
2.67702e+15	0
2.67879e+15	0
2.68055e+15	0
2.68231e+15	0
2.68408e+15	0
2.68584e+15	0
2.6876e+15	0
2.68937e+15	0
2.69113e+15	0
2.69289e+15	0
2.69466e+15	0
2.69642e+15	0
2.69819e+15	0
2.69995e+15	0
2.70171e+15	0
2.70348e+15	0
2.70524e+15	0
2.707e+15	0
2.70877e+15	0
2.71053e+15	0
2.71229e+15	0
2.71406e+15	0
2.71582e+15	0
2.71758e+15	0
2.71935e+15	0
2.72111e+15	0
2.72287e+15	0
2.72464e+15	0
2.7264e+15	0
2.72816e+15	0
2.72993e+15	0
2.73169e+15	0
2.73346e+15	0
2.73522e+15	0
2.73698e+15	0
2.73875e+15	0
2.74051e+15	0
2.74227e+15	0
2.74404e+15	0
2.7458e+15	0
2.74756e+15	0
2.74933e+15	0
2.75109e+15	0
2.75285e+15	0
2.75462e+15	0
2.75638e+15	0
2.75814e+15	0
2.75991e+15	0
2.76167e+15	0
2.76344e+15	0
2.7652e+15	0
2.76696e+15	0
2.76873e+15	0
2.77049e+15	0
2.77225e+15	0
2.77402e+15	0
2.77578e+15	0
2.77754e+15	0
2.77931e+15	0
2.78107e+15	0
2.78283e+15	0
2.7846e+15	0
2.78636e+15	0
2.78812e+15	0
2.78989e+15	0
2.79165e+15	0
2.79342e+15	0
2.79518e+15	0
2.79694e+15	0
2.79871e+15	0
2.80047e+15	0
2.80223e+15	0
2.804e+15	0
2.80576e+15	0
2.80752e+15	0
2.80929e+15	0
2.81105e+15	0
2.81281e+15	0
2.81458e+15	0
2.81634e+15	0
2.8181e+15	0
2.81987e+15	0
2.82163e+15	0
2.82339e+15	0
2.82516e+15	0
2.82692e+15	0
2.82869e+15	0
2.83045e+15	0
2.83221e+15	0
2.83398e+15	0
2.83574e+15	0
2.8375e+15	0
2.83927e+15	0
2.84103e+15	0
2.84279e+15	0
2.84456e+15	0
2.84632e+15	0
2.84808e+15	0
2.84985e+15	0
2.85161e+15	0
2.85337e+15	0
2.85514e+15	0
2.8569e+15	0
2.85867e+15	0
2.86043e+15	0
2.86219e+15	0
2.86396e+15	0
2.86572e+15	0
2.86748e+15	0
2.86925e+15	0
2.87101e+15	0
2.87277e+15	0
2.87454e+15	0
2.8763e+15	0
2.87806e+15	0
2.87983e+15	0
2.88159e+15	0
2.88335e+15	0
2.88512e+15	0
2.88688e+15	0
2.88865e+15	0
2.89041e+15	0
2.89217e+15	0
2.89394e+15	0
2.8957e+15	0
2.89746e+15	0
2.89923e+15	0
2.90099e+15	0
2.90275e+15	0
2.90452e+15	0
2.90628e+15	0
2.90804e+15	0
2.90981e+15	0
2.91157e+15	0
2.91333e+15	0
2.9151e+15	0
2.91686e+15	0
2.91862e+15	0
2.92039e+15	0
2.92215e+15	0
2.92392e+15	0
2.92568e+15	0
2.92744e+15	0
2.92921e+15	0
2.93097e+15	0
2.93273e+15	0
2.9345e+15	0
2.93626e+15	0
2.93802e+15	0
2.93979e+15	0
2.94155e+15	0
2.94331e+15	0
2.94508e+15	0
2.94684e+15	0
2.9486e+15	0
2.95037e+15	0
2.95213e+15	0
2.9539e+15	0
2.95566e+15	0
2.95742e+15	0
2.95919e+15	0
2.96095e+15	0
2.96271e+15	0
2.96448e+15	0
2.96624e+15	0
2.968e+15	0
2.96977e+15	0
2.97153e+15	0
2.97329e+15	0
2.97506e+15	0
2.97682e+15	0
2.97858e+15	0
2.98035e+15	0
2.98211e+15	0
2.98388e+15	0
2.98564e+15	0
2.9874e+15	0
2.98917e+15	0
2.99093e+15	0
2.99269e+15	0
2.99446e+15	0
2.99622e+15	0
2.99798e+15	0
2.99975e+15	0
3.00151e+15	0
3.00327e+15	0
3.00504e+15	0
3.0068e+15	0
3.00856e+15	0
3.01033e+15	0
3.01209e+15	0
3.01386e+15	0
3.01562e+15	0
3.01738e+15	0
3.01915e+15	0
3.02091e+15	0
3.02267e+15	0
3.02444e+15	0
3.0262e+15	0
3.02796e+15	0
3.02973e+15	0
3.03149e+15	0
3.03325e+15	0
3.03502e+15	0
3.03678e+15	0
3.03854e+15	0
3.04031e+15	0
3.04207e+15	0
3.04383e+15	0
3.0456e+15	0
3.04736e+15	0
3.04913e+15	0
3.05089e+15	0
3.05265e+15	0
3.05442e+15	0
3.05618e+15	0
3.05794e+15	0
3.05971e+15	0
3.06147e+15	0
3.06323e+15	0
3.065e+15	0
3.06676e+15	0
3.06852e+15	0
3.07029e+15	0
3.07205e+15	0
3.07381e+15	0
3.07558e+15	0
3.07734e+15	0
3.07911e+15	0
3.08087e+15	0
3.08263e+15	0
3.0844e+15	0
3.08616e+15	0
3.08792e+15	0
3.08969e+15	0
3.09145e+15	0
3.09321e+15	0
3.09498e+15	0
3.09674e+15	0
3.0985e+15	0
3.10027e+15	0
3.10203e+15	0
3.10379e+15	0
3.10556e+15	0
3.10732e+15	0
3.10909e+15	0
3.11085e+15	0
3.11261e+15	0
3.11438e+15	0
3.11614e+15	0
3.1179e+15	0
3.11967e+15	0
3.12143e+15	0
3.12319e+15	0
3.12496e+15	0
3.12672e+15	0
3.12848e+15	0
3.13025e+15	0
3.13201e+15	0
3.13377e+15	0
3.13554e+15	0
3.1373e+15	0
3.13906e+15	0
3.14083e+15	0
3.14259e+15	0
3.14436e+15	0
3.14612e+15	0
3.14788e+15	0
3.14965e+15	0
3.15141e+15	0
3.15317e+15	0
3.15494e+15	0
3.1567e+15	0
3.15846e+15	0
3.16023e+15	0
3.16199e+15	0
3.16375e+15	0
3.16552e+15	0
3.16728e+15	0
3.16904e+15	0
3.17081e+15	0
3.17257e+15	0
3.17434e+15	0
3.1761e+15	0
3.17786e+15	0
3.17963e+15	0
3.18139e+15	0
3.18315e+15	0
3.18492e+15	0
3.18668e+15	0
3.18844e+15	0
3.19021e+15	0
3.19197e+15	0
3.19373e+15	0
3.1955e+15	0
3.19726e+15	0
3.19902e+15	0
3.20079e+15	0
3.20255e+15	0
3.20432e+15	0
3.20608e+15	0
3.20784e+15	0
3.20961e+15	0
3.21137e+15	0
3.21313e+15	0
3.2149e+15	0
3.21666e+15	0
3.21842e+15	0
3.22019e+15	0
3.22195e+15	0
3.22371e+15	0
3.22548e+15	0
3.22724e+15	0
3.229e+15	0
3.23077e+15	0
3.23253e+15	0
3.23429e+15	0
3.23606e+15	0
3.23782e+15	0
3.23959e+15	0
3.24135e+15	0
3.24311e+15	0
3.24488e+15	0
3.24664e+15	0
3.2484e+15	0
3.25017e+15	0
3.25193e+15	0
3.25369e+15	0
3.25546e+15	0
3.25722e+15	0
3.25898e+15	0
3.26075e+15	0
3.26251e+15	6.5791e-20
3.26427e+15	3.5493e-19
3.26604e+15	8.62764e-19
3.2678e+15	1.57713e-18
3.26957e+15	2.48598e-18
3.27133e+15	3.57758e-18
3.27309e+15	4.84028e-18
3.27486e+15	2.41428e-22
3.27662e+15	2.97926e-22
3.27838e+15	3.57393e-22
3.28015e+15	4.19963e-22
3.28191e+15	4.84498e-22
3.28367e+15	5.5131e-22
3.28544e+15	6.18846e-22
3.2872e+15	6.87695e-22
3.28896e+15	7.57209e-22
3.29073e+15	8.25321e-22
3.29249e+15	8.94571e-22
3.29425e+15	9.62203e-22
3.29602e+15	3.29593e-17
3.29778e+15	3.56269e-17
3.29955e+15	3.83345e-17
3.30131e+15	4.10632e-17
3.30307e+15	4.38102e-17
3.30484e+15	4.65579e-17
3.3066e+15	4.93118e-17
3.30836e+15	5.20622e-17
3.31013e+15	5.47961e-17
3.31189e+15	5.75031e-17
3.31365e+15	6.02024e-17
3.31542e+15	6.28631e-17
3.31718e+15	1.92224e-17
3.31894e+15	1.99813e-17
3.32071e+15	2.07299e-17
3.32247e+15	2.14707e-17
3.32423e+15	2.21856e-17
3.326e+15	2.28887e-17
3.32776e+15	2.35736e-17
3.32953e+15	2.42377e-17
3.33129e+15	2.48886e-17
3.33305e+15	2.55095e-17
3.33482e+15	2.61103e-17
3.33658e+15	9.20794e-17
3.33834e+15	9.39637e-17
3.34011e+15	9.57403e-17
3.34187e+15	9.74432e-17
3.34363e+15	9.90204e-17
3.3454e+15	1.00519e-16
3.34716e+15	1.0191e-16
3.34892e+15	1.0321e-16
3.35069e+15	1.04409e-16
3.35245e+15	1.06029e-16
3.35421e+15	1.07027e-16
3.35598e+15	1.07922e-16
3.35774e+15	1.08706e-16
3.3595e+15	1.09351e-16
3.36127e+15	1.09909e-16
3.36303e+15	1.10374e-16
3.3648e+15	1.10725e-16
3.36656e+15	1.10947e-16
3.36832e+15	1.11636e-16
3.37009e+15	1.11655e-16
3.37185e+15	1.11594e-16
3.37361e+15	1.1139e-16
3.37538e+15	1.11083e-16
3.37714e+15	1.10677e-16
3.3789e+15	1.13178e-16
3.38067e+15	1.12578e-16
3.38243e+15	1.12475e-16
3.38419e+15	1.11682e-16
3.38596e+15	1.10814e-16
3.38772e+15	1.09803e-16
3.38948e+15	1.08746e-16
3.39125e+15	1.07543e-16
3.39301e+15	1.06306e-16
3.39478e+15	1.05485e-16
3.39654e+15	1.04062e-16
3.3983e+15	1.02551e-16
3.40007e+15	1.00951e-16
3.40183e+15	9.92965e-17
3.40359e+15	9.75419e-17
3.40536e+15	9.57237e-17
3.40712e+15	9.43235e-17
3.40888e+15	9.2366e-17
3.41065e+15	9.03433e-17
3.41241e+15	8.83224e-17
3.41417e+15	8.61822e-17
3.41594e+15	8.4042e-17
3.4177e+15	8.22534e-17
3.41946e+15	7.99974e-17
3.42123e+15	7.77192e-17
3.42299e+15	7.53998e-17
3.42476e+15	7.30573e-17
3.42652e+15	7.06926e-17
3.42828e+15	6.866e-17
3.43005e+15	6.62421e-17
3.43181e+15	6.38468e-17
3.43357e+15	6.14349e-17
3.43534e+15	5.89794e-17
3.4371e+15	5.6826e-17
3.43886e+15	5.4409e-17
3.44063e+15	5.20356e-17
3.44239e+15	4.9631e-17
3.44415e+15	4.72394e-17
3.44592e+15	4.51071e-17
3.44768e+15	4.27454e-17
3.44944e+15	4.04186e-17
3.45121e+15	3.81609e-17
3.45297e+15	3.60847e-17
3.45473e+15	3.38561e-17
3.4565e+15	3.22002e-17
3.45826e+15	3.00631e-17
3.46003e+15	2.80971e-17
3.46179e+15	2.60473e-17
3.46355e+15	2.40616e-17
3.46532e+15	2.2218e-17
3.46708e+15	2.03422e-17
3.46884e+15	1.85346e-17
3.47061e+15	1.68687e-17
3.47237e+15	1.51963e-17
3.47413e+15	1.36089e-17
