0.0015	0.311807
0.002	0.554308
0.0025	0.866076
0.003	1.24709
0.0035	1.69734
0.004	2.21681
0.0045	2.80546
0.005	3.46326
0.0055	4.19019
0.006	4.98622
0.0065	5.8513
0.007	6.78538
0.0075	7.78844
0.008	8.86041
0.0085	10.0013
0.009	11.2109
0.0095	12.4893
0.01	13.8364
0.0105	15.2521
0.011	16.7364
0.0115	18.2892
0.012	19.9104
0.0125	21.5999
0.013	23.3577
0.0135	25.1837
0.014	27.0777
0.0145	29.0397
0.015	31.0696
0.0155	33.1674
0.016	35.3328
0.0165	37.5658
0.017	39.8663
0.0175	42.2342
0.018	44.6694
0.0185	47.1717
0.019	49.741
0.0195	52.3772
0.02	55.0802
0.0205	57.8499
0.021	60.686
0.0215	63.5886
0.022	66.5574
0.0225	69.5922
0.023	72.6931
0.0235	75.8597
0.024	79.092
0.0245	82.3898
0.025	85.7529
0.0255	89.1812
0.026	92.6745
0.0265	96.2327
0.027	99.8555
0.0275	103.543
0.028	107.294
0.0285	111.11
0.029	114.99
0.0295	118.934
0.03	122.941
0.0305	127.011
0.031	131.145
0.0315	135.342
0.032	139.601
0.0325	143.923
0.033	148.308
0.0335	152.754
0.034	157.263
0.0345	161.833
0.035	166.465
0.0355	171.158
0.036	175.913
0.0365	180.728
0.037	185.604
0.0375	190.54
0.038	195.536
0.0385	200.592
0.039	205.708
0.0395	210.884
0.04	216.118
0.0405	221.412
0.041	226.764
0.0415	232.174
0.042	237.643
0.0425	243.17
0.043	248.754
0.0435	254.396
0.044	260.095
0.0445	265.85
0.045	271.662
0.0455	277.531
0.046	283.455
0.0465	289.435
0.047	295.471
0.0475	301.562
0.048	307.707
0.0485	313.907
0.049	320.162
0.0495	326.47
0.05	332.832
0.0505	339.248
0.051	345.716
0.0515	352.237
0.052	358.811
0.0525	365.437
0.053	372.114
0.0535	378.843
0.054	385.624
0.0545	392.455
0.055	399.336
0.0555	406.268
0.056	413.25
0.0565	420.281
0.057	427.361
0.0575	434.49
0.058	441.668
0.0585	448.894
0.059	456.168
0.0595	463.489
0.06	470.858
0.0605	478.273
0.061	485.734
0.0615	493.242
0.062	500.796
0.0625	508.395
0.063	516.038
0.0635	523.727
0.064	531.46
0.0645	539.236
0.065	547.057
0.0655	554.92
0.066	562.826
0.0665	570.775
0.067	578.766
0.0675	586.798
0.068	594.872
0.0685	602.986
0.069	611.142
0.0695	619.337
0.07	627.572
0.0705	635.846
0.071	644.16
0.0715	652.512
0.072	660.902
0.0725	669.33
0.073	677.795
0.0735	686.297
0.074	694.836
0.0745	703.412
0.075	712.022
0.0755	720.669
0.076	729.35
0.0765	738.066
0.077	746.816
0.0775	755.6
0.078	764.417
0.0785	773.267
0.079	782.149
0.0795	791.064
0.08	800.01
0.0805	808.987
0.081	817.995
0.0815	827.034
0.082	836.103
0.0825	845.201
0.083	854.328
0.0835	863.484
0.084	872.668
0.0845	881.88
0.085	891.12
0.0855	900.386
0.086	909.679
0.0865	918.998
0.087	928.342
0.0875	937.712
0.088	947.107
0.0885	956.526
0.089	965.969
0.0895	975.435
0.09	984.925
0.0905	994.436
0.091	1003.97
0.0915	1013.53
0.092	1023.1
0.0925	1032.7
0.093	1042.32
0.0935	1051.96
0.094	1061.61
0.0945	1071.29
0.095	1080.99
0.0955	1090.7
0.096	1100.43
0.0965	1110.18
0.097	1119.94
0.0975	1129.72
0.098	1139.52
0.0985	1149.33
0.099	1159.16
0.0995	1169
0.1	1178.86
0.1005	1188.72
0.101	1198.61
0.1015	1208.5
0.102	1218.41
0.1025	1228.33
0.103	1238.26
0.1035	1248.2
0.104	1258.15
0.1045	1268.11
0.105	1278.08
0.1055	1288.06
0.106	1298.05
0.1065	1308.04
0.107	1318.05
0.1075	1328.06
0.108	1338.07
0.1085	1348.1
0.109	1358.13
0.1095	1368.16
0.11	1378.2
0.1105	1388.24
0.111	1398.29
0.1115	1408.34
0.112	1418.4
0.1125	1428.45
0.113	1438.51
0.1135	1448.57
0.114	1458.63
0.1145	1468.69
0.115	1478.75
0.1155	1488.82
0.116	1498.88
0.1165	1508.94
0.117	1519
0.1175	1529.05
0.118	1539.1
0.1185	1549.16
0.119	1559.2
0.1195	1569.25
0.12	1579.28
0.1205	1589.32
0.121	1599.35
0.1215	1609.37
0.122	1619.39
0.1225	1629.4
0.123	1639.4
0.1235	1649.39
0.124	1659.38
0.1245	1669.36
0.125	1679.33
0.1255	1689.29
0.126	1699.24
0.1265	1709.18
0.127	1719.11
0.1275	1729.03
0.128	1738.94
0.1285	1748.83
0.129	1758.72
0.1295	1768.59
0.13	1778.44
0.1305	1788.28
0.131	1798.11
0.1315	1807.93
0.132	1817.72
0.1325	1827.51
0.133	1837.27
0.1335	1847.02
0.134	1856.76
0.1345	1866.47
0.135	1876.17
0.1355	1885.85
0.136	1895.51
0.1365	1905.16
0.137	1914.78
0.1375	1924.38
0.138	1933.96
0.1385	1943.53
0.139	1953.07
0.1395	1962.59
0.14	1972.08
0.1405	1981.56
0.141	1991.01
0.1415	2000.44
0.142	2009.84
0.1425	2019.23
0.143	2028.58
0.1435	2037.91
0.144	2047.22
0.1445	2056.5
0.145	2065.76
0.1455	2074.98
0.146	2084.18
0.1465	2093.36
0.147	2102.5
0.1475	2111.62
0.148	2120.71
0.1485	2129.77
0.149	2138.8
0.1495	2147.8
0.15	2156.77
0.1505	2165.71
0.151	2174.62
0.1515	2183.5
0.152	2192.35
0.1525	2201.16
0.153	2209.95
0.1535	2218.7
0.154	2227.41
0.1545	2236.09
0.155	2244.74
0.1555	2253.36
0.156	2261.94
0.1565	2270.48
0.157	2278.99
0.1575	2287.47
0.158	2295.91
0.1585	2304.31
0.159	2312.67
0.1595	2321
0.16	2329.29
0.1605	2337.54
0.161	2345.75
0.1615	2353.93
0.162	2362.07
0.1625	2370.16
0.163	2378.22
0.1635	2386.24
0.164	2394.22
0.1645	2402.15
0.165	2410.05
0.1655	2417.9
0.166	2425.72
0.1665	2433.49
0.167	2441.22
0.1675	2448.9
0.168	2456.55
0.1685	2464.15
0.169	2471.7
0.1695	2479.22
0.17	2486.69
0.1705	2494.11
0.171	2501.49
0.1715	2508.83
0.172	2516.12
0.1725	2523.36
0.173	2530.56
0.1735	2537.71
0.174	2544.82
0.1745	2551.88
0.175	2558.89
0.1755	2565.85
0.176	2572.77
0.1765	2579.64
0.177	2586.46
0.1775	2593.23
0.178	2599.96
0.1785	2606.63
0.179	2613.26
0.1795	2619.83
0.18	2626.36
0.1805	2632.84
0.181	2639.26
0.1815	2645.64
0.182	2651.96
0.1825	2658.24
0.183	2664.46
0.1835	2670.63
0.184	2676.75
0.1845	2682.82
0.185	2688.84
0.1855	2694.8
0.186	2700.71
0.1865	2706.57
0.187	2712.37
0.1875	2718.13
0.188	2723.82
0.1885	2729.47
0.189	2735.06
0.1895	2740.6
0.19	2746.08
0.1905	2751.51
0.191	2756.88
0.1915	2762.2
0.192	2767.46
0.1925	2772.67
0.193	2777.82
0.1935	2782.92
0.194	2787.96
0.1945	2792.94
0.195	2797.87
0.1955	2802.74
0.196	2807.56
0.1965	2812.32
0.197	2817.02
0.1975	2821.67
0.198	2826.25
0.1985	2830.78
0.199	2835.26
0.1995	2839.67
0.2	2844.03
0.2005	2848.33
0.201	2852.57
0.2015	2856.76
0.202	2860.88
0.2025	2864.95
0.203	2868.96
0.2035	2872.91
0.204	2876.8
0.2045	2880.63
0.205	2884.4
0.2055	2888.11
0.206	2891.77
0.2065	2895.36
0.207	2898.9
0.2075	2902.37
0.208	2905.79
0.2085	2909.14
0.209	2912.44
0.2095	2915.68
0.21	2918.85
0.2105	2921.97
0.211	2925.02
0.2115	2928.02
0.212	2930.95
0.2125	2933.83
0.213	2936.64
0.2135	2939.39
0.214	2942.08
0.2145	2944.72
0.215	2947.29
0.2155	2949.8
0.216	2952.25
0.2165	2954.63
0.217	2956.96
0.2175	2959.23
0.218	2961.43
0.2185	2963.57
0.219	2965.66
0.2195	2967.68
0.22	2969.64
0.2205	2971.54
0.221	2973.37
0.2215	2975.15
0.222	2976.86
0.2225	2978.52
0.223	2980.11
0.2235	2981.64
0.224	2983.11
0.2245	2984.52
0.225	2985.86
0.2255	2987.15
0.226	2988.37
0.2265	2989.53
0.227	2990.63
0.2275	2991.67
0.228	2992.65
0.2285	2993.57
0.229	2994.43
0.2295	2995.22
0.23	2995.95
0.2305	2996.63
0.231	2997.24
0.2315	2997.79
0.232	2998.28
0.2325	2998.7
0.233	2999.07
0.2335	2999.38
0.234	2999.62
0.2345	2999.81
0.235	2999.93
0.2355	2999.99
0.236	2999.99
0.2365	2999.93
0.237	2999.82
0.2375	2999.64
0.238	2999.4
0.2385	2999.1
0.239	2998.74
0.2395	2998.32
0.24	2997.83
0.2405	2997.29
0.241	2996.69
0.2415	2996.03
0.242	2995.31
0.2425	2994.53
0.243	2993.69
0.2435	2992.8
0.244	2991.84
0.2445	2990.82
0.245	2989.75
0.2455	2988.61
0.246	2987.42
0.2465	2986.17
0.247	2984.85
0.2475	2983.48
0.248	2982.06
0.2485	2980.57
0.249	2979.03
0.2495	2977.42
0.25	2975.76
0.2505	2974.05
0.251	2972.27
0.2515	2970.44
0.252	2968.55
0.2525	2966.6
0.253	2964.6
0.2535	2962.54
0.254	2960.42
0.2545	2958.25
0.255	2956.02
0.2555	2953.73
0.256	2951.39
0.2565	2948.99
0.257	2946.54
0.2575	2944.03
0.258	2941.46
0.2585	2938.84
0.259	2936.17
0.2595	2933.44
0.26	2930.66
0.2605	2927.82
0.261	2924.93
0.2615	2921.98
0.262	2918.98
0.2625	2915.93
0.263	2912.82
0.2635	2909.66
0.264	2906.44
0.2645	2903.18
0.265	2899.86
0.2655	2896.49
0.266	2893.06
0.2665	2889.59
0.267	2886.06
0.2675	2882.48
0.268	2878.85
0.2685	2875.17
0.269	2871.44
0.2695	2867.65
0.27	2863.82
0.2705	2859.94
0.271	2856
0.2715	2852.02
0.272	2847.99
0.2725	2843.9
0.273	2839.77
0.2735	2835.59
0.274	2831.36
0.2745	2827.09
0.275	2822.76
0.2755	2818.39
0.276	2813.97
0.2765	2809.5
0.277	2804.98
0.2775	2800.42
0.278	2795.81
0.2785	2791.16
0.279	2786.46
0.2795	2781.71
0.28	2776.92
0.2805	2772.08
0.281	2767.2
0.2815	2762.27
0.282	2757.3
0.2825	2752.28
0.283	2747.22
0.2835	2742.12
0.284	2736.97
0.2845	2731.78
0.285	2726.55
0.2855	2721.27
0.286	2715.95
0.2865	2710.59
0.287	2705.19
0.2875	2699.75
0.288	2694.26
0.2885	2688.74
0.289	2683.17
0.2895	2677.56
0.29	2671.92
0.2905	2666.23
0.291	2660.51
0.2915	2654.74
0.292	2648.94
0.2925	2643.1
0.293	2637.22
0.2935	2631.3
0.294	2625.34
0.2945	2619.35
0.295	2613.32
0.2955	2607.25
0.296	2601.15
0.2965	2595.01
0.297	2588.83
0.2975	2582.62
0.298	2576.37
0.2985	2570.09
0.299	2563.78
0.2995	2557.43
0.3	2551.04
0.3005	2544.63
0.301	2538.17
0.3015	2531.69
0.302	2525.17
0.3025	2518.62
0.303	2512.04
0.3035	2505.43
0.304	2498.78
0.3045	2492.11
0.305	2485.4
0.3055	2478.66
0.306	2471.9
0.3065	2465.1
0.307	2458.27
0.3075	2451.42
0.308	2444.53
0.3085	2437.62
0.309	2430.68
0.3095	2423.71
0.31	2416.71
0.3105	2409.68
0.311	2402.63
0.3115	2395.55
0.312	2388.45
0.3125	2381.32
0.313	2374.16
0.3135	2366.98
0.314	2359.77
0.3145	2352.54
0.315	2345.29
0.3155	2338.01
0.316	2330.7
0.3165	2323.38
0.317	2316.03
0.3175	2308.66
0.318	2301.26
0.3185	2293.84
0.319	2286.41
0.3195	2278.95
0.32	2271.47
0.3205	2263.96
0.321	2256.44
0.3215	2248.9
0.322	2241.34
0.3225	2233.76
0.323	2226.16
0.3235	2218.54
0.324	2210.9
0.3245	2203.24
0.325	2195.57
0.3255	2187.88
0.326	2180.17
0.3265	2172.45
0.327	2164.71
0.3275	2156.95
0.328	2149.18
0.3285	2141.39
0.329	2133.58
0.3295	2125.77
0.33	2117.93
0.3305	2110.09
0.331	2102.23
0.3315	2094.35
0.332	2086.47
0.3325	2078.57
0.333	2070.65
0.3335	2062.73
0.334	2054.79
0.3345	2046.84
0.335	2038.88
0.3355	2030.91
0.336	2022.93
0.3365	2014.94
0.337	2006.94
0.3375	1998.93
0.338	1990.91
0.3385	1982.88
0.339	1974.85
0.3395	1966.8
0.34	1958.75
0.3405	1950.69
0.341	1942.62
0.3415	1934.54
0.342	1926.46
0.3425	1918.37
0.343	1910.28
0.3435	1902.18
0.344	1894.07
0.3445	1885.96
0.345	1877.84
0.3455	1869.72
0.346	1861.6
0.3465	1853.47
0.347	1845.34
0.3475	1837.2
0.348	1829.07
0.3485	1820.93
0.349	1812.78
0.3495	1804.64
0.35	1796.49
0.3505	1788.34
0.351	1780.19
0.3515	1772.04
0.352	1763.89
0.3525	1755.74
0.353	1747.59
0.3535	1739.44
0.354	1731.29
0.3545	1723.14
0.355	1714.99
0.3555	1706.84
0.356	1698.7
0.3565	1690.56
0.357	1682.42
0.3575	1674.28
0.358	1666.15
0.3585	1658.01
0.359	1649.89
0.3595	1641.76
0.36	1633.64
0.3605	1625.53
0.361	1617.42
0.3615	1609.31
0.362	1601.21
0.3625	1593.12
0.363	1585.03
0.3635	1576.94
0.364	1568.87
0.3645	1560.8
0.365	1552.73
0.3655	1544.68
0.366	1536.63
0.3665	1528.59
0.367	1520.55
0.3675	1512.53
0.368	1504.51
0.3685	1496.5
0.369	1488.5
0.3695	1480.51
0.37	1472.53
0.3705	1464.56
0.371	1456.6
0.3715	1448.65
0.372	1440.71
0.3725	1432.78
0.373	1424.86
0.3735	1416.95
0.374	1409.06
0.3745	1401.17
0.375	1393.3
0.3755	1385.44
0.376	1377.59
0.3765	1369.76
0.377	1361.94
0.3775	1354.13
0.378	1346.33
0.3785	1338.55
0.379	1330.78
0.3795	1323.03
0.38	1315.29
0.3805	1307.56
0.381	1299.85
0.3815	1292.15
0.382	1284.47
0.3825	1276.81
0.383	1269.16
0.3835	1261.52
0.384	1253.9
0.3845	1246.3
0.385	1238.71
0.3855	1231.14
0.386	1223.59
0.3865	1216.06
0.387	1208.54
0.3875	1201.04
0.388	1193.55
0.3885	1186.09
0.389	1178.64
0.3895	1171.21
0.39	1163.8
0.3905	1156.41
0.391	1149.03
0.3915	1141.68
0.392	1134.34
0.3925	1127.02
0.393	1119.72
0.3935	1112.45
0.394	1105.19
0.3945	1097.95
0.395	1090.73
0.3955	1083.53
0.396	1076.36
0.3965	1069.2
0.397	1062.06
0.3975	1054.95
0.398	1047.86
0.3985	1040.78
0.399	1033.73
0.3995	1026.7
0.4	1019.7
0.4005	1012.71
0.401	1005.75
0.4015	998.804
0.402	991.884
0.4025	984.987
0.403	978.113
0.4035	971.261
0.404	964.433
0.4045	957.627
0.405	950.845
0.4055	944.085
0.406	937.35
0.4065	930.637
0.407	923.949
0.4075	917.284
0.408	910.643
0.4085	904.027
0.409	897.434
0.4095	890.866
0.41	884.322
0.4105	877.802
0.411	871.307
0.4115	864.837
0.412	858.392
0.4125	851.972
0.413	845.576
0.4135	839.206
0.414	832.861
0.4145	826.542
0.415	820.247
0.4155	813.979
0.416	807.736
0.4165	801.519
0.417	795.327
0.4175	789.162
0.418	783.022
0.4185	776.909
0.419	770.821
0.4195	764.76
0.42	758.725
0.4205	752.717
0.421	746.735
0.4215	740.779
0.422	734.85
0.4225	728.948
0.423	723.072
0.4235	717.224
0.424	711.402
0.4245	705.607
0.425	699.839
0.4255	694.098
0.426	688.384
0.4265	682.697
0.427	677.038
0.4275	671.405
0.428	665.8
0.4285	660.223
0.429	654.672
0.4295	649.15
0.43	643.654
0.4305	638.186
0.431	632.746
0.4315	627.333
0.432	621.948
0.4325	616.591
0.433	611.261
0.4335	605.959
0.434	600.685
0.4345	595.438
0.435	590.219
0.4355	585.028
0.436	579.865
0.4365	574.73
0.437	569.622
0.4375	564.543
0.438	559.491
0.4385	554.468
0.439	549.472
0.4395	544.504
0.44	539.564
0.4405	534.652
0.441	529.768
0.4415	524.912
0.442	520.084
0.4425	515.284
0.443	510.512
0.4435	505.768
0.444	501.051
0.4445	496.363
0.445	491.703
0.4455	487.07
0.446	482.465
0.4465	477.889
0.447	473.34
0.4475	468.819
0.448	464.326
0.4485	459.861
0.449	455.423
0.4495	451.013
0.45	446.632
0.4505	442.277
0.451	437.951
0.4515	433.652
0.452	429.381
0.4525	425.137
0.453	420.922
0.4535	416.733
0.454	412.572
0.4545	408.439
0.455	404.333
0.4555	400.255
0.456	396.203
0.4565	392.18
0.457	388.183
0.4575	384.214
0.458	380.272
0.4585	376.357
0.459	372.469
0.4595	368.608
0.46	364.774
0.4605	360.968
0.461	357.188
0.4615	353.435
0.462	349.708
0.4625	346.009
0.463	342.336
0.4635	338.689
0.464	335.07
0.4645	331.476
0.465	327.91
0.4655	324.369
0.466	320.855
0.4665	317.367
0.467	313.905
0.4675	310.47
0.468	307.06
0.4685	303.676
0.469	300.318
0.4695	296.986
0.47	293.68
0.4705	290.4
0.471	287.144
0.4715	283.915
0.472	280.711
0.4725	277.532
0.473	274.379
0.4735	271.25
0.474	268.147
0.4745	265.069
0.475	262.016
0.4755	258.988
0.476	255.984
0.4765	253.005
0.477	250.051
0.4775	247.121
0.478	244.216
0.4785	241.335
0.479	238.478
0.4795	235.646
0.48	232.837
0.4805	230.053
0.481	227.292
0.4815	224.555
0.482	221.842
0.4825	219.152
0.483	216.486
0.4835	213.843
0.484	211.224
0.4845	208.628
0.485	206.054
0.4855	203.504
0.486	200.977
0.4865	198.473
0.487	195.991
0.4875	193.532
0.488	191.095
0.4885	188.681
0.489	186.289
0.4895	183.919
0.49	181.571
0.4905	179.245
0.491	176.941
0.4915	174.659
0.492	172.399
0.4925	170.159
0.493	167.942
0.4935	165.746
0.494	163.57
0.4945	161.416
0.495	159.283
0.4955	157.171
0.496	155.08
0.4965	153.009
0.497	150.959
0.4975	148.929
0.498	146.92
0.4985	144.93
0.499	142.961
0.4995	141.012
0.5	139.083
0.5005	137.173
0.501	135.283
0.5015	133.412
0.502	131.561
0.5025	129.729
0.503	127.917
0.5035	126.123
0.504	124.348
0.5045	122.592
0.505	120.855
0.5055	119.137
0.506	117.436
0.5065	115.755
0.507	114.091
0.5075	112.446
0.508	110.818
0.5085	109.208
0.509	107.616
0.5095	106.042
0.51	104.485
0.5105	102.946
0.511	101.424
0.5115	99.9191
0.512	98.4312
0.5125	96.9602
0.513	95.5061
0.5135	94.0686
0.514	92.6476
0.5145	91.2432
0.515	89.855
0.5155	88.483
0.516	87.1272
0.5165	85.7873
0.517	84.4632
0.5175	83.1549
0.518	81.8622
0.5185	80.5849
0.519	79.3231
0.5195	78.0765
0.52	76.845
0.5205	75.6286
0.521	74.427
0.5215	73.2403
0.522	72.0682
0.5225	70.9106
0.523	69.7675
0.5235	68.6387
0.524	67.524
0.5245	66.4235
0.525	65.3369
0.5255	64.2642
0.526	63.2051
0.5265	62.1597
0.527	61.1278
0.5275	60.1093
0.528	59.104
0.5285	58.1119
0.529	57.1328
0.5295	56.1666
0.53	55.2132
0.5305	54.2725
0.531	53.3444
0.5315	52.4287
0.532	51.5254
0.5325	50.6344
0.533	49.7554
0.5335	48.8885
0.534	48.0334
0.5345	47.1902
0.535	46.3586
0.5355	45.5386
0.536	44.73
0.5365	43.9328
0.537	43.1468
0.5375	42.3719
0.538	41.6081
0.5385	40.8552
0.539	40.113
0.5395	39.3816
0.54	38.6607
0.5405	37.9503
0.541	37.2503
0.5415	36.5605
0.542	35.881
0.5425	35.2114
0.543	34.5518
0.5435	33.9021
0.544	33.2621
0.5445	32.6317
0.545	32.0109
0.5455	31.3995
0.546	30.7974
0.5465	30.2045
0.547	29.6208
0.5475	29.0462
0.548	28.4804
0.5485	27.9235
0.549	27.3753
0.5495	26.8357
0.55	26.3047
0.5505	25.7821
0.551	25.2679
0.5515	24.7619
0.552	24.264
0.5525	23.7742
0.553	23.2924
0.5535	22.8184
0.554	22.3522
0.5545	21.8937
0.555	21.4428
0.5555	20.9994
0.556	20.5633
0.5565	20.1346
0.557	19.7132
0.5575	19.2988
0.558	18.8915
0.5585	18.4912
0.559	18.0977
0.5595	17.7111
0.56	17.3311
0.5605	16.9577
0.561	16.5909
0.5615	16.2305
0.562	15.8765
0.5625	15.5287
0.563	15.1871
0.5635	14.8517
0.564	14.5223
0.5645	14.1988
0.565	13.8812
0.5655	13.5694
0.566	13.2633
0.5665	12.9629
0.567	12.668
0.5675	12.3786
0.568	12.0945
0.5685	11.8158
0.569	11.5424
0.5695	11.2741
0.57	11.011
0.5705	10.7529
0.571	10.4997
0.5715	10.2514
0.572	10.0079
0.5725	9.76919
0.573	9.53514
0.5735	9.30569
0.574	9.08077
0.5745	8.86032
0.575	8.64428
0.5755	8.43256
0.576	8.22511
0.5765	8.02187
0.577	7.82275
0.5775	7.62771
0.578	7.43668
0.5785	7.2496
0.579	7.06639
0.5795	6.88701
0.58	6.71138
0.5805	6.53946
0.581	6.37117
0.5815	6.20647
0.582	6.04528
0.5825	5.88756
0.583	5.73324
0.5835	5.58227
0.584	5.4346
0.5845	5.29016
0.585	5.1489
0.5855	5.01077
0.586	4.87572
0.5865	4.74369
0.587	4.61462
0.5875	4.48847
0.588	4.36519
0.5885	4.24472
0.589	4.12701
0.5895	4.01202
0.59	3.8997
0.5905	3.78999
0.591	3.68286
0.5915	3.57824
0.592	3.47611
0.5925	3.3764
0.593	3.27908
0.5935	3.1841
0.594	3.09142
0.5945	3.00098
0.595	2.91276
0.5955	2.82671
0.596	2.74278
0.5965	2.66093
0.597	2.58113
0.5975	2.50332
0.598	2.42749
0.5985	2.35357
0.599	2.28154
0.5995	2.21136
0.6	2.14299
0.6005	2.07639
0.601	2.01152
0.6015	1.94836
0.602	1.88686
0.6025	1.82699
0.603	1.76872
0.6035	1.71201
0.604	1.65683
0.6045	1.60314
0.605	1.55091
0.6055	1.50012
0.606	1.45073
0.6065	1.40271
0.607	1.35602
0.6075	1.31065
0.608	1.26655
0.6085	1.22371
0.609	1.18208
0.6095	1.14165
0.61	1.10239
0.6105	1.06427
0.611	1.02726
0.6115	0.991343
0.612	0.956483
0.6125	0.92266
0.613	0.889848
0.6135	0.858023
0.614	0.827161
0.6145	0.797239
0.615	0.768233
0.6155	0.74012
0.616	0.71288
0.6165	0.686489
0.617	0.660926
0.6175	0.636171
0.618	0.612202
0.6185	0.588999
0.619	0.566543
0.6195	0.544814
0.62	0.523792
0.6205	0.50346
0.621	0.483798
0.6215	0.464789
0.622	0.446416
0.6225	0.42866
0.623	0.411505
0.6235	0.394934
0.624	0.378932
0.6245	0.363482
0.625	0.348568
0.6255	0.334176
0.626	0.32029
0.6265	0.306897
0.627	0.293981
0.6275	0.281529
0.628	0.269527
0.6285	0.257962
0.629	0.24682
0.6295	0.23609
0.63	0.225759
0.6305	0.215813
0.631	0.206243
0.6315	0.197035
0.632	0.188179
0.6325	0.179664
0.633	0.171478
0.6335	0.163612
0.634	0.156055
0.6345	0.148797
0.635	0.141828
0.6355	0.135139
0.636	0.12872
0.6365	0.122563
0.637	0.116659
0.6375	0.110999
0.638	0.105574
0.6385	0.100377
0.639	0.0954001
0.6395	0.090635
0.64	0.0860745
0.6405	0.0817113
0.641	0.0775383
0.6415	0.0735486
0.642	0.0697355
0.6425	0.0660926
0.643	0.0626135
0.6435	0.0592921
0.644	0.0561225
0.6445	0.0530989
0.645	0.0502157
0.6455	0.0474674
0.646	0.0448489
0.6465	0.042355
0.647	0.0399808
0.6475	0.0377214
0.648	0.0355723
0.6485	0.0335289
0.649	0.0315869
0.6495	0.0297421
0.65	0.0279904
0.6505	0.026328
0.651	0.0247509
0.6515	0.0232555
0.652	0.0218384
0.6525	0.020496
0.653	0.019225
0.6535	0.0180223
0.654	0.0168847
0.6545	0.0158094
0.655	0.0147935
0.6555	0.0138342
0.656	0.0129288
0.6565	0.0120748
0.657	0.0112698
0.6575	0.0105114
0.658	0.00979725
0.6585	0.00912528
0.659	0.00849335
0.6595	0.00789946
0.66	0.00734166
0.6605	0.00681812
0.661	0.00632706
0.6615	0.00586676
0.662	0.00543562
0.6625	0.00503206
0.663	0.00465459
0.6635	0.00430179
0.664	0.00397229
0.6645	0.00366479
0.665	0.00337805
0.6655	0.00311087
0.666	0.00286213
0.6665	0.00263075
0.667	0.0024157
0.6675	0.002216
0.668	0.00203072
0.6685	0.00185898
0.669	0.00169994
0.6695	0.00155279
0.67	0.00141678
0.6705	0.0012912
0.671	0.00117536
0.6715	0.00106862
0.672	0.000970364
0.6725	0.000880027
0.673	0.00079706
0.6735	0.000720951
0.674	0.000651215
0.6745	0.000587396
0.675	0.000529067
0.6755	0.000475822
0.676	0.000427284
0.6765	0.000383095
0.677	0.000342923
0.6775	0.000306454
0.678	0.000273396
0.6785	0.000243476
0.679	0.000216438
0.6795	0.000192044
0.68	0.000170071
0.6805	0.000150314
0.681	0.00013258
0.6815	0.000116691
0.682	0.000102483
0.6825	8.98013e-05
0.683	7.85055e-05
0.6835	6.84649e-05
0.684	5.95592e-05
0.6845	5.16779e-05
0.685	4.47192e-05
0.6855	3.85898e-05
0.686	3.32043e-05
0.6865	2.84846e-05
0.687	2.43596e-05
0.6875	2.07643e-05
0.688	1.76399e-05
0.6885	1.49328e-05
0.689	1.25948e-05
0.6895	1.05821e-05
0.69	8.8554e-06
0.6905	7.37943e-06
0.691	6.12251e-06
0.6915	5.05632e-06
0.692	4.15567e-06
0.6925	3.39814e-06
0.693	2.7639e-06
0.6935	2.23541e-06
0.694	1.79728e-06
0.6945	1.43599e-06
0.695	1.13974e-06
0.6955	8.98274e-07
0.696	7.02701e-07
0.6965	5.45363e-07
0.697	4.19689e-07
0.6975	3.20073e-07
0.698	2.41754e-07
0.6985	1.80716e-07
0.699	1.33591e-07
0.6995	9.75748e-08
0.7	7.03477e-08
0.7005	5.00073e-08
0.701	3.50061e-08
0.7015	2.40968e-08
0.702	1.62842e-08
0.7025	1.07832e-08
0.703	6.98146e-09
0.7035	4.40801e-09
0.704	2.70591e-09
0.7045	1.6091e-09
0.705	9.22872e-10
0.7055	5.07764e-10
0.706	2.66227e-10
0.7065	1.31907e-10
0.707	6.10965e-11
0.7075	2.60809e-11
0.708	1.00651e-11
0.7085	3.41806e-12
0.709	9.81805e-13
0.7095	2.2435e-13
0.71	3.68018e-14
0.7105	3.57452e-15
0.711	1.33416e-16
0.7115	4.81607e-19
0.712	0
0.7125	2.46875
0.713	4.875
0.7135	7.21875
0.714	9.5
0.7145	11.7188
0.715	13.875
0.7155	15.9688
0.716	18
0.7165	19.9688
0.717	21.875
0.7175	23.7188
0.718	25.5
0.7185	27.2188
0.719	28.875
0.7195	30.4688
0.72	32
0.7205	33.4688
0.721	34.875
0.7215	36.2188
0.722	37.5
0.7225	38.7188
0.723	39.875
0.7235	40.9688
0.724	42
0.7245	42.9688
0.725	43.875
0.7255	44.7188
0.726	45.5
0.7265	46.2188
0.727	46.875
0.7275	47.4688
0.728	48
0.7285	48.4688
0.729	48.875
0.7295	49.2188
0.73	49.5
0.7305	49.7188
0.731	49.875
0.7315	49.9688
0.732	50
0.7325	49.9687
0.733	49.875
0.7335	49.7187
0.734	49.5
0.7345	49.2187
0.735	48.875
0.7355	48.4687
0.736	48
0.7365	47.4687
0.737	46.875
0.7375	46.2187
0.738	45.5
0.7385	44.7187
0.739	43.875
0.7395	42.9687
0.74	42
0.7405	40.9687
0.741	39.875
0.7415	38.7187
0.742	37.5
0.7425	36.2187
0.743	34.875
0.7435	33.4687
0.744	32
0.7445	30.4687
0.745	28.875
0.7455	27.2187
0.746	25.5
0.7465	23.7187
0.747	21.875
0.7475	19.9687
0.748	18
0.7485	15.9687
0.749	13.875
0.7495	11.7187
0.75	9.5
0.7505	7.21875
0.751	4.875
0.7515	2.46875
0.925	1.39888e-14
0.9255	0.085102
0.926	0.16898
0.9265	0.251633
0.927	0.333061
0.9275	0.413265
0.928	0.492245
0.9285	0.57
0.929	0.646531
0.9295	0.721837
0.93	0.795918
0.9305	0.868776
0.931	0.940408
0.9315	1.01082
0.932	1.08
0.9325	1.14796
0.933	1.21469
0.9335	1.2802
0.934	1.34449
0.9345	1.40755
0.935	1.46939
0.9355	1.53
0.936	1.58939
0.9365	1.64755
0.937	1.70449
0.9375	1.7602
0.938	1.81469
0.9385	1.86796
0.939	1.92
0.9395	1.97082
0.94	2.02041
0.9405	2.06878
0.941	2.11592
0.9415	2.16184
0.942	2.20653
0.9425	2.25
0.943	2.29224
0.9435	2.33327
0.944	2.37306
0.9445	2.41163
0.945	2.44898
0.9455	2.4851
0.946	2.52
0.9465	2.55367
0.947	2.58612
0.9475	2.61735
0.948	2.64735
0.9485	2.67612
0.949	2.70367
0.9495	2.73
0.95	2.7551
0.9505	2.77898
0.951	2.80163
0.9515	2.82306
0.952	2.84327
0.9525	2.86224
0.953	2.88
0.9535	2.89653
0.954	2.91184
0.9545	2.92592
0.955	2.93878
0.9555	2.95041
0.956	2.96082
0.9565	2.97
0.957	2.97796
0.9575	2.98469
0.958	2.9902
0.9585	2.99449
0.959	2.99755
0.9595	2.99939
0.96	3
0.9605	2.99939
0.961	2.99755
0.9615	2.99449
0.962	2.9902
0.9625	2.98469
0.963	2.97796
0.9635	2.97
0.964	2.96082
0.9645	2.95041
0.965	2.93878
0.9655	2.92592
0.966	2.91184
0.9665	2.89653
0.967	2.88
0.9675	2.86224
0.968	2.84327
0.9685	2.82306
0.969	2.80163
0.9695	2.77898
0.97	2.7551
0.9705	2.73
0.971	2.70367
0.9715	2.67612
0.972	2.64735
0.9725	2.61735
0.973	2.58612
0.9735	2.55367
0.974	2.52
0.9745	2.4851
0.975	2.44898
0.9755	2.41163
0.976	2.37306
0.9765	2.33327
0.977	2.29224
0.9775	2.25
0.978	2.20653
0.9785	2.16184
0.979	2.11592
0.9795	2.06878
0.98	2.02041
0.9805	1.97082
0.981	1.92
0.9815	1.86796
0.982	1.81469
0.9825	1.7602
0.983	1.70449
0.9835	1.64755
0.984	1.58939
0.9845	1.53
