1	5.35657e-17
2	3.02086e-16
3	8.3001e-16
4	1.69896e-15
5	2.95956e-15
6	4.65547e-15
7	6.8253e-15
8	9.50386e-15
9	1.27229e-14
10	1.65116e-14
11	2.08969e-14
12	2.59041e-14
13	3.15567e-14
14	3.78769e-14
15	4.48853e-14
16	5.26017e-14
17	6.10446e-14
18	7.02316e-14
19	8.01793e-14
20	9.09037e-14
21	1.0242e-13
22	1.14742e-13
23	1.27883e-13
24	1.41858e-13
25	1.56677e-13
26	1.72353e-13
27	1.88898e-13
28	2.06321e-13
29	2.24634e-13
30	2.43845e-13
31	2.63965e-13
32	2.85003e-13
33	3.06966e-13
34	3.29863e-13
35	3.53702e-13
36	3.7849e-13
37	4.04234e-13
38	4.3094e-13
39	4.58616e-13
40	4.87268e-13
41	5.169e-13
42	5.47519e-13
43	5.79129e-13
44	6.11736e-13
45	6.45344e-13
46	6.79958e-13
47	7.15581e-13
48	7.52218e-13
49	7.89872e-13
50	8.28547e-13
51	8.68245e-13
52	9.0897e-13
53	9.50725e-13
54	9.93512e-13
55	1.03733e-12
56	1.08219e-12
57	1.12809e-12
58	1.17502e-12
59	1.223e-12
60	1.27202e-12
61	1.32209e-12
62	1.3732e-12
63	1.42536e-12
64	1.47857e-12
65	1.53282e-12
66	1.58812e-12
67	1.64448e-12
68	1.70188e-12
69	1.76032e-12
70	1.81982e-12
71	1.88037e-12
72	1.94196e-12
73	2.0046e-12
74	2.06829e-12
75	2.13303e-12
76	2.19881e-12
77	2.26563e-12
78	2.33349e-12
79	2.4024e-12
80	2.47235e-12
81	2.54334e-12
82	2.61536e-12
83	2.68842e-12
84	2.76251e-12
85	2.83764e-12
86	2.91379e-12
87	2.99098e-12
88	3.06918e-12
89	3.14841e-12
90	3.22866e-12
91	3.30993e-12
92	3.39222e-12
93	3.47552e-12
94	3.55983e-12
95	3.64514e-12
96	3.73146e-12
97	3.81878e-12
98	3.9071e-12
99	3.99642e-12
100	4.08673e-12
101	4.17802e-12
102	4.2703e-12
103	4.36357e-12
104	4.45781e-12
105	4.55302e-12
106	4.64921e-12
107	4.74637e-12
108	4.84449e-12
109	4.94357e-12
110	5.0436e-12
111	5.14459e-12
112	5.24652e-12
113	5.3494e-12
114	5.45322e-12
115	5.55798e-12
116	5.66366e-12
117	5.77028e-12
118	5.87781e-12
119	5.98627e-12
120	6.09564e-12
121	6.20591e-12
122	6.3171e-12
123	6.42918e-12
124	6.54216e-12
125	6.65603e-12
126	6.77078e-12
127	6.88642e-12
128	7.00293e-12
129	7.12032e-12
130	7.23857e-12
131	7.35769e-12
132	7.47766e-12
133	7.59848e-12
134	7.72015e-12
135	7.84266e-12
136	7.96601e-12
137	8.09019e-12
138	8.2152e-12
139	8.34103e-12
140	8.46767e-12
141	8.59513e-12
142	8.72339e-12
143	8.85245e-12
144	8.9823e-12
145	9.11295e-12
146	9.24438e-12
147	9.37658e-12
148	9.50956e-12
149	9.64331e-12
150	9.77782e-12
151	9.91308e-12
152	1.00491e-11
153	1.01859e-11
154	1.03234e-11
155	1.04616e-11
156	1.06005e-11
157	1.07402e-11
158	1.08806e-11
159	1.10217e-11
160	1.11636e-11
161	1.13061e-11
162	1.14493e-11
163	1.15932e-11
164	1.17378e-11
165	1.1883e-11
166	1.2029e-11
167	1.21755e-11
168	1.23228e-11
169	1.24707e-11
170	1.26193e-11
171	1.27684e-11
172	1.29183e-11
173	1.30687e-11
174	1.32198e-11
175	1.33715e-11
176	1.35238e-11
177	1.36767e-11
178	1.38302e-11
179	1.39843e-11
180	1.4139e-11
181	1.42943e-11
182	1.44502e-11
183	1.46066e-11
184	1.47636e-11
185	1.49211e-11
186	1.50792e-11
187	1.52378e-11
188	1.5397e-11
189	1.55567e-11
190	1.5717e-11
191	1.58777e-11
192	1.6039e-11
193	1.62008e-11
194	1.63631e-11
195	1.65259e-11
196	1.66891e-11
197	1.68529e-11
198	1.70171e-11
199	1.71818e-11
200	1.7347e-11
201	1.75126e-11
202	1.76787e-11
203	1.78453e-11
204	1.80123e-11
205	1.81797e-11
206	1.83475e-11
207	1.85158e-11
208	1.86845e-11
209	1.88536e-11
210	1.90231e-11
211	1.9193e-11
212	1.93633e-11
213	1.9534e-11
214	1.97051e-11
215	1.98765e-11
216	2.00483e-11
217	2.02205e-11
218	2.03931e-11
219	2.0566e-11
220	2.07392e-11
221	2.09128e-11
222	2.10867e-11
223	2.12609e-11
224	2.14355e-11
225	2.16104e-11
226	2.17856e-11
227	2.19611e-11
228	2.21368e-11
229	2.23129e-11
230	2.24893e-11
231	2.26659e-11
232	2.28429e-11
233	2.30201e-11
234	2.31975e-11
235	2.33752e-11
236	2.35532e-11
237	2.37314e-11
238	2.39099e-11
239	2.40886e-11
240	2.42675e-11
241	2.44466e-11
242	2.4626e-11
243	2.48055e-11
244	2.49853e-11
245	2.51653e-11
246	2.53454e-11
247	2.55258e-11
248	2.57063e-11
249	2.5887e-11
250	2.60679e-11
251	2.62489e-11
252	2.64301e-11
253	2.66115e-11
254	2.6793e-11
255	2.69746e-11
256	2.71564e-11
257	2.73383e-11
258	2.75204e-11
259	2.77026e-11
260	2.78848e-11
261	2.80672e-11
262	2.82497e-11
263	2.84323e-11
264	2.8615e-11
265	2.87978e-11
266	2.89806e-11
267	2.91636e-11
268	2.93466e-11
269	2.95296e-11
270	2.97128e-11
271	2.98959e-11
272	3.00792e-11
273	3.02625e-11
274	3.04458e-11
275	3.06291e-11
276	3.08125e-11
277	3.09959e-11
278	3.11793e-11
279	3.13628e-11
280	3.15462e-11
281	3.17297e-11
282	3.19131e-11
283	3.20966e-11
284	3.228e-11
285	3.24634e-11
286	3.26468e-11
287	3.28302e-11
288	3.30135e-11
289	3.31968e-11
290	3.338e-11
291	3.35632e-11
292	3.37464e-11
293	3.39295e-11
294	3.41125e-11
295	3.42955e-11
296	3.44784e-11
297	3.46612e-11
298	3.48439e-11
299	3.50266e-11
300	3.52091e-11
301	3.53916e-11
302	3.5574e-11
303	3.57562e-11
304	3.59384e-11
305	3.61204e-11
306	3.63023e-11
307	3.64841e-11
308	3.66658e-11
309	3.68473e-11
310	3.70287e-11
311	3.72099e-11
312	3.7391e-11
313	3.7572e-11
314	3.77528e-11
315	3.79334e-11
316	3.81139e-11
317	3.82942e-11
318	3.84743e-11
319	3.86543e-11
320	3.8834e-11
321	3.90136e-11
322	3.9193e-11
323	3.93722e-11
324	3.95512e-11
325	3.973e-11
326	3.99086e-11
327	4.0087e-11
328	4.02651e-11
329	4.04431e-11
330	4.06208e-11
331	4.07983e-11
332	4.09755e-11
333	4.11525e-11
334	4.13293e-11
335	4.15058e-11
336	4.16821e-11
337	4.18582e-11
338	4.20339e-11
339	4.22095e-11
340	4.23847e-11
341	4.25597e-11
342	4.27344e-11
343	4.29088e-11
344	4.3083e-11
345	4.32569e-11
346	4.34305e-11
347	4.36038e-11
348	4.37768e-11
349	4.39495e-11
350	4.41219e-11
351	4.4294e-11
352	4.44657e-11
353	4.46372e-11
354	4.48084e-11
355	4.49792e-11
356	4.51497e-11
357	4.53199e-11
358	4.54898e-11
359	4.56593e-11
360	4.58285e-11
361	4.59973e-11
362	4.61658e-11
363	4.6334e-11
364	4.65018e-11
365	4.66693e-11
366	4.68364e-11
367	4.70031e-11
368	4.71695e-11
369	4.73355e-11
370	4.75011e-11
371	4.76664e-11
372	4.78312e-11
373	4.79957e-11
374	4.81599e-11
375	4.83236e-11
376	4.84869e-11
377	4.86499e-11
378	4.88125e-11
379	4.89746e-11
380	4.91364e-11
381	4.92977e-11
382	4.94587e-11
383	4.96192e-11
384	4.97794e-11
385	4.99391e-11
386	5.00984e-11
387	5.02572e-11
388	5.04157e-11
389	5.05737e-11
390	5.07313e-11
391	5.08885e-11
392	5.10452e-11
393	5.12015e-11
394	5.13573e-11
395	5.15127e-11
396	5.16677e-11
397	5.18222e-11
398	5.19763e-11
399	5.21299e-11
400	5.22831e-11
401	5.24358e-11
402	5.2588e-11
403	5.27398e-11
404	5.28911e-11
405	5.30419e-11
406	5.31923e-11
407	5.33422e-11
408	5.34916e-11
409	5.36406e-11
410	5.3789e-11
411	5.3937e-11
412	5.40845e-11
413	5.42315e-11
414	5.43781e-11
415	5.45241e-11
416	5.46696e-11
417	5.48147e-11
418	5.49593e-11
419	5.51033e-11
420	5.52469e-11
421	5.53899e-11
422	5.55325e-11
423	5.56745e-11
424	5.5816e-11
425	5.59571e-11
426	5.60976e-11
427	5.62375e-11
428	5.6377e-11
429	5.6516e-11
430	5.66544e-11
431	5.67923e-11
432	5.69297e-11
433	5.70666e-11
434	5.72029e-11
435	5.73387e-11
436	5.7474e-11
437	5.76087e-11
438	5.7743e-11
439	5.78766e-11
440	5.80098e-11
441	5.81424e-11
442	5.82744e-11
443	5.84059e-11
444	5.85369e-11
445	5.86673e-11
446	5.87972e-11
447	5.89265e-11
448	5.90553e-11
449	5.91835e-11
450	5.93112e-11
451	5.94383e-11
452	5.95649e-11
453	5.96909e-11
454	5.98163e-11
455	5.99412e-11
456	6.00655e-11
457	6.01893e-11
458	6.03125e-11
459	6.04351e-11
460	6.05572e-11
461	6.06787e-11
462	6.07996e-11
463	6.092e-11
464	6.10398e-11
465	6.1159e-11
466	6.12776e-11
467	6.13957e-11
468	6.15132e-11
469	6.16301e-11
470	6.17464e-11
471	6.18622e-11
472	6.19774e-11
473	6.2092e-11
474	6.2206e-11
475	6.23194e-11
476	6.24323e-11
477	6.25446e-11
478	6.26562e-11
479	6.27673e-11
480	6.28778e-11
481	6.29878e-11
482	6.30971e-11
483	6.32058e-11
484	6.3314e-11
485	6.34216e-11
486	6.35285e-11
487	6.36349e-11
488	6.37407e-11
489	6.38459e-11
490	6.39505e-11
491	6.40545e-11
492	6.41579e-11
493	6.42607e-11
494	6.43629e-11
495	6.44645e-11
496	6.45656e-11
497	6.4666e-11
498	6.47658e-11
499	6.4865e-11
500	6.49636e-11
501	6.50617e-11
502	6.51591e-11
503	6.52559e-11
504	6.53521e-11
505	6.54477e-11
506	6.55427e-11
507	6.56371e-11
508	6.57309e-11
509	6.58241e-11
510	6.59167e-11
511	6.60087e-11
512	6.61001e-11
513	6.61908e-11
514	6.6281e-11
515	6.63706e-11
516	6.64595e-11
517	6.65479e-11
518	6.66356e-11
519	6.67228e-11
520	6.68093e-11
521	6.68952e-11
522	6.69805e-11
523	6.70653e-11
524	6.71494e-11
525	6.72329e-11
526	6.73157e-11
527	6.7398e-11
528	6.74797e-11
529	6.75608e-11
530	6.76412e-11
531	6.77211e-11
532	6.78003e-11
533	6.78789e-11
534	6.79569e-11
535	6.80344e-11
536	6.81112e-11
537	6.81874e-11
538	6.8263e-11
539	6.8338e-11
540	6.84123e-11
541	6.84861e-11
542	6.85593e-11
543	6.86318e-11
544	6.87038e-11
545	6.87751e-11
546	6.88458e-11
547	6.8916e-11
548	6.89855e-11
549	6.90544e-11
550	6.91227e-11
551	6.91904e-11
552	6.92575e-11
553	6.9324e-11
554	6.93899e-11
555	6.94552e-11
556	6.95199e-11
557	6.9584e-11
558	6.96475e-11
559	6.97103e-11
560	6.97726e-11
561	6.98343e-11
562	6.98954e-11
563	6.99558e-11
564	7.00157e-11
565	7.0075e-11
566	7.01336e-11
567	7.01917e-11
568	7.02492e-11
569	7.0306e-11
570	7.03623e-11
571	7.0418e-11
572	7.04731e-11
573	7.05275e-11
574	7.05814e-11
575	7.06347e-11
576	7.06874e-11
577	7.07395e-11
578	7.0791e-11
579	7.0842e-11
580	7.08923e-11
581	7.0942e-11
582	7.09912e-11
583	7.10397e-11
584	7.10877e-11
585	7.1135e-11
586	7.11818e-11
587	7.1228e-11
588	7.12736e-11
589	7.13187e-11
590	7.13631e-11
591	7.14069e-11
592	7.14502e-11
593	7.14929e-11
594	7.1535e-11
595	7.15765e-11
596	7.16175e-11
597	7.16578e-11
598	7.16976e-11
599	7.17368e-11
600	7.17754e-11
601	7.18135e-11
602	7.18509e-11
603	7.18878e-11
604	7.19242e-11
605	7.19599e-11
606	7.19951e-11
607	7.20297e-11
608	7.20637e-11
609	7.20972e-11
610	7.21301e-11
611	7.21624e-11
612	7.21941e-11
613	7.22253e-11
614	7.2256e-11
615	7.2286e-11
616	7.23155e-11
617	7.23445e-11
618	7.23728e-11
619	7.24006e-11
620	7.24279e-11
621	7.24546e-11
622	7.24807e-11
623	7.25063e-11
624	7.25313e-11
625	7.25558e-11
626	7.25797e-11
627	7.26031e-11
628	7.26259e-11
629	7.26481e-11
630	7.26698e-11
631	7.2691e-11
632	7.27116e-11
633	7.27317e-11
634	7.27512e-11
635	7.27702e-11
636	7.27886e-11
637	7.28065e-11
638	7.28239e-11
639	7.28407e-11
640	7.2857e-11
641	7.28727e-11
642	7.28879e-11
643	7.29026e-11
644	7.29167e-11
645	7.29303e-11
646	7.29434e-11
647	7.2956e-11
648	7.2968e-11
649	7.29795e-11
650	7.29904e-11
651	7.30009e-11
652	7.30108e-11
653	7.30202e-11
654	7.3029e-11
655	7.30374e-11
656	7.30452e-11
657	7.30525e-11
658	7.30593e-11
659	7.30656e-11
660	7.30713e-11
661	7.30766e-11
662	7.30813e-11
663	7.30856e-11
664	7.30893e-11
665	7.30925e-11
666	7.30952e-11
667	7.30974e-11
668	7.30991e-11
669	7.31003e-11
670	7.3101e-11
671	7.31012e-11
672	7.31009e-11
673	7.31001e-11
674	7.30988e-11
675	7.3097e-11
676	7.30947e-11
677	7.30919e-11
678	7.30886e-11
679	7.30849e-11
680	7.30806e-11
681	7.30759e-11
682	7.30707e-11
683	7.3065e-11
684	7.30588e-11
685	7.30521e-11
686	7.3045e-11
687	7.30373e-11
688	7.30292e-11
689	7.30207e-11
690	7.30116e-11
691	7.30021e-11
692	7.29921e-11
693	7.29816e-11
694	7.29707e-11
695	7.29593e-11
696	7.29474e-11
697	7.29351e-11
698	7.29223e-11
699	7.29091e-11
700	7.28954e-11
701	7.28812e-11
702	7.28666e-11
703	7.28515e-11
704	7.28359e-11
705	7.282e-11
706	7.28035e-11
707	7.27866e-11
708	7.27693e-11
709	7.27515e-11
710	7.27333e-11
711	7.27146e-11
712	7.26955e-11
713	7.26759e-11
714	7.26559e-11
715	7.26355e-11
716	7.26146e-11
717	7.25933e-11
718	7.25716e-11
719	7.25494e-11
720	7.25268e-11
721	7.25038e-11
722	7.24803e-11
723	7.24564e-11
724	7.24321e-11
725	7.24074e-11
726	7.23822e-11
727	7.23566e-11
728	7.23306e-11
729	7.23042e-11
730	7.22774e-11
731	7.22502e-11
732	7.22225e-11
733	7.21944e-11
734	7.2166e-11
735	7.21371e-11
736	7.21078e-11
737	7.20781e-11
738	7.2048e-11
739	7.20175e-11
740	7.19866e-11
741	7.19553e-11
742	7.19236e-11
743	7.18915e-11
744	7.1859e-11
745	7.18262e-11
746	7.17929e-11
747	7.17592e-11
748	7.17252e-11
749	7.16908e-11
750	7.16559e-11
751	7.16207e-11
752	7.15852e-11
753	7.15492e-11
754	7.15128e-11
755	7.14761e-11
756	7.1439e-11
757	7.14016e-11
758	7.13637e-11
759	7.13255e-11
760	7.12869e-11
761	7.1248e-11
762	7.12086e-11
763	7.1169e-11
764	7.11289e-11
765	7.10885e-11
766	7.10477e-11
767	7.10066e-11
768	7.09651e-11
769	7.09233e-11
770	7.08811e-11
771	7.08385e-11
772	7.07956e-11
773	7.07524e-11
774	7.07088e-11
775	7.06648e-11
776	7.06205e-11
777	7.05759e-11
778	7.05309e-11
779	7.04856e-11
780	7.04399e-11
781	7.03939e-11
782	7.03476e-11
783	7.03009e-11
784	7.02539e-11
785	7.02066e-11
786	7.0159e-11
787	7.0111e-11
788	7.00627e-11
789	7.0014e-11
790	6.99651e-11
791	6.99158e-11
792	6.98662e-11
793	6.98163e-11
794	6.9766e-11
795	6.97155e-11
796	6.96646e-11
797	6.96134e-11
798	6.95619e-11
799	6.95101e-11
800	6.9458e-11
801	6.94056e-11
802	6.93529e-11
803	6.92998e-11
804	6.92465e-11
805	6.91929e-11
806	6.91389e-11
807	6.90847e-11
808	6.90302e-11
809	6.89754e-11
810	6.89203e-11
811	6.88649e-11
812	6.88092e-11
813	6.87532e-11
814	6.86969e-11
815	6.86404e-11
816	6.85836e-11
817	6.85264e-11
818	6.8469e-11
819	6.84114e-11
820	6.83534e-11
821	6.82952e-11
822	6.82367e-11
823	6.81779e-11
824	6.81188e-11
825	6.80595e-11
826	6.79999e-11
827	6.79401e-11
828	6.78799e-11
829	6.78196e-11
830	6.77589e-11
831	6.7698e-11
832	6.76368e-11
833	6.75754e-11
834	6.75137e-11
835	6.74518e-11
836	6.73896e-11
837	6.73271e-11
838	6.72644e-11
839	6.72015e-11
840	6.71383e-11
841	6.70748e-11
842	6.70111e-11
843	6.69472e-11
844	6.6883e-11
845	6.68186e-11
846	6.6754e-11
847	6.66891e-11
848	6.66239e-11
849	6.65586e-11
850	6.6493e-11
851	6.64271e-11
852	6.63611e-11
853	6.62948e-11
854	6.62283e-11
855	6.61615e-11
856	6.60946e-11
857	6.60274e-11
858	6.596e-11
859	6.58923e-11
860	6.58245e-11
861	6.57564e-11
862	6.56881e-11
863	6.56196e-11
864	6.55509e-11
865	6.5482e-11
866	6.54128e-11
867	6.53435e-11
868	6.52739e-11
869	6.52042e-11
870	6.51342e-11
871	6.5064e-11
872	6.49937e-11
873	6.49231e-11
874	6.48523e-11
875	6.47814e-11
876	6.47102e-11
877	6.46388e-11
878	6.45673e-11
879	6.44955e-11
880	6.44236e-11
881	6.43515e-11
882	6.42792e-11
883	6.42067e-11
884	6.4134e-11
885	6.40611e-11
886	6.3988e-11
887	6.39148e-11
888	6.38414e-11
889	6.37678e-11
890	6.3694e-11
891	6.36201e-11
892	6.35459e-11
893	6.34716e-11
894	6.33972e-11
895	6.33225e-11
896	6.32477e-11
897	6.31728e-11
898	6.30976e-11
899	6.30223e-11
900	6.29468e-11
901	6.28712e-11
902	6.27954e-11
903	6.27194e-11
904	6.26433e-11
905	6.2567e-11
906	6.24906e-11
907	6.2414e-11
908	6.23373e-11
909	6.22604e-11
910	6.21834e-11
911	6.21062e-11
912	6.20288e-11
913	6.19513e-11
914	6.18737e-11
915	6.17959e-11
916	6.1718e-11
917	6.16399e-11
918	6.15617e-11
919	6.14834e-11
920	6.14049e-11
921	6.13263e-11
922	6.12475e-11
923	6.11687e-11
924	6.10896e-11
925	6.10105e-11
926	6.09312e-11
927	6.08518e-11
928	6.07722e-11
929	6.06926e-11
930	6.06128e-11
931	6.05329e-11
932	6.04528e-11
933	6.03726e-11
934	6.02924e-11
935	6.02119e-11
936	6.01314e-11
937	6.00508e-11
938	5.997e-11
939	5.98891e-11
940	5.98082e-11
941	5.97271e-11
942	5.96458e-11
943	5.95645e-11
944	5.94831e-11
945	5.94015e-11
946	5.93199e-11
947	5.92381e-11
948	5.91563e-11
949	5.90743e-11
950	5.89923e-11
951	5.89101e-11
952	5.88278e-11
953	5.87455e-11
954	5.8663e-11
955	5.85805e-11
956	5.84978e-11
957	5.84151e-11
958	5.83322e-11
959	5.82493e-11
960	5.81663e-11
961	5.80832e-11
962	5.8e-11
963	5.79167e-11
964	5.78333e-11
965	5.77499e-11
966	5.76663e-11
967	5.75827e-11
968	5.7499e-11
969	5.74152e-11
970	5.73314e-11
971	5.72474e-11
972	5.71634e-11
973	5.70793e-11
974	5.69951e-11
975	5.69109e-11
976	5.68266e-11
977	5.67422e-11
978	5.66577e-11
979	5.65732e-11
980	5.64886e-11
981	5.64039e-11
982	5.63192e-11
983	5.62344e-11
984	5.61495e-11
985	5.60646e-11
986	5.59796e-11
987	5.58945e-11
988	5.58094e-11
989	5.57242e-11
990	5.5639e-11
991	5.55537e-11
992	5.54684e-11
993	5.5383e-11
994	5.52975e-11
995	5.5212e-11
996	5.51264e-11
997	5.50408e-11
998	5.49552e-11
999	5.48694e-11
1000	5.47837e-11
1001	5.46979e-11
1002	5.4612e-11
1003	5.45261e-11
1004	5.44402e-11
1005	5.43542e-11
1006	5.42681e-11
1007	5.41821e-11
1008	5.40959e-11
1009	5.40098e-11
1010	5.39236e-11
1011	5.38374e-11
1012	5.37511e-11
1013	5.36648e-11
1014	5.35784e-11
1015	5.34921e-11
1016	5.34057e-11
1017	5.33192e-11
1018	5.32328e-11
1019	5.31463e-11
1020	5.30597e-11
1021	5.29732e-11
1022	5.28866e-11
1023	5.28e-11
1024	5.27133e-11
1025	5.26267e-11
1026	5.254e-11
1027	5.24532e-11
1028	5.23665e-11
1029	5.22798e-11
1030	5.2193e-11
1031	5.21062e-11
1032	5.20194e-11
1033	5.19325e-11
1034	5.18457e-11
1035	5.17588e-11
1036	5.16719e-11
1037	5.1585e-11
1038	5.14981e-11
1039	5.14112e-11
1040	5.13243e-11
1041	5.12373e-11
1042	5.11503e-11
1043	5.10634e-11
1044	5.09764e-11
1045	5.08894e-11
1046	5.08024e-11
1047	5.07154e-11
1048	5.06284e-11
1049	5.05414e-11
1050	5.04544e-11
1051	5.03674e-11
1052	5.02804e-11
1053	5.01934e-11
1054	5.01063e-11
1055	5.00193e-11
1056	4.99323e-11
1057	4.98453e-11
1058	4.97583e-11
1059	4.96713e-11
1060	4.95843e-11
1061	4.94973e-11
1062	4.94103e-11
1063	4.93233e-11
1064	4.92363e-11
1065	4.91493e-11
1066	4.90624e-11
1067	4.89754e-11
1068	4.88885e-11
1069	4.88015e-11
1070	4.87146e-11
1071	4.86277e-11
1072	4.85408e-11
1073	4.84539e-11
1074	4.83671e-11
1075	4.82802e-11
1076	4.81934e-11
1077	4.81065e-11
1078	4.80197e-11
1079	4.7933e-11
1080	4.78462e-11
1081	4.77594e-11
1082	4.76727e-11
1083	4.7586e-11
1084	4.74993e-11
1085	4.74127e-11
1086	4.7326e-11
1087	4.72394e-11
1088	4.71528e-11
1089	4.70663e-11
1090	4.69797e-11
1091	4.68932e-11
1092	4.68067e-11
1093	4.67203e-11
1094	4.66338e-11
1095	4.65474e-11
1096	4.64611e-11
1097	4.63747e-11
1098	4.62884e-11
1099	4.62022e-11
1100	4.61159e-11
1101	4.60297e-11
1102	4.59435e-11
1103	4.58574e-11
1104	4.57713e-11
1105	4.56852e-11
1106	4.55992e-11
1107	4.55132e-11
1108	4.54272e-11
1109	4.53413e-11
1110	4.52554e-11
1111	4.51695e-11
1112	4.50837e-11
1113	4.4998e-11
1114	4.49122e-11
1115	4.48266e-11
1116	4.47409e-11
1117	4.46553e-11
1118	4.45698e-11
1119	4.44842e-11
1120	4.43988e-11
1121	4.43134e-11
1122	4.4228e-11
1123	4.41426e-11
1124	4.40574e-11
1125	4.39721e-11
1126	4.38869e-11
1127	4.38018e-11
1128	4.37167e-11
1129	4.36317e-11
1130	4.35467e-11
1131	4.34617e-11
1132	4.33768e-11
1133	4.3292e-11
1134	4.32072e-11
1135	4.31225e-11
1136	4.30378e-11
1137	4.29532e-11
1138	4.28686e-11
1139	4.27841e-11
1140	4.26996e-11
1141	4.26152e-11
1142	4.25309e-11
1143	4.24466e-11
1144	4.23623e-11
1145	4.22782e-11
1146	4.2194e-11
1147	4.211e-11
1148	4.2026e-11
1149	4.1942e-11
1150	4.18582e-11
1151	4.17743e-11
1152	4.16906e-11
1153	4.16069e-11
1154	4.15233e-11
1155	4.14397e-11
1156	4.13562e-11
1157	4.12727e-11
1158	4.11894e-11
1159	4.1106e-11
1160	4.10228e-11
1161	4.09396e-11
1162	4.08565e-11
1163	4.07734e-11
1164	4.06905e-11
1165	4.06075e-11
1166	4.05247e-11
1167	4.04419e-11
1168	4.03592e-11
1169	4.02765e-11
1170	4.0194e-11
1171	4.01115e-11
1172	4.0029e-11
1173	3.99467e-11
1174	3.98644e-11
1175	3.97822e-11
1176	3.97e-11
1177	3.96179e-11
1178	3.95359e-11
1179	3.9454e-11
1180	3.93721e-11
1181	3.92904e-11
1182	3.92087e-11
1183	3.9127e-11
1184	3.90455e-11
1185	3.8964e-11
1186	3.88826e-11
1187	3.88013e-11
1188	3.872e-11
1189	3.86388e-11
1190	3.85577e-11
1191	3.84767e-11
1192	3.83958e-11
1193	3.83149e-11
1194	3.82341e-11
1195	3.81534e-11
1196	3.80728e-11
1197	3.79922e-11
1198	3.79118e-11
1199	3.78314e-11
1200	3.77511e-11
1201	3.76709e-11
1202	3.75907e-11
1203	3.75107e-11
1204	3.74307e-11
1205	3.73508e-11
1206	3.7271e-11
1207	3.71913e-11
1208	3.71116e-11
1209	3.70321e-11
1210	3.69526e-11
1211	3.68732e-11
1212	3.67939e-11
1213	3.67147e-11
1214	3.66356e-11
1215	3.65565e-11
1216	3.64776e-11
1217	3.63987e-11
1218	3.63199e-11
1219	3.62412e-11
1220	3.61626e-11
1221	3.60841e-11
1222	3.60057e-11
1223	3.59273e-11
1224	3.58491e-11
1225	3.57709e-11
1226	3.56928e-11
1227	3.56148e-11
1228	3.55369e-11
1229	3.54591e-11
1230	3.53814e-11
1231	3.53038e-11
1232	3.52263e-11
1233	3.51488e-11
1234	3.50715e-11
1235	3.49942e-11
1236	3.4917e-11
1237	3.484e-11
1238	3.4763e-11
1239	3.46861e-11
1240	3.46093e-11
1241	3.45326e-11
1242	3.4456e-11
1243	3.43795e-11
1244	3.4303e-11
1245	3.42267e-11
1246	3.41505e-11
1247	3.40743e-11
1248	3.39983e-11
1249	3.39224e-11
1250	3.38465e-11
1251	3.37707e-11
1252	3.36951e-11
1253	3.36195e-11
1254	3.35441e-11
1255	3.34687e-11
1256	3.33934e-11
1257	3.33182e-11
1258	3.32432e-11
1259	3.31682e-11
1260	3.30933e-11
1261	3.30185e-11
1262	3.29438e-11
1263	3.28692e-11
1264	3.27948e-11
1265	3.27204e-11
1266	3.26461e-11
1267	3.25719e-11
1268	3.24978e-11
1269	3.24238e-11
1270	3.23499e-11
1271	3.22761e-11
1272	3.22024e-11
1273	3.21288e-11
1274	3.20553e-11
1275	3.19819e-11
1276	3.19086e-11
1277	3.18355e-11
1278	3.17624e-11
1279	3.16894e-11
1280	3.16165e-11
1281	3.15437e-11
1282	3.1471e-11
1283	3.13985e-11
1284	3.1326e-11
1285	3.12536e-11
1286	3.11813e-11
1287	3.11092e-11
1288	3.10371e-11
1289	3.09651e-11
1290	3.08933e-11
1291	3.08215e-11
1292	3.07499e-11
1293	3.06783e-11
1294	3.06069e-11
1295	3.05355e-11
1296	3.04643e-11
1297	3.03932e-11
1298	3.03221e-11
1299	3.02512e-11
1300	3.01804e-11
1301	3.01097e-11
1302	3.00391e-11
1303	2.99686e-11
1304	2.98982e-11
1305	2.98279e-11
1306	2.97577e-11
1307	2.96876e-11
1308	2.96176e-11
1309	2.95477e-11
1310	2.9478e-11
1311	2.94083e-11
1312	2.93388e-11
1313	2.92693e-11
1314	2.92e-11
1315	2.91307e-11
1316	2.90616e-11
1317	2.89926e-11
1318	2.89237e-11
1319	2.88549e-11
1320	2.87862e-11
1321	2.87176e-11
1322	2.86491e-11
1323	2.85807e-11
1324	2.85124e-11
1325	2.84443e-11
1326	2.83762e-11
1327	2.83082e-11
1328	2.82404e-11
1329	2.81727e-11
1330	2.8105e-11
1331	2.80375e-11
1332	2.79701e-11
1333	2.79028e-11
1334	2.78356e-11
1335	2.77685e-11
1336	2.77016e-11
1337	2.76347e-11
1338	2.75679e-11
1339	2.75013e-11
1340	2.74347e-11
1341	2.73683e-11
1342	2.7302e-11
1343	2.72357e-11
1344	2.71696e-11
1345	2.71036e-11
1346	2.70377e-11
1347	2.6972e-11
1348	2.69063e-11
1349	2.68407e-11
1350	2.67753e-11
1351	2.67099e-11
1352	2.66447e-11
1353	2.65796e-11
1354	2.65146e-11
1355	2.64496e-11
1356	2.63848e-11
1357	2.63202e-11
1358	2.62556e-11
1359	2.61911e-11
1360	2.61268e-11
1361	2.60625e-11
1362	2.59984e-11
1363	2.59343e-11
1364	2.58704e-11
1365	2.58066e-11
1366	2.57429e-11
1367	2.56793e-11
1368	2.56158e-11
1369	2.55525e-11
1370	2.54892e-11
1371	2.54261e-11
1372	2.5363e-11
1373	2.53001e-11
1374	2.52373e-11
1375	2.51745e-11
1376	2.51119e-11
1377	2.50495e-11
1378	2.49871e-11
1379	2.49248e-11
1380	2.48627e-11
1381	2.48006e-11
1382	2.47387e-11
1383	2.46768e-11
1384	2.46151e-11
1385	2.45535e-11
1386	2.4492e-11
1387	2.44306e-11
1388	2.43693e-11
1389	2.43082e-11
1390	2.42471e-11
1391	2.41862e-11
1392	2.41253e-11
1393	2.40646e-11
1394	2.4004e-11
1395	2.39435e-11
1396	2.38831e-11
1397	2.38228e-11
1398	2.37626e-11
1399	2.37026e-11
1400	2.36426e-11
1401	2.35828e-11
1402	2.3523e-11
1403	2.34634e-11
1404	2.34039e-11
1405	2.33445e-11
1406	2.32852e-11
1407	2.3226e-11
1408	2.3167e-11
1409	2.3108e-11
1410	2.30491e-11
1411	2.29904e-11
1412	2.29318e-11
1413	2.28732e-11
1414	2.28148e-11
1415	2.27565e-11
1416	2.26983e-11
1417	2.26403e-11
1418	2.25823e-11
1419	2.25244e-11
1420	2.24667e-11
1421	2.2409e-11
1422	2.23515e-11
1423	2.22941e-11
1424	2.22368e-11
1425	2.21795e-11
1426	2.21225e-11
1427	2.20655e-11
1428	2.20086e-11
1429	2.19518e-11
1430	2.18952e-11
1431	2.18386e-11
1432	2.17822e-11
1433	2.17259e-11
1434	2.16696e-11
1435	2.16135e-11
1436	2.15575e-11
1437	2.15016e-11
1438	2.14458e-11
1439	2.13902e-11
1440	2.13346e-11
1441	2.12792e-11
1442	2.12238e-11
1443	2.11686e-11
1444	2.11134e-11
1445	2.10584e-11
1446	2.10035e-11
1447	2.09487e-11
1448	2.0894e-11
1449	2.08394e-11
1450	2.07849e-11
1451	2.07306e-11
1452	2.06763e-11
1453	2.06222e-11
1454	2.05681e-11
1455	2.05142e-11
1456	2.04604e-11
1457	2.04066e-11
1458	2.0353e-11
1459	2.02995e-11
1460	2.02461e-11
1461	2.01928e-11
1462	2.01397e-11
1463	2.00866e-11
1464	2.00336e-11
1465	1.99808e-11
1466	1.9928e-11
1467	1.98754e-11
1468	1.98228e-11
1469	1.97704e-11
1470	1.97181e-11
1471	1.96659e-11
1472	1.96137e-11
1473	1.95617e-11
1474	1.95099e-11
1475	1.94581e-11
1476	1.94064e-11
1477	1.93548e-11
1478	1.93033e-11
1479	1.9252e-11
1480	1.92007e-11
1481	1.91496e-11
1482	1.90985e-11
1483	1.90476e-11
1484	1.89968e-11
1485	1.8946e-11
1486	1.88954e-11
1487	1.88449e-11
1488	1.87945e-11
1489	1.87442e-11
1490	1.8694e-11
1491	1.86439e-11
1492	1.85939e-11
1493	1.8544e-11
1494	1.84943e-11
1495	1.84446e-11
1496	1.8395e-11
1497	1.83456e-11
1498	1.82962e-11
1499	1.8247e-11
1500	1.81978e-11
1501	1.81488e-11
1502	1.80998e-11
1503	1.8051e-11
1504	1.80023e-11
1505	1.79537e-11
1506	1.79051e-11
1507	1.78567e-11
1508	1.78084e-11
1509	1.77602e-11
1510	1.77121e-11
1511	1.76641e-11
1512	1.76162e-11
1513	1.75684e-11
1514	1.75207e-11
1515	1.74731e-11
1516	1.74256e-11
1517	1.73782e-11
1518	1.7331e-11
1519	1.72838e-11
1520	1.72367e-11
1521	1.71897e-11
1522	1.71429e-11
1523	1.70961e-11
1524	1.70494e-11
1525	1.70029e-11
1526	1.69564e-11
1527	1.69101e-11
1528	1.68638e-11
1529	1.68176e-11
1530	1.67716e-11
1531	1.67256e-11
1532	1.66798e-11
1533	1.6634e-11
1534	1.65884e-11
1535	1.65428e-11
1536	1.64974e-11
1537	1.6452e-11
1538	1.64068e-11
1539	1.63616e-11
1540	1.63166e-11
1541	1.62716e-11
1542	1.62268e-11
1543	1.61821e-11
1544	1.61374e-11
1545	1.60929e-11
1546	1.60484e-11
1547	1.60041e-11
1548	1.59598e-11
1549	1.59157e-11
1550	1.58716e-11
1551	1.58277e-11
1552	1.57838e-11
1553	1.57401e-11
1554	1.56964e-11
1555	1.56529e-11
1556	1.56094e-11
1557	1.55661e-11
1558	1.55228e-11
1559	1.54796e-11
1560	1.54366e-11
1561	1.53936e-11
1562	1.53507e-11
1563	1.5308e-11
1564	1.52653e-11
1565	1.52227e-11
1566	1.51802e-11
1567	1.51379e-11
1568	1.50956e-11
1569	1.50534e-11
1570	1.50113e-11
1571	1.49693e-11
1572	1.49274e-11
1573	1.48856e-11
1574	1.48439e-11
1575	1.48023e-11
1576	1.47608e-11
1577	1.47194e-11
1578	1.46781e-11
1579	1.46368e-11
1580	1.45957e-11
1581	1.45547e-11
1582	1.45137e-11
1583	1.44729e-11
1584	1.44321e-11
1585	1.43915e-11
1586	1.43509e-11
1587	1.43105e-11
1588	1.42701e-11
1589	1.42298e-11
1590	1.41896e-11
1591	1.41496e-11
1592	1.41096e-11
1593	1.40697e-11
1594	1.40299e-11
1595	1.39901e-11
1596	1.39505e-11
1597	1.3911e-11
1598	1.38716e-11
1599	1.38322e-11
1600	1.3793e-11
1601	1.37538e-11
1602	1.37148e-11
1603	1.36758e-11
1604	1.36369e-11
1605	1.35981e-11
1606	1.35595e-11
1607	1.35209e-11
1608	1.34823e-11
1609	1.34439e-11
1610	1.34056e-11
1611	1.33674e-11
1612	1.33292e-11
1613	1.32912e-11
1614	1.32532e-11
1615	1.32153e-11
1616	1.31776e-11
1617	1.31399e-11
1618	1.31023e-11
1619	1.30648e-11
1620	1.30274e-11
1621	1.299e-11
1622	1.29528e-11
1623	1.29156e-11
1624	1.28786e-11
1625	1.28416e-11
1626	1.28047e-11
1627	1.2768e-11
1628	1.27313e-11
1629	1.26946e-11
1630	1.26581e-11
1631	1.26217e-11
1632	1.25853e-11
1633	1.25491e-11
1634	1.25129e-11
1635	1.24768e-11
1636	1.24408e-11
1637	1.24049e-11
1638	1.23691e-11
1639	1.23334e-11
1640	1.22977e-11
1641	1.22622e-11
1642	1.22267e-11
1643	1.21913e-11
1644	1.2156e-11
1645	1.21208e-11
1646	1.20857e-11
1647	1.20507e-11
1648	1.20157e-11
1649	1.19808e-11
1650	1.19461e-11
1651	1.19114e-11
1652	1.18768e-11
1653	1.18422e-11
1654	1.18078e-11
1655	1.17735e-11
1656	1.17392e-11
1657	1.1705e-11
1658	1.16709e-11
1659	1.16369e-11
1660	1.1603e-11
1661	1.15691e-11
1662	1.15354e-11
1663	1.15017e-11
1664	1.14681e-11
1665	1.14346e-11
1666	1.14012e-11
1667	1.13678e-11
1668	1.13346e-11
1669	1.13014e-11
1670	1.12683e-11
1671	1.12353e-11
1672	1.12024e-11
1673	1.11696e-11
1674	1.11368e-11
1675	1.11041e-11
1676	1.10715e-11
1677	1.1039e-11
1678	1.10066e-11
1679	1.09742e-11
1680	1.0942e-11
1681	1.09098e-11
1682	1.08777e-11
1683	1.08457e-11
1684	1.08137e-11
1685	1.07818e-11
1686	1.07501e-11
1687	1.07184e-11
1688	1.06867e-11
1689	1.06552e-11
1690	1.06237e-11
1691	1.05924e-11
1692	1.05611e-11
1693	1.05299e-11
1694	1.04987e-11
1695	1.04676e-11
1696	1.04367e-11
1697	1.04058e-11
1698	1.03749e-11
1699	1.03442e-11
1700	1.03135e-11
1701	1.02829e-11
1702	1.02524e-11
1703	1.0222e-11
1704	1.01917e-11
1705	1.01614e-11
1706	1.01312e-11
1707	1.01011e-11
1708	1.0071e-11
1709	1.00411e-11
1710	1.00112e-11
1711	9.98136e-12
1712	9.95163e-12
1713	9.92198e-12
1714	9.8924e-12
1715	9.86289e-12
1716	9.83347e-12
1717	9.80412e-12
1718	9.77484e-12
1719	9.74565e-12
1720	9.71652e-12
1721	9.68748e-12
1722	9.65851e-12
1723	9.62961e-12
1724	9.60079e-12
1725	9.57205e-12
1726	9.54338e-12
1727	9.51478e-12
1728	9.48626e-12
1729	9.45781e-12
1730	9.42944e-12
1731	9.40114e-12
1732	9.37292e-12
1733	9.34477e-12
1734	9.31669e-12
1735	9.28869e-12
1736	9.26076e-12
1737	9.23291e-12
1738	9.20512e-12
1739	9.17741e-12
1740	9.14978e-12
1741	9.12221e-12
1742	9.09472e-12
1743	9.0673e-12
1744	9.03996e-12
1745	9.01268e-12
1746	8.98548e-12
1747	8.95835e-12
1748	8.93129e-12
1749	8.9043e-12
1750	8.87739e-12
1751	8.85054e-12
1752	8.82377e-12
1753	8.79707e-12
1754	8.77044e-12
1755	8.74388e-12
1756	8.71739e-12
1757	8.69097e-12
1758	8.66462e-12
1759	8.63834e-12
1760	8.61213e-12
1761	8.58599e-12
1762	8.55992e-12
1763	8.53393e-12
1764	8.508e-12
1765	8.48213e-12
1766	8.45634e-12
1767	8.43062e-12
1768	8.40497e-12
1769	8.37938e-12
1770	8.35387e-12
1771	8.32842e-12
1772	8.30304e-12
1773	8.27773e-12
1774	8.25248e-12
1775	8.22731e-12
1776	8.2022e-12
1777	8.17716e-12
1778	8.15219e-12
1779	8.12728e-12
1780	8.10244e-12
1781	8.07767e-12
1782	8.05297e-12
1783	8.02833e-12
1784	8.00376e-12
1785	7.97926e-12
1786	7.95482e-12
1787	7.93045e-12
1788	7.90614e-12
1789	7.8819e-12
1790	7.85773e-12
1791	7.83362e-12
1792	7.80958e-12
1793	7.7856e-12
1794	7.76169e-12
1795	7.73784e-12
1796	7.71406e-12
1797	7.69034e-12
1798	7.66669e-12
1799	7.6431e-12
1800	7.61958e-12
1801	7.59612e-12
1802	7.57272e-12
1803	7.54939e-12
1804	7.52612e-12
1805	7.50292e-12
1806	7.47978e-12
1807	7.4567e-12
1808	7.43369e-12
1809	7.41074e-12
1810	7.38785e-12
1811	7.36503e-12
1812	7.34226e-12
1813	7.31957e-12
1814	7.29693e-12
1815	7.27435e-12
1816	7.25184e-12
1817	7.22939e-12
1818	7.207e-12
1819	7.18468e-12
1820	7.16241e-12
1821	7.14021e-12
1822	7.11807e-12
1823	7.09599e-12
1824	7.07397e-12
1825	7.05201e-12
1826	7.03011e-12
1827	7.00827e-12
1828	6.9865e-12
1829	6.96478e-12
1830	6.94312e-12
1831	6.92153e-12
1832	6.89999e-12
1833	6.87852e-12
1834	6.8571e-12
1835	6.83574e-12
1836	6.81445e-12
1837	6.79321e-12
1838	6.77203e-12
1839	6.75091e-12
1840	6.72985e-12
1841	6.70885e-12
1842	6.68791e-12
1843	6.66702e-12
1844	6.6462e-12
1845	6.62543e-12
1846	6.60472e-12
1847	6.58407e-12
1848	6.56347e-12
1849	6.54294e-12
1850	6.52246e-12
1851	6.50204e-12
1852	6.48167e-12
1853	6.46137e-12
1854	6.44112e-12
1855	6.42093e-12
1856	6.40079e-12
1857	6.38071e-12
1858	6.36069e-12
1859	6.34072e-12
1860	6.32081e-12
1861	6.30096e-12
1862	6.28116e-12
1863	6.26142e-12
1864	6.24174e-12
1865	6.22211e-12
1866	6.20253e-12
1867	6.18301e-12
1868	6.16355e-12
1869	6.14414e-12
1870	6.12479e-12
1871	6.10549e-12
1872	6.08625e-12
1873	6.06706e-12
1874	6.04792e-12
1875	6.02884e-12
1876	6.00982e-12
1877	5.99085e-12
1878	5.97193e-12
1879	5.95306e-12
1880	5.93425e-12
1881	5.9155e-12
1882	5.89679e-12
1883	5.87814e-12
1884	5.85955e-12
1885	5.841e-12
1886	5.82251e-12
1887	5.80408e-12
1888	5.78569e-12
1889	5.76736e-12
1890	5.74908e-12
1891	5.73085e-12
1892	5.71268e-12
1893	5.69455e-12
1894	5.67648e-12
1895	5.65846e-12
1896	5.6405e-12
1897	5.62258e-12
1898	5.60471e-12
1899	5.5869e-12
1900	5.56914e-12
1901	5.55143e-12
1902	5.53377e-12
1903	5.51616e-12
1904	5.4986e-12
1905	5.4811e-12
1906	5.46364e-12
1907	5.44623e-12
1908	5.42888e-12
1909	5.41157e-12
1910	5.39431e-12
1911	5.37711e-12
1912	5.35995e-12
1913	5.34284e-12
1914	5.32579e-12
1915	5.30878e-12
1916	5.29182e-12
1917	5.27491e-12
1918	5.25805e-12
1919	5.24124e-12
1920	5.22448e-12
1921	5.20776e-12
1922	5.1911e-12
1923	5.17448e-12
1924	5.15791e-12
1925	5.14139e-12
1926	5.12492e-12
1927	5.1085e-12
1928	5.09212e-12
1929	5.07579e-12
1930	5.05951e-12
1931	5.04328e-12
1932	5.02709e-12
1933	5.01095e-12
1934	4.99486e-12
1935	4.97881e-12
1936	4.96282e-12
1937	4.94687e-12
1938	4.93096e-12
1939	4.9151e-12
1940	4.89929e-12
1941	4.88353e-12
1942	4.86781e-12
1943	4.85214e-12
1944	4.83651e-12
1945	4.82093e-12
1946	4.8054e-12
1947	4.78991e-12
1948	4.77446e-12
1949	4.75907e-12
1950	4.74371e-12
1951	4.72841e-12
1952	4.71314e-12
1953	4.69792e-12
1954	4.68275e-12
1955	4.66762e-12
1956	4.65254e-12
1957	4.6375e-12
1958	4.62251e-12
1959	4.60756e-12
1960	4.59265e-12
1961	4.57779e-12
1962	4.56297e-12
1963	4.5482e-12
1964	4.53347e-12
1965	4.51878e-12
1966	4.50414e-12
1967	4.48954e-12
1968	4.47498e-12
1969	4.46047e-12
1970	4.446e-12
1971	4.43157e-12
1972	4.41719e-12
1973	4.40285e-12
1974	4.38855e-12
1975	4.37429e-12
1976	4.36008e-12
1977	4.34591e-12
1978	4.33178e-12
1979	4.31769e-12
1980	4.30364e-12
1981	4.28964e-12
1982	4.27568e-12
1983	4.26176e-12
1984	4.24788e-12
1985	4.23404e-12
1986	4.22025e-12
1987	4.20649e-12
1988	4.19278e-12
1989	4.17911e-12
1990	4.16548e-12
1991	4.15188e-12
1992	4.13833e-12
1993	4.12483e-12
1994	4.11136e-12
1995	4.09793e-12
1996	4.08454e-12
1997	4.07119e-12
1998	4.05788e-12
1999	4.04462e-12
2000	4.03139e-12
2001	4.0182e-12
2002	4.00505e-12
2003	3.99194e-12
2004	3.97887e-12
2005	3.96584e-12
2006	3.95285e-12
2007	3.9399e-12
2008	3.92699e-12
2009	3.91411e-12
2010	3.90128e-12
2011	3.88848e-12
2012	3.87573e-12
2013	3.86301e-12
2014	3.85033e-12
2015	3.83768e-12
2016	3.82508e-12
2017	3.81251e-12
2018	3.79999e-12
2019	3.7875e-12
2020	3.77504e-12
2021	3.76263e-12
2022	3.75025e-12
2023	3.73791e-12
2024	3.72561e-12
2025	3.71335e-12
2026	3.70112e-12
2027	3.68893e-12
2028	3.67678e-12
2029	3.66466e-12
2030	3.65258e-12
2031	3.64054e-12
2032	3.62853e-12
2033	3.61656e-12
2034	3.60463e-12
2035	3.59273e-12
2036	3.58087e-12
2037	3.56905e-12
2038	3.55726e-12
2039	3.54551e-12
2040	3.53379e-12
2041	3.52211e-12
2042	3.51047e-12
2043	3.49886e-12
2044	3.48728e-12
2045	3.47575e-12
2046	3.46424e-12
2047	3.45278e-12
2048	3.44134e-12
2049	3.42994e-12
2050	3.41858e-12
2051	3.40725e-12
2052	3.39596e-12
2053	3.3847e-12
2054	3.37348e-12
2055	3.36229e-12
2056	3.35113e-12
2057	3.34001e-12
2058	3.32892e-12
2059	3.31787e-12
2060	3.30685e-12
2061	3.29587e-12
2062	3.28492e-12
2063	3.274e-12
2064	3.26312e-12
2065	3.25227e-12
2066	3.24145e-12
2067	3.23066e-12
2068	3.21991e-12
2069	3.2092e-12
2070	3.19851e-12
2071	3.18786e-12
2072	3.17724e-12
2073	3.16666e-12
2074	3.15611e-12
2075	3.14559e-12
2076	3.1351e-12
2077	3.12464e-12
2078	3.11422e-12
2079	3.10383e-12
2080	3.09347e-12
2081	3.08315e-12
2082	3.07285e-12
2083	3.06259e-12
2084	3.05236e-12
2085	3.04216e-12
2086	3.03199e-12
2087	3.02186e-12
2088	3.01175e-12
2089	3.00168e-12
2090	2.99164e-12
2091	2.98163e-12
2092	2.97165e-12
2093	2.9617e-12
2094	2.95179e-12
2095	2.9419e-12
2096	2.93204e-12
2097	2.92222e-12
2098	2.91242e-12
2099	2.90266e-12
2100	2.89293e-12
2101	2.88323e-12
2102	2.87355e-12
2103	2.86391e-12
2104	2.8543e-12
2105	2.84472e-12
2106	2.83516e-12
2107	2.82564e-12
2108	2.81615e-12
2109	2.80669e-12
2110	2.79725e-12
2111	2.78785e-12
2112	2.77848e-12
2113	2.76913e-12
2114	2.75981e-12
2115	2.75053e-12
2116	2.74127e-12
2117	2.73204e-12
2118	2.72284e-12
2119	2.71367e-12
2120	2.70453e-12
2121	2.69542e-12
2122	2.68633e-12
2123	2.67728e-12
2124	2.66825e-12
2125	2.65925e-12
2126	2.65028e-12
2127	2.64134e-12
2128	2.63242e-12
2129	2.62354e-12
2130	2.61468e-12
2131	2.60585e-12
2132	2.59705e-12
2133	2.58827e-12
2134	2.57953e-12
2135	2.57081e-12
2136	2.56211e-12
2137	2.55345e-12
2138	2.54481e-12
2139	2.5362e-12
2140	2.52762e-12
2141	2.51906e-12
2142	2.51054e-12
2143	2.50203e-12
2144	2.49356e-12
2145	2.48511e-12
2146	2.47669e-12
2147	2.4683e-12
2148	2.45993e-12
2149	2.45159e-12
2150	2.44327e-12
2151	2.43498e-12
2152	2.42672e-12
2153	2.41849e-12
2154	2.41028e-12
2155	2.40209e-12
2156	2.39393e-12
2157	2.3858e-12
2158	2.3777e-12
2159	2.36962e-12
2160	2.36156e-12
2161	2.35353e-12
2162	2.34553e-12
2163	2.33755e-12
2164	2.3296e-12
2165	2.32167e-12
2166	2.31377e-12
2167	2.30589e-12
2168	2.29804e-12
2169	2.29022e-12
2170	2.28241e-12
2171	2.27464e-12
2172	2.26689e-12
2173	2.25916e-12
2174	2.25146e-12
2175	2.24378e-12
2176	2.23612e-12
2177	2.2285e-12
2178	2.22089e-12
2179	2.21331e-12
2180	2.20576e-12
2181	2.19822e-12
2182	2.19072e-12
2183	2.18323e-12
2184	2.17577e-12
2185	2.16834e-12
2186	2.16093e-12
2187	2.15354e-12
2188	2.14617e-12
2189	2.13883e-12
2190	2.13152e-12
2191	2.12422e-12
2192	2.11695e-12
2193	2.1097e-12
2194	2.10248e-12
2195	2.09528e-12
2196	2.0881e-12
2197	2.08095e-12
2198	2.07382e-12
2199	2.06671e-12
2200	2.05962e-12
2201	2.05256e-12
2202	2.04552e-12
2203	2.03851e-12
2204	2.03151e-12
2205	2.02454e-12
2206	2.01759e-12
2207	2.01066e-12
2208	2.00376e-12
2209	1.99688e-12
2210	1.99002e-12
2211	1.98318e-12
2212	1.97636e-12
2213	1.96957e-12
2214	1.9628e-12
2215	1.95605e-12
2216	1.94932e-12
2217	1.94261e-12
2218	1.93593e-12
2219	1.92926e-12
2220	1.92262e-12
2221	1.916e-12
2222	1.9094e-12
2223	1.90283e-12
2224	1.89627e-12
2225	1.88973e-12
2226	1.88322e-12
2227	1.87673e-12
2228	1.87026e-12
2229	1.86381e-12
2230	1.85738e-12
2231	1.85097e-12
2232	1.84458e-12
2233	1.83822e-12
2234	1.83187e-12
2235	1.82554e-12
2236	1.81924e-12
2237	1.81295e-12
2238	1.80669e-12
2239	1.80045e-12
2240	1.79422e-12
2241	1.78802e-12
2242	1.78184e-12
2243	1.77568e-12
2244	1.76953e-12
2245	1.76341e-12
2246	1.75731e-12
2247	1.75123e-12
2248	1.74516e-12
2249	1.73912e-12
2250	1.7331e-12
2251	1.72709e-12
2252	1.72111e-12
2253	1.71514e-12
2254	1.7092e-12
2255	1.70327e-12
2256	1.69737e-12
2257	1.69148e-12
2258	1.68561e-12
2259	1.67977e-12
2260	1.67394e-12
2261	1.66813e-12
2262	1.66234e-12
2263	1.65656e-12
2264	1.65081e-12
2265	1.64508e-12
2266	1.63936e-12
2267	1.63366e-12
2268	1.62799e-12
2269	1.62233e-12
2270	1.61669e-12
2271	1.61106e-12
2272	1.60546e-12
2273	1.59987e-12
2274	1.59431e-12
2275	1.58876e-12
2276	1.58323e-12
2277	1.57772e-12
2278	1.57222e-12
2279	1.56675e-12
2280	1.56129e-12
2281	1.55585e-12
2282	1.55043e-12
2283	1.54502e-12
2284	1.53963e-12
2285	1.53427e-12
2286	1.52892e-12
2287	1.52358e-12
2288	1.51827e-12
2289	1.51297e-12
2290	1.50769e-12
2291	1.50242e-12
2292	1.49718e-12
2293	1.49195e-12
2294	1.48674e-12
2295	1.48154e-12
2296	1.47637e-12
2297	1.47121e-12
2298	1.46606e-12
2299	1.46094e-12
2300	1.45583e-12
2301	1.45074e-12
2302	1.44566e-12
2303	1.4406e-12
2304	1.43556e-12
2305	1.43054e-12
2306	1.42553e-12
2307	1.42054e-12
2308	1.41556e-12
2309	1.41061e-12
2310	1.40566e-12
2311	1.40074e-12
2312	1.39583e-12
2313	1.39094e-12
2314	1.38606e-12
2315	1.3812e-12
2316	1.37635e-12
2317	1.37153e-12
2318	1.36671e-12
2319	1.36192e-12
2320	1.35714e-12
2321	1.35237e-12
2322	1.34762e-12
2323	1.34289e-12
2324	1.33817e-12
2325	1.33347e-12
2326	1.32879e-12
2327	1.32412e-12
2328	1.31946e-12
2329	1.31482e-12
2330	1.3102e-12
2331	1.30559e-12
2332	1.301e-12
2333	1.29642e-12
2334	1.29186e-12
2335	1.28731e-12
2336	1.28278e-12
2337	1.27827e-12
2338	1.27377e-12
2339	1.26928e-12
2340	1.26481e-12
2341	1.26035e-12
2342	1.25591e-12
2343	1.25148e-12
2344	1.24707e-12
2345	1.24267e-12
2346	1.23829e-12
2347	1.23392e-12
2348	1.22957e-12
2349	1.22523e-12
2350	1.22091e-12
2351	1.2166e-12
2352	1.2123e-12
2353	1.20802e-12
2354	1.20376e-12
2355	1.19951e-12
2356	1.19527e-12
2357	1.19104e-12
2358	1.18684e-12
2359	1.18264e-12
2360	1.17846e-12
2361	1.17429e-12
2362	1.17014e-12
2363	1.166e-12
2364	1.16188e-12
2365	1.15776e-12
2366	1.15367e-12
2367	1.14958e-12
2368	1.14551e-12
2369	1.14146e-12
2370	1.13742e-12
2371	1.13339e-12
2372	1.12937e-12
2373	1.12537e-12
2374	1.12138e-12
2375	1.11741e-12
2376	1.11344e-12
2377	1.1095e-12
2378	1.10556e-12
2379	1.10164e-12
2380	1.09773e-12
2381	1.09384e-12
2382	1.08996e-12
2383	1.08609e-12
2384	1.08223e-12
2385	1.07839e-12
2386	1.07456e-12
2387	1.07074e-12
2388	1.06694e-12
2389	1.06315e-12
2390	1.05937e-12
2391	1.0556e-12
2392	1.05185e-12
2393	1.04811e-12
2394	1.04438e-12
2395	1.04067e-12
2396	1.03697e-12
2397	1.03328e-12
2398	1.0296e-12
2399	1.02594e-12
2400	1.02228e-12
2401	1.01864e-12
2402	1.01502e-12
2403	1.0114e-12
2404	1.0078e-12
2405	1.00421e-12
2406	1.00063e-12
2407	9.97063e-13
2408	9.93509e-13
2409	9.89967e-13
2410	9.86436e-13
2411	9.82918e-13
2412	9.79412e-13
2413	9.75918e-13
2414	9.72436e-13
2415	9.68965e-13
2416	9.65507e-13
2417	9.6206e-13
2418	9.58625e-13
2419	9.55201e-13
2420	9.5179e-13
2421	9.4839e-13
2422	9.45001e-13
2423	9.41624e-13
2424	9.38258e-13
2425	9.34904e-13
2426	9.31562e-13
2427	9.28231e-13
2428	9.24911e-13
2429	9.21602e-13
2430	9.18305e-13
2431	9.15019e-13
2432	9.11745e-13
2433	9.08481e-13
2434	9.05229e-13
2435	9.01987e-13
2436	8.98757e-13
2437	8.95538e-13
2438	8.9233e-13
2439	8.89133e-13
2440	8.85946e-13
2441	8.82771e-13
2442	8.79607e-13
2443	8.76453e-13
2444	8.7331e-13
2445	8.70178e-13
2446	8.67057e-13
2447	8.63946e-13
2448	8.60846e-13
2449	8.57757e-13
2450	8.54678e-13
2451	8.5161e-13
2452	8.48552e-13
2453	8.45505e-13
2454	8.42468e-13
2455	8.39442e-13
2456	8.36426e-13
2457	8.3342e-13
2458	8.30425e-13
2459	8.2744e-13
2460	8.24465e-13
2461	8.21501e-13
2462	8.18546e-13
2463	8.15602e-13
2464	8.12668e-13
2465	8.09744e-13
2466	8.0683e-13
2467	8.03926e-13
2468	8.01033e-13
2469	7.98149e-13
2470	7.95275e-13
2471	7.92411e-13
2472	7.89556e-13
2473	7.86712e-13
2474	7.83877e-13
2475	7.81053e-13
2476	7.78237e-13
2477	7.75432e-13
2478	7.72636e-13
2479	7.6985e-13
2480	7.67074e-13
2481	7.64307e-13
2482	7.6155e-13
2483	7.58802e-13
2484	7.56064e-13
2485	7.53335e-13
2486	7.50615e-13
2487	7.47905e-13
2488	7.45205e-13
2489	7.42513e-13
2490	7.39831e-13
2491	7.37158e-13
2492	7.34495e-13
2493	7.31841e-13
2494	7.29195e-13
2495	7.2656e-13
2496	7.23933e-13
2497	7.21315e-13
2498	7.18706e-13
2499	7.16107e-13
2500	7.13516e-13
2501	7.10934e-13
2502	7.08362e-13
2503	7.05798e-13
2504	7.03243e-13
2505	7.00697e-13
2506	6.9816e-13
2507	6.95631e-13
2508	6.93111e-13
2509	6.90601e-13
2510	6.88098e-13
2511	6.85605e-13
2512	6.8312e-13
2513	6.80644e-13
2514	6.78176e-13
2515	6.75717e-13
2516	6.73267e-13
2517	6.70825e-13
2518	6.68391e-13
2519	6.65966e-13
2520	6.6355e-13
2521	6.61141e-13
2522	6.58742e-13
2523	6.5635e-13
2524	6.53967e-13
2525	6.51592e-13
2526	6.49226e-13
2527	6.46867e-13
2528	6.44517e-13
2529	6.42175e-13
2530	6.39842e-13
2531	6.37516e-13
2532	6.35198e-13
2533	6.32889e-13
2534	6.30588e-13
2535	6.28294e-13
2536	6.26009e-13
2537	6.23731e-13
2538	6.21462e-13
2539	6.19201e-13
2540	6.16947e-13
2541	6.14701e-13
2542	6.12463e-13
2543	6.10233e-13
2544	6.08011e-13
2545	6.05796e-13
2546	6.0359e-13
2547	6.01391e-13
2548	5.99199e-13
2549	5.97016e-13
2550	5.94839e-13
2551	5.92671e-13
2552	5.9051e-13
2553	5.88357e-13
2554	5.86211e-13
2555	5.84073e-13
2556	5.81942e-13
2557	5.79819e-13
2558	5.77703e-13
2559	5.75594e-13
2560	5.73493e-13
2561	5.714e-13
2562	5.69313e-13
2563	5.67234e-13
2564	5.65163e-13
2565	5.63098e-13
2566	5.61041e-13
2567	5.58991e-13
2568	5.56948e-13
2569	5.54913e-13
2570	5.52884e-13
2571	5.50863e-13
2572	5.48848e-13
2573	5.46841e-13
2574	5.44841e-13
2575	5.42848e-13
2576	5.40862e-13
2577	5.38883e-13
2578	5.36911e-13
2579	5.34945e-13
2580	5.32987e-13
2581	5.31036e-13
2582	5.29091e-13
2583	5.27154e-13
2584	5.25223e-13
2585	5.23299e-13
2586	5.21381e-13
2587	5.19471e-13
2588	5.17567e-13
2589	5.1567e-13
2590	5.13779e-13
2591	5.11896e-13
2592	5.10019e-13
2593	5.08148e-13
2594	5.06284e-13
2595	5.04427e-13
2596	5.02576e-13
2597	5.00732e-13
2598	4.98894e-13
2599	4.97063e-13
2600	4.95238e-13
2601	4.9342e-13
2602	4.91608e-13
2603	4.89803e-13
2604	4.88003e-13
2605	4.86211e-13
2606	4.84424e-13
2607	4.82644e-13
2608	4.8087e-13
2609	4.79103e-13
2610	4.77342e-13
2611	4.75587e-13
2612	4.73838e-13
2613	4.72095e-13
2614	4.70359e-13
2615	4.68628e-13
2616	4.66904e-13
2617	4.65186e-13
2618	4.63474e-13
2619	4.61768e-13
2620	4.60068e-13
2621	4.58374e-13
2622	4.56686e-13
2623	4.55005e-13
2624	4.53329e-13
2625	4.51659e-13
2626	4.49995e-13
2627	4.48336e-13
2628	4.46684e-13
2629	4.45038e-13
2630	4.43397e-13
2631	4.41763e-13
2632	4.40134e-13
2633	4.3851e-13
2634	4.36893e-13
2635	4.35281e-13
2636	4.33676e-13
2637	4.32075e-13
2638	4.30481e-13
2639	4.28892e-13
2640	4.27309e-13
2641	4.25731e-13
2642	4.24159e-13
2643	4.22593e-13
2644	4.21032e-13
2645	4.19477e-13
2646	4.17927e-13
2647	4.16383e-13
2648	4.14845e-13
2649	4.13311e-13
2650	4.11784e-13
2651	4.10262e-13
2652	4.08745e-13
2653	4.07233e-13
2654	4.05727e-13
2655	4.04226e-13
2656	4.02731e-13
2657	4.01241e-13
2658	3.99756e-13
2659	3.98277e-13
2660	3.96803e-13
2661	3.95334e-13
2662	3.93871e-13
2663	3.92412e-13
2664	3.90959e-13
2665	3.89511e-13
2666	3.88068e-13
2667	3.86631e-13
2668	3.85198e-13
2669	3.83771e-13
2670	3.82348e-13
2671	3.80931e-13
2672	3.79519e-13
2673	3.78112e-13
2674	3.7671e-13
2675	3.75313e-13
2676	3.73921e-13
2677	3.72534e-13
2678	3.71152e-13
2679	3.69775e-13
2680	3.68402e-13
2681	3.67035e-13
2682	3.65673e-13
2683	3.64315e-13
2684	3.62963e-13
2685	3.61615e-13
2686	3.60272e-13
2687	3.58934e-13
2688	3.576e-13
2689	3.56272e-13
2690	3.54948e-13
2691	3.53629e-13
2692	3.52314e-13
2693	3.51005e-13
2694	3.497e-13
2695	3.484e-13
2696	3.47104e-13
2697	3.45813e-13
2698	3.44527e-13
2699	3.43245e-13
2700	3.41968e-13
2701	3.40696e-13
2702	3.39428e-13
2703	3.38165e-13
2704	3.36906e-13
2705	3.35651e-13
2706	3.34402e-13
2707	3.33156e-13
2708	3.31916e-13
2709	3.30679e-13
2710	3.29447e-13
2711	3.2822e-13
2712	3.26997e-13
2713	3.25778e-13
2714	3.24564e-13
2715	3.23354e-13
2716	3.22149e-13
2717	3.20948e-13
2718	3.19751e-13
2719	3.18558e-13
2720	3.1737e-13
2721	3.16186e-13
2722	3.15007e-13
2723	3.13831e-13
2724	3.1266e-13
2725	3.11493e-13
2726	3.1033e-13
2727	3.09172e-13
2728	3.08017e-13
2729	3.06867e-13
2730	3.05721e-13
2731	3.04579e-13
2732	3.03441e-13
2733	3.02308e-13
2734	3.01178e-13
2735	3.00053e-13
2736	2.98931e-13
2737	2.97814e-13
2738	2.96701e-13
2739	2.95591e-13
2740	2.94486e-13
2741	2.93385e-13
2742	2.92287e-13
2743	2.91194e-13
2744	2.90105e-13
2745	2.89019e-13
2746	2.87938e-13
2747	2.8686e-13
2748	2.85786e-13
2749	2.84716e-13
2750	2.8365e-13
2751	2.82588e-13
2752	2.8153e-13
2753	2.80476e-13
2754	2.79425e-13
2755	2.78378e-13
2756	2.77335e-13
2757	2.76296e-13
2758	2.75261e-13
2759	2.74229e-13
2760	2.73201e-13
2761	2.72177e-13
2762	2.71156e-13
2763	2.7014e-13
2764	2.69127e-13
2765	2.68117e-13
2766	2.67111e-13
2767	2.66109e-13
2768	2.65111e-13
2769	2.64116e-13
2770	2.63125e-13
2771	2.62137e-13
2772	2.61153e-13
2773	2.60173e-13
2774	2.59196e-13
2775	2.58222e-13
2776	2.57252e-13
2777	2.56286e-13
2778	2.55323e-13
2779	2.54364e-13
2780	2.53408e-13
2781	2.52456e-13
2782	2.51507e-13
2783	2.50562e-13
2784	2.4962e-13
2785	2.48681e-13
2786	2.47746e-13
2787	2.46815e-13
2788	2.45886e-13
2789	2.44961e-13
2790	2.4404e-13
2791	2.43122e-13
2792	2.42207e-13
2793	2.41295e-13
2794	2.40387e-13
2795	2.39482e-13
2796	2.38581e-13
2797	2.37682e-13
2798	2.36787e-13
2799	2.35896e-13
2800	2.35007e-13
2801	2.34122e-13
2802	2.3324e-13
2803	2.32361e-13
2804	2.31486e-13
2805	2.30613e-13
2806	2.29744e-13
2807	2.28878e-13
2808	2.28015e-13
2809	2.27155e-13
2810	2.26299e-13
2811	2.25445e-13
2812	2.24595e-13
2813	2.23748e-13
2814	2.22904e-13
2815	2.22063e-13
2816	2.21225e-13
2817	2.2039e-13
2818	2.19558e-13
2819	2.18729e-13
2820	2.17904e-13
2821	2.17081e-13
2822	2.16261e-13
2823	2.15444e-13
2824	2.14631e-13
2825	2.1382e-13
2826	2.13012e-13
2827	2.12207e-13
2828	2.11405e-13
2829	2.10607e-13
2830	2.09811e-13
2831	2.09017e-13
2832	2.08227e-13
2833	2.0744e-13
2834	2.06656e-13
2835	2.05874e-13
2836	2.05095e-13
2837	2.0432e-13
2838	2.03547e-13
2839	2.02777e-13
2840	2.02009e-13
2841	2.01245e-13
2842	2.00483e-13
2843	1.99724e-13
2844	1.98968e-13
2845	1.98215e-13
2846	1.97464e-13
2847	1.96717e-13
2848	1.95972e-13
2849	1.95229e-13
2850	1.9449e-13
2851	1.93753e-13
2852	1.93019e-13
2853	1.92287e-13
2854	1.91559e-13
2855	1.90833e-13
2856	1.90109e-13
2857	1.89388e-13
2858	1.8867e-13
2859	1.87955e-13
2860	1.87242e-13
2861	1.86532e-13
2862	1.85824e-13
2863	1.85119e-13
2864	1.84417e-13
2865	1.83717e-13
2866	1.8302e-13
2867	1.82325e-13
2868	1.81633e-13
2869	1.80944e-13
2870	1.80257e-13
2871	1.79572e-13
2872	1.7889e-13
2873	1.78211e-13
2874	1.77534e-13
2875	1.7686e-13
2876	1.76188e-13
2877	1.75518e-13
2878	1.74851e-13
2879	1.74187e-13
2880	1.73525e-13
2881	1.72865e-13
2882	1.72208e-13
2883	1.71553e-13
2884	1.70901e-13
2885	1.70251e-13
2886	1.69603e-13
2887	1.68958e-13
2888	1.68316e-13
2889	1.67675e-13
2890	1.67037e-13
2891	1.66402e-13
2892	1.65768e-13
2893	1.65137e-13
2894	1.64509e-13
2895	1.63882e-13
2896	1.63258e-13
2897	1.62637e-13
2898	1.62017e-13
2899	1.614e-13
2900	1.60785e-13
2901	1.60173e-13
2902	1.59563e-13
2903	1.58955e-13
2904	1.58349e-13
2905	1.57745e-13
2906	1.57144e-13
2907	1.56545e-13
2908	1.55948e-13
2909	1.55354e-13
2910	1.54761e-13
2911	1.54171e-13
2912	1.53583e-13
2913	1.52997e-13
2914	1.52413e-13
2915	1.51832e-13
2916	1.51253e-13
2917	1.50675e-13
2918	1.501e-13
2919	1.49527e-13
2920	1.48957e-13
2921	1.48388e-13
2922	1.47821e-13
2923	1.47257e-13
2924	1.46695e-13
2925	1.46134e-13
2926	1.45576e-13
2927	1.4502e-13
2928	1.44466e-13
2929	1.43914e-13
2930	1.43364e-13
2931	1.42816e-13
2932	1.4227e-13
2933	1.41726e-13
2934	1.41184e-13
2935	1.40645e-13
2936	1.40107e-13
2937	1.39571e-13
2938	1.39037e-13
2939	1.38505e-13
2940	1.37976e-13
2941	1.37448e-13
2942	1.36922e-13
2943	1.36398e-13
2944	1.35876e-13
2945	1.35356e-13
2946	1.34838e-13
2947	1.34321e-13
2948	1.33807e-13
2949	1.33295e-13
2950	1.32784e-13
2951	1.32276e-13
2952	1.31769e-13
2953	1.31264e-13
2954	1.30762e-13
2955	1.30261e-13
2956	1.29761e-13
2957	1.29264e-13
2958	1.28769e-13
2959	1.28275e-13
2960	1.27783e-13
2961	1.27294e-13
2962	1.26805e-13
2963	1.26319e-13
2964	1.25835e-13
2965	1.25352e-13
2966	1.24871e-13
2967	1.24392e-13
2968	1.23915e-13
2969	1.2344e-13
2970	1.22966e-13
2971	1.22494e-13
2972	1.22024e-13
2973	1.21555e-13
2974	1.21089e-13
2975	1.20624e-13
2976	1.20161e-13
2977	1.19699e-13
2978	1.1924e-13
2979	1.18782e-13
2980	1.18325e-13
2981	1.17871e-13
2982	1.17418e-13
2983	1.16967e-13
2984	1.16517e-13
2985	1.16069e-13
2986	1.15623e-13
2987	1.15179e-13
2988	1.14736e-13
2989	1.14295e-13
2990	1.13855e-13
2991	1.13418e-13
2992	1.12981e-13
2993	1.12547e-13
2994	1.12114e-13
2995	1.11683e-13
2996	1.11253e-13
2997	1.10825e-13
2998	1.10398e-13
2999	1.09973e-13
