1	5.38942e-17
2	3.03938e-16
3	8.35099e-16
4	1.70937e-15
5	2.97771e-15
6	4.684e-15
7	6.86713e-15
8	9.5621e-15
9	1.28008e-14
10	1.66127e-14
11	2.10249e-14
12	2.60628e-14
13	3.17501e-14
14	3.81089e-14
15	4.51602e-14
16	5.29239e-14
17	6.14184e-14
18	7.06617e-14
19	8.06703e-14
20	9.14603e-14
21	1.03047e-13
22	1.15444e-13
23	1.28666e-13
24	1.42726e-13
25	1.57636e-13
26	1.73408e-13
27	1.90054e-13
28	2.07584e-13
29	2.26009e-13
30	2.45338e-13
31	2.65581e-13
32	2.86747e-13
33	3.08844e-13
34	3.31882e-13
35	3.55866e-13
36	3.80806e-13
37	4.06707e-13
38	4.33577e-13
39	4.61422e-13
40	4.90249e-13
41	5.20062e-13
42	5.50868e-13
43	5.82672e-13
44	6.15478e-13
45	6.49292e-13
46	6.84117e-13
47	7.19958e-13
48	7.56819e-13
49	7.94703e-13
50	8.33614e-13
51	8.73555e-13
52	9.14529e-13
53	9.56539e-13
54	9.99588e-13
55	1.04368e-12
56	1.08881e-12
57	1.13499e-12
58	1.18221e-12
59	1.23048e-12
60	1.2798e-12
61	1.33017e-12
62	1.3816e-12
63	1.43408e-12
64	1.48761e-12
65	1.54219e-12
66	1.59783e-12
67	1.65453e-12
68	1.71228e-12
69	1.77109e-12
70	1.83095e-12
71	1.89186e-12
72	1.95383e-12
73	2.01686e-12
74	2.08093e-12
75	2.14606e-12
76	2.21224e-12
77	2.27947e-12
78	2.34776e-12
79	2.41708e-12
80	2.48746e-12
81	2.55888e-12
82	2.63134e-12
83	2.70485e-12
84	2.77939e-12
85	2.85498e-12
86	2.9316e-12
87	3.00925e-12
88	3.08794e-12
89	3.16765e-12
90	3.24839e-12
91	3.33016e-12
92	3.41294e-12
93	3.49675e-12
94	3.58157e-12
95	3.66741e-12
96	3.75426e-12
97	3.84211e-12
98	3.93097e-12
99	4.02083e-12
100	4.11169e-12
101	4.20354e-12
102	4.29638e-12
103	4.39022e-12
104	4.48503e-12
105	4.58083e-12
106	4.67761e-12
107	4.77535e-12
108	4.87407e-12
109	4.97376e-12
110	5.0744e-12
111	5.176e-12
112	5.27856e-12
113	5.38207e-12
114	5.48652e-12
115	5.59191e-12
116	5.69825e-12
117	5.80551e-12
118	5.9137e-12
119	6.02282e-12
120	6.13285e-12
121	6.2438e-12
122	6.35566e-12
123	6.46843e-12
124	6.5821e-12
125	6.69666e-12
126	6.81212e-12
127	6.92846e-12
128	7.04568e-12
129	7.16378e-12
130	7.28276e-12
131	7.4026e-12
132	7.5233e-12
133	7.64486e-12
134	7.76727e-12
135	7.89053e-12
136	8.01463e-12
137	8.13957e-12
138	8.26534e-12
139	8.39194e-12
140	8.51935e-12
141	8.64758e-12
142	8.77662e-12
143	8.90647e-12
144	9.03712e-12
145	9.16856e-12
146	9.30079e-12
147	9.4338e-12
148	9.56759e-12
149	9.70215e-12
150	9.83748e-12
151	9.97357e-12
152	1.01104e-11
153	1.0248e-11
154	1.03863e-11
155	1.05254e-11
156	1.06652e-11
157	1.08058e-11
158	1.0947e-11
159	1.1089e-11
160	1.12317e-11
161	1.13751e-11
162	1.15191e-11
163	1.16639e-11
164	1.18094e-11
165	1.19555e-11
166	1.21023e-11
167	1.22498e-11
168	1.2398e-11
169	1.25468e-11
170	1.26962e-11
171	1.28463e-11
172	1.29971e-11
173	1.31484e-11
174	1.33004e-11
175	1.34531e-11
176	1.36063e-11
177	1.37601e-11
178	1.39146e-11
179	1.40696e-11
180	1.42253e-11
181	1.43815e-11
182	1.45383e-11
183	1.46957e-11
184	1.48536e-11
185	1.50121e-11
186	1.51712e-11
187	1.53308e-11
188	1.54909e-11
189	1.56516e-11
190	1.58128e-11
191	1.59745e-11
192	1.61368e-11
193	1.62996e-11
194	1.64628e-11
195	1.66266e-11
196	1.67909e-11
197	1.69556e-11
198	1.71209e-11
199	1.72866e-11
200	1.74528e-11
201	1.76194e-11
202	1.77865e-11
203	1.79541e-11
204	1.81221e-11
205	1.82905e-11
206	1.84594e-11
207	1.86287e-11
208	1.87984e-11
209	1.89685e-11
210	1.91391e-11
211	1.931e-11
212	1.94813e-11
213	1.96531e-11
214	1.98252e-11
215	1.99977e-11
216	2.01705e-11
217	2.03438e-11
218	2.05174e-11
219	2.06913e-11
220	2.08656e-11
221	2.10402e-11
222	2.12152e-11
223	2.13905e-11
224	2.15661e-11
225	2.17421e-11
226	2.19183e-11
227	2.20949e-11
228	2.22717e-11
229	2.24489e-11
230	2.26263e-11
231	2.28041e-11
232	2.29821e-11
233	2.31603e-11
234	2.33389e-11
235	2.35177e-11
236	2.36967e-11
237	2.3876e-11
238	2.40556e-11
239	2.42353e-11
240	2.44153e-11
241	2.45956e-11
242	2.4776e-11
243	2.49566e-11
244	2.51375e-11
245	2.53186e-11
246	2.54998e-11
247	2.56813e-11
248	2.58629e-11
249	2.60447e-11
250	2.62267e-11
251	2.64088e-11
252	2.65911e-11
253	2.67736e-11
254	2.69562e-11
255	2.7139e-11
256	2.73218e-11
257	2.75049e-11
258	2.7688e-11
259	2.78713e-11
260	2.80547e-11
261	2.82382e-11
262	2.84218e-11
263	2.86055e-11
264	2.87893e-11
265	2.89732e-11
266	2.91571e-11
267	2.93412e-11
268	2.95253e-11
269	2.97095e-11
270	2.98937e-11
271	3.0078e-11
272	3.02624e-11
273	3.04467e-11
274	3.06312e-11
275	3.08156e-11
276	3.10001e-11
277	3.11847e-11
278	3.13692e-11
279	3.15538e-11
280	3.17383e-11
281	3.19229e-11
282	3.21075e-11
283	3.2292e-11
284	3.24765e-11
285	3.26611e-11
286	3.28456e-11
287	3.30301e-11
288	3.32145e-11
289	3.33989e-11
290	3.35833e-11
291	3.37676e-11
292	3.39518e-11
293	3.41361e-11
294	3.43202e-11
295	3.45043e-11
296	3.46883e-11
297	3.48722e-11
298	3.5056e-11
299	3.52398e-11
300	3.54235e-11
301	3.5607e-11
302	3.57905e-11
303	3.59739e-11
304	3.61571e-11
305	3.63403e-11
306	3.65233e-11
307	3.67062e-11
308	3.68889e-11
309	3.70716e-11
310	3.72541e-11
311	3.74364e-11
312	3.76186e-11
313	3.78007e-11
314	3.79826e-11
315	3.81643e-11
316	3.83459e-11
317	3.85272e-11
318	3.87085e-11
319	3.88895e-11
320	3.90704e-11
321	3.9251e-11
322	3.94315e-11
323	3.96118e-11
324	3.97919e-11
325	3.99718e-11
326	4.01514e-11
327	4.03309e-11
328	4.05101e-11
329	4.06892e-11
330	4.0868e-11
331	4.10465e-11
332	4.12249e-11
333	4.14029e-11
334	4.15808e-11
335	4.17584e-11
336	4.19358e-11
337	4.21129e-11
338	4.22897e-11
339	4.24663e-11
340	4.26426e-11
341	4.28186e-11
342	4.29944e-11
343	4.31699e-11
344	4.33451e-11
345	4.352e-11
346	4.36947e-11
347	4.3869e-11
348	4.40431e-11
349	4.42168e-11
350	4.43903e-11
351	4.45634e-11
352	4.47363e-11
353	4.49088e-11
354	4.5081e-11
355	4.52528e-11
356	4.54244e-11
357	4.55956e-11
358	4.57665e-11
359	4.59371e-11
360	4.61073e-11
361	4.62771e-11
362	4.64467e-11
363	4.66158e-11
364	4.67847e-11
365	4.69531e-11
366	4.71212e-11
367	4.7289e-11
368	4.74564e-11
369	4.76234e-11
370	4.779e-11
371	4.79563e-11
372	4.81222e-11
373	4.82877e-11
374	4.84528e-11
375	4.86175e-11
376	4.87818e-11
377	4.89458e-11
378	4.91093e-11
379	4.92725e-11
380	4.94352e-11
381	4.95975e-11
382	4.97595e-11
383	4.9921e-11
384	5.00821e-11
385	5.02428e-11
386	5.0403e-11
387	5.05629e-11
388	5.07223e-11
389	5.08812e-11
390	5.10398e-11
391	5.11979e-11
392	5.13556e-11
393	5.15128e-11
394	5.16696e-11
395	5.1826e-11
396	5.19819e-11
397	5.21373e-11
398	5.22923e-11
399	5.24469e-11
400	5.26009e-11
401	5.27546e-11
402	5.29077e-11
403	5.30604e-11
404	5.32126e-11
405	5.33644e-11
406	5.35157e-11
407	5.36665e-11
408	5.38168e-11
409	5.39667e-11
410	5.4116e-11
411	5.42649e-11
412	5.44133e-11
413	5.45612e-11
414	5.47086e-11
415	5.48556e-11
416	5.5002e-11
417	5.51479e-11
418	5.52933e-11
419	5.54383e-11
420	5.55827e-11
421	5.57266e-11
422	5.587e-11
423	5.60129e-11
424	5.61553e-11
425	5.62972e-11
426	5.64385e-11
427	5.65794e-11
428	5.67197e-11
429	5.68595e-11
430	5.69988e-11
431	5.71375e-11
432	5.72757e-11
433	5.74134e-11
434	5.75506e-11
435	5.76872e-11
436	5.78233e-11
437	5.79589e-11
438	5.80939e-11
439	5.82284e-11
440	5.83623e-11
441	5.84957e-11
442	5.86285e-11
443	5.87609e-11
444	5.88926e-11
445	5.90238e-11
446	5.91545e-11
447	5.92846e-11
448	5.94141e-11
449	5.95431e-11
450	5.96716e-11
451	5.97995e-11
452	5.99268e-11
453	6.00536e-11
454	6.01798e-11
455	6.03054e-11
456	6.04305e-11
457	6.0555e-11
458	6.06789e-11
459	6.08023e-11
460	6.09251e-11
461	6.10473e-11
462	6.1169e-11
463	6.12901e-11
464	6.14106e-11
465	6.15305e-11
466	6.16499e-11
467	6.17687e-11
468	6.18869e-11
469	6.20045e-11
470	6.21216e-11
471	6.2238e-11
472	6.23539e-11
473	6.24692e-11
474	6.25839e-11
475	6.2698e-11
476	6.28116e-11
477	6.29245e-11
478	6.30369e-11
479	6.31486e-11
480	6.32598e-11
481	6.33704e-11
482	6.34804e-11
483	6.35898e-11
484	6.36986e-11
485	6.38068e-11
486	6.39144e-11
487	6.40214e-11
488	6.41279e-11
489	6.42337e-11
490	6.43389e-11
491	6.44436e-11
492	6.45476e-11
493	6.4651e-11
494	6.47538e-11
495	6.48561e-11
496	6.49577e-11
497	6.50587e-11
498	6.51591e-11
499	6.5259e-11
500	6.53582e-11
501	6.54568e-11
502	6.55548e-11
503	6.56522e-11
504	6.5749e-11
505	6.58452e-11
506	6.59407e-11
507	6.60357e-11
508	6.61301e-11
509	6.62238e-11
510	6.6317e-11
511	6.64095e-11
512	6.65015e-11
513	6.65928e-11
514	6.66835e-11
515	6.67736e-11
516	6.68631e-11
517	6.6952e-11
518	6.70403e-11
519	6.71279e-11
520	6.7215e-11
521	6.73014e-11
522	6.73872e-11
523	6.74725e-11
524	6.75571e-11
525	6.76411e-11
526	6.77245e-11
527	6.78072e-11
528	6.78894e-11
529	6.79709e-11
530	6.80519e-11
531	6.81322e-11
532	6.82119e-11
533	6.8291e-11
534	6.83695e-11
535	6.84474e-11
536	6.85247e-11
537	6.86013e-11
538	6.86774e-11
539	6.87528e-11
540	6.88276e-11
541	6.89019e-11
542	6.89755e-11
543	6.90485e-11
544	6.91208e-11
545	6.91926e-11
546	6.92638e-11
547	6.93343e-11
548	6.94043e-11
549	6.94736e-11
550	6.95423e-11
551	6.96104e-11
552	6.96779e-11
553	6.97448e-11
554	6.98111e-11
555	6.98768e-11
556	6.99419e-11
557	7.00063e-11
558	7.00702e-11
559	7.01335e-11
560	7.01961e-11
561	7.02581e-11
562	7.03196e-11
563	7.03804e-11
564	7.04406e-11
565	7.05003e-11
566	7.05593e-11
567	7.06177e-11
568	7.06755e-11
569	7.07327e-11
570	7.07893e-11
571	7.08453e-11
572	7.09008e-11
573	7.09556e-11
574	7.10098e-11
575	7.10634e-11
576	7.11164e-11
577	7.11688e-11
578	7.12206e-11
579	7.12719e-11
580	7.13225e-11
581	7.13725e-11
582	7.14219e-11
583	7.14708e-11
584	7.1519e-11
585	7.15667e-11
586	7.16138e-11
587	7.16602e-11
588	7.17061e-11
589	7.17514e-11
590	7.17961e-11
591	7.18402e-11
592	7.18838e-11
593	7.19267e-11
594	7.1969e-11
595	7.20108e-11
596	7.2052e-11
597	7.20926e-11
598	7.21326e-11
599	7.21721e-11
600	7.22109e-11
601	7.22492e-11
602	7.22869e-11
603	7.2324e-11
604	7.23605e-11
605	7.23965e-11
606	7.24319e-11
607	7.24667e-11
608	7.25009e-11
609	7.25346e-11
610	7.25677e-11
611	7.26002e-11
612	7.26321e-11
613	7.26635e-11
614	7.26943e-11
615	7.27245e-11
616	7.27542e-11
617	7.27833e-11
618	7.28119e-11
619	7.28398e-11
620	7.28672e-11
621	7.28941e-11
622	7.29204e-11
623	7.29461e-11
624	7.29713e-11
625	7.29959e-11
626	7.30199e-11
627	7.30434e-11
628	7.30664e-11
629	7.30888e-11
630	7.31106e-11
631	7.31319e-11
632	7.31526e-11
633	7.31728e-11
634	7.31925e-11
635	7.32116e-11
636	7.32301e-11
637	7.32481e-11
638	7.32656e-11
639	7.32825e-11
640	7.32989e-11
641	7.33147e-11
642	7.333e-11
643	7.33447e-11
644	7.3359e-11
645	7.33726e-11
646	7.33858e-11
647	7.33984e-11
648	7.34105e-11
649	7.3422e-11
650	7.34331e-11
651	7.34436e-11
652	7.34535e-11
653	7.3463e-11
654	7.34719e-11
655	7.34803e-11
656	7.34881e-11
657	7.34955e-11
658	7.35023e-11
659	7.35086e-11
660	7.35144e-11
661	7.35197e-11
662	7.35245e-11
663	7.35287e-11
664	7.35325e-11
665	7.35357e-11
666	7.35384e-11
667	7.35406e-11
668	7.35423e-11
669	7.35435e-11
670	7.35442e-11
671	7.35444e-11
672	7.35441e-11
673	7.35433e-11
674	7.3542e-11
675	7.35401e-11
676	7.35378e-11
677	7.3535e-11
678	7.35317e-11
679	7.3528e-11
680	7.35237e-11
681	7.35189e-11
682	7.35137e-11
683	7.35079e-11
684	7.35017e-11
685	7.3495e-11
686	7.34878e-11
687	7.34801e-11
688	7.3472e-11
689	7.34633e-11
690	7.34542e-11
691	7.34446e-11
692	7.34346e-11
693	7.34241e-11
694	7.34131e-11
695	7.34016e-11
696	7.33896e-11
697	7.33772e-11
698	7.33644e-11
699	7.3351e-11
700	7.33372e-11
701	7.3323e-11
702	7.33082e-11
703	7.32931e-11
704	7.32774e-11
705	7.32613e-11
706	7.32448e-11
707	7.32278e-11
708	7.32104e-11
709	7.31925e-11
710	7.31741e-11
711	7.31553e-11
712	7.31361e-11
713	7.31164e-11
714	7.30963e-11
715	7.30757e-11
716	7.30547e-11
717	7.30333e-11
718	7.30114e-11
719	7.29891e-11
720	7.29663e-11
721	7.29432e-11
722	7.29196e-11
723	7.28955e-11
724	7.28711e-11
725	7.28462e-11
726	7.28209e-11
727	7.27951e-11
728	7.2769e-11
729	7.27424e-11
730	7.27154e-11
731	7.2688e-11
732	7.26602e-11
733	7.26319e-11
734	7.26033e-11
735	7.25742e-11
736	7.25448e-11
737	7.25149e-11
738	7.24846e-11
739	7.24539e-11
740	7.24228e-11
741	7.23913e-11
742	7.23594e-11
743	7.23272e-11
744	7.22945e-11
745	7.22614e-11
746	7.22279e-11
747	7.2194e-11
748	7.21598e-11
749	7.21251e-11
750	7.20901e-11
751	7.20547e-11
752	7.20189e-11
753	7.19827e-11
754	7.19461e-11
755	7.19092e-11
756	7.18719e-11
757	7.18342e-11
758	7.17961e-11
759	7.17576e-11
760	7.17188e-11
761	7.16796e-11
762	7.164e-11
763	7.16001e-11
764	7.15598e-11
765	7.15192e-11
766	7.14781e-11
767	7.14368e-11
768	7.1395e-11
769	7.13529e-11
770	7.13105e-11
771	7.12676e-11
772	7.12245e-11
773	7.1181e-11
774	7.11371e-11
775	7.10929e-11
776	7.10483e-11
777	7.10034e-11
778	7.09581e-11
779	7.09126e-11
780	7.08666e-11
781	7.08203e-11
782	7.07737e-11
783	7.07268e-11
784	7.06795e-11
785	7.06319e-11
786	7.05839e-11
787	7.05356e-11
788	7.0487e-11
789	7.04381e-11
790	7.03888e-11
791	7.03393e-11
792	7.02893e-11
793	7.02391e-11
794	7.01886e-11
795	7.01377e-11
796	7.00865e-11
797	7.0035e-11
798	6.99832e-11
799	6.99311e-11
800	6.98787e-11
801	6.98259e-11
802	6.97729e-11
803	6.97195e-11
804	6.96659e-11
805	6.96119e-11
806	6.95577e-11
807	6.95031e-11
808	6.94482e-11
809	6.93931e-11
810	6.93376e-11
811	6.92819e-11
812	6.92259e-11
813	6.91696e-11
814	6.91129e-11
815	6.9056e-11
816	6.89989e-11
817	6.89414e-11
818	6.88837e-11
819	6.88256e-11
820	6.87673e-11
821	6.87087e-11
822	6.86499e-11
823	6.85907e-11
824	6.85313e-11
825	6.84716e-11
826	6.84117e-11
827	6.83514e-11
828	6.8291e-11
829	6.82302e-11
830	6.81692e-11
831	6.81079e-11
832	6.80463e-11
833	6.79845e-11
834	6.79225e-11
835	6.78602e-11
836	6.77976e-11
837	6.77347e-11
838	6.76717e-11
839	6.76083e-11
840	6.75447e-11
841	6.74809e-11
842	6.74168e-11
843	6.73525e-11
844	6.72879e-11
845	6.72231e-11
846	6.71581e-11
847	6.70928e-11
848	6.70273e-11
849	6.69615e-11
850	6.68955e-11
851	6.68293e-11
852	6.67628e-11
853	6.66961e-11
854	6.66292e-11
855	6.65621e-11
856	6.64947e-11
857	6.64271e-11
858	6.63592e-11
859	6.62912e-11
860	6.62229e-11
861	6.61545e-11
862	6.60857e-11
863	6.60168e-11
864	6.59477e-11
865	6.58783e-11
866	6.58088e-11
867	6.5739e-11
868	6.5669e-11
869	6.55989e-11
870	6.55285e-11
871	6.54579e-11
872	6.53871e-11
873	6.53161e-11
874	6.52449e-11
875	6.51735e-11
876	6.51019e-11
877	6.50301e-11
878	6.49581e-11
879	6.48859e-11
880	6.48135e-11
881	6.4741e-11
882	6.46682e-11
883	6.45953e-11
884	6.45221e-11
885	6.44488e-11
886	6.43753e-11
887	6.43016e-11
888	6.42278e-11
889	6.41537e-11
890	6.40795e-11
891	6.40051e-11
892	6.39305e-11
893	6.38558e-11
894	6.37808e-11
895	6.37057e-11
896	6.36305e-11
897	6.35551e-11
898	6.34795e-11
899	6.34037e-11
900	6.33277e-11
901	6.32517e-11
902	6.31754e-11
903	6.3099e-11
904	6.30224e-11
905	6.29457e-11
906	6.28688e-11
907	6.27917e-11
908	6.27145e-11
909	6.26371e-11
910	6.25596e-11
911	6.2482e-11
912	6.24042e-11
913	6.23262e-11
914	6.22481e-11
915	6.21698e-11
916	6.20915e-11
917	6.20129e-11
918	6.19342e-11
919	6.18554e-11
920	6.17765e-11
921	6.16974e-11
922	6.16181e-11
923	6.15388e-11
924	6.14592e-11
925	6.13796e-11
926	6.12998e-11
927	6.12199e-11
928	6.11399e-11
929	6.10598e-11
930	6.09795e-11
931	6.08991e-11
932	6.08185e-11
933	6.07379e-11
934	6.06571e-11
935	6.05762e-11
936	6.04952e-11
937	6.04141e-11
938	6.03328e-11
939	6.02515e-11
940	6.017e-11
941	6.00884e-11
942	6.00067e-11
943	5.99249e-11
944	5.98429e-11
945	5.97609e-11
946	5.96787e-11
947	5.95965e-11
948	5.95141e-11
949	5.94317e-11
950	5.93491e-11
951	5.92665e-11
952	5.91837e-11
953	5.91008e-11
954	5.90179e-11
955	5.89348e-11
956	5.88517e-11
957	5.87684e-11
958	5.86851e-11
959	5.86016e-11
960	5.85181e-11
961	5.84345e-11
962	5.83508e-11
963	5.8267e-11
964	5.81831e-11
965	5.80992e-11
966	5.80151e-11
967	5.7931e-11
968	5.78468e-11
969	5.77625e-11
970	5.76781e-11
971	5.75937e-11
972	5.75091e-11
973	5.74245e-11
974	5.73398e-11
975	5.72551e-11
976	5.71702e-11
977	5.70853e-11
978	5.70004e-11
979	5.69153e-11
980	5.68302e-11
981	5.6745e-11
982	5.66598e-11
983	5.65745e-11
984	5.64891e-11
985	5.64036e-11
986	5.63181e-11
987	5.62325e-11
988	5.61469e-11
989	5.60612e-11
990	5.59755e-11
991	5.58897e-11
992	5.58038e-11
993	5.57179e-11
994	5.56319e-11
995	5.55459e-11
996	5.54598e-11
997	5.53737e-11
998	5.52875e-11
999	5.52012e-11
1000	5.51149e-11
1001	5.50286e-11
1002	5.49422e-11
1003	5.48558e-11
1004	5.47693e-11
1005	5.46828e-11
1006	5.45963e-11
1007	5.45097e-11
1008	5.4423e-11
1009	5.43364e-11
1010	5.42496e-11
1011	5.41629e-11
1012	5.40761e-11
1013	5.39893e-11
1014	5.39024e-11
1015	5.38155e-11
1016	5.37286e-11
1017	5.36416e-11
1018	5.35546e-11
1019	5.34676e-11
1020	5.33805e-11
1021	5.32934e-11
1022	5.32063e-11
1023	5.31192e-11
1024	5.3032e-11
1025	5.29448e-11
1026	5.28576e-11
1027	5.27704e-11
1028	5.26831e-11
1029	5.25958e-11
1030	5.25085e-11
1031	5.24212e-11
1032	5.23338e-11
1033	5.22465e-11
1034	5.21591e-11
1035	5.20717e-11
1036	5.19843e-11
1037	5.18969e-11
1038	5.18094e-11
1039	5.1722e-11
1040	5.16345e-11
1041	5.1547e-11
1042	5.14595e-11
1043	5.13721e-11
1044	5.12845e-11
1045	5.1197e-11
1046	5.11095e-11
1047	5.1022e-11
1048	5.09345e-11
1049	5.08469e-11
1050	5.07594e-11
1051	5.06718e-11
1052	5.05843e-11
1053	5.04968e-11
1054	5.04092e-11
1055	5.03217e-11
1056	5.02341e-11
1057	5.01466e-11
1058	5.0059e-11
1059	4.99715e-11
1060	4.9884e-11
1061	4.97964e-11
1062	4.97089e-11
1063	4.96214e-11
1064	4.95339e-11
1065	4.94464e-11
1066	4.93589e-11
1067	4.92714e-11
1068	4.91839e-11
1069	4.90965e-11
1070	4.9009e-11
1071	4.89216e-11
1072	4.88342e-11
1073	4.87468e-11
1074	4.86594e-11
1075	4.8572e-11
1076	4.84846e-11
1077	4.83973e-11
1078	4.83099e-11
1079	4.82226e-11
1080	4.81353e-11
1081	4.80481e-11
1082	4.79608e-11
1083	4.78736e-11
1084	4.77864e-11
1085	4.76992e-11
1086	4.7612e-11
1087	4.75249e-11
1088	4.74378e-11
1089	4.73507e-11
1090	4.72636e-11
1091	4.71766e-11
1092	4.70896e-11
1093	4.70026e-11
1094	4.69156e-11
1095	4.68287e-11
1096	4.67418e-11
1097	4.6655e-11
1098	4.65681e-11
1099	4.64813e-11
1100	4.63946e-11
1101	4.63078e-11
1102	4.62211e-11
1103	4.61345e-11
1104	4.60478e-11
1105	4.59612e-11
1106	4.58747e-11
1107	4.57882e-11
1108	4.57017e-11
1109	4.56152e-11
1110	4.55288e-11
1111	4.54425e-11
1112	4.53561e-11
1113	4.52698e-11
1114	4.51836e-11
1115	4.50974e-11
1116	4.50112e-11
1117	4.49251e-11
1118	4.4839e-11
1119	4.4753e-11
1120	4.4667e-11
1121	4.45811e-11
1122	4.44952e-11
1123	4.44093e-11
1124	4.43235e-11
1125	4.42378e-11
1126	4.41521e-11
1127	4.40664e-11
1128	4.39808e-11
1129	4.38952e-11
1130	4.38097e-11
1131	4.37243e-11
1132	4.36389e-11
1133	4.35535e-11
1134	4.34682e-11
1135	4.3383e-11
1136	4.32978e-11
1137	4.32126e-11
1138	4.31276e-11
1139	4.30425e-11
1140	4.29576e-11
1141	4.28726e-11
1142	4.27878e-11
1143	4.2703e-11
1144	4.26182e-11
1145	4.25335e-11
1146	4.24489e-11
1147	4.23643e-11
1148	4.22798e-11
1149	4.21954e-11
1150	4.2111e-11
1151	4.20267e-11
1152	4.19424e-11
1153	4.18582e-11
1154	4.17741e-11
1155	4.169e-11
1156	4.1606e-11
1157	4.1522e-11
1158	4.14381e-11
1159	4.13543e-11
1160	4.12706e-11
1161	4.11869e-11
1162	4.11033e-11
1163	4.10197e-11
1164	4.09362e-11
1165	4.08528e-11
1166	4.07694e-11
1167	4.06862e-11
1168	4.06029e-11
1169	4.05198e-11
1170	4.04367e-11
1171	4.03537e-11
1172	4.02708e-11
1173	4.01879e-11
1174	4.01051e-11
1175	4.00224e-11
1176	3.99398e-11
1177	3.98572e-11
1178	3.97747e-11
1179	3.96923e-11
1180	3.96099e-11
1181	3.95276e-11
1182	3.94454e-11
1183	3.93633e-11
1184	3.92813e-11
1185	3.91993e-11
1186	3.91174e-11
1187	3.90356e-11
1188	3.89538e-11
1189	3.88721e-11
1190	3.87906e-11
1191	3.8709e-11
1192	3.86276e-11
1193	3.85463e-11
1194	3.8465e-11
1195	3.83838e-11
1196	3.83027e-11
1197	3.82217e-11
1198	3.81407e-11
1199	3.80598e-11
1200	3.7979e-11
1201	3.78983e-11
1202	3.78177e-11
1203	3.77372e-11
1204	3.76567e-11
1205	3.75763e-11
1206	3.7496e-11
1207	3.74158e-11
1208	3.73357e-11
1209	3.72557e-11
1210	3.71757e-11
1211	3.70959e-11
1212	3.70161e-11
1213	3.69364e-11
1214	3.68568e-11
1215	3.67772e-11
1216	3.66978e-11
1217	3.66185e-11
1218	3.65392e-11
1219	3.646e-11
1220	3.63809e-11
1221	3.63019e-11
1222	3.6223e-11
1223	3.61442e-11
1224	3.60655e-11
1225	3.59869e-11
1226	3.59083e-11
1227	3.58298e-11
1228	3.57515e-11
1229	3.56732e-11
1230	3.5595e-11
1231	3.55169e-11
1232	3.54389e-11
1233	3.5361e-11
1234	3.52832e-11
1235	3.52054e-11
1236	3.51278e-11
1237	3.50503e-11
1238	3.49728e-11
1239	3.48955e-11
1240	3.48182e-11
1241	3.4741e-11
1242	3.4664e-11
1243	3.4587e-11
1244	3.45101e-11
1245	3.44333e-11
1246	3.43566e-11
1247	3.428e-11
1248	3.42035e-11
1249	3.41271e-11
1250	3.40508e-11
1251	3.39746e-11
1252	3.38985e-11
1253	3.38225e-11
1254	3.37465e-11
1255	3.36707e-11
1256	3.3595e-11
1257	3.35193e-11
1258	3.34438e-11
1259	3.33684e-11
1260	3.3293e-11
1261	3.32178e-11
1262	3.31427e-11
1263	3.30676e-11
1264	3.29927e-11
1265	3.29178e-11
1266	3.28431e-11
1267	3.27685e-11
1268	3.26939e-11
1269	3.26195e-11
1270	3.25451e-11
1271	3.24709e-11
1272	3.23968e-11
1273	3.23227e-11
1274	3.22488e-11
1275	3.2175e-11
1276	3.21012e-11
1277	3.20276e-11
1278	3.19541e-11
1279	3.18806e-11
1280	3.18073e-11
1281	3.17341e-11
1282	3.1661e-11
1283	3.15879e-11
1284	3.1515e-11
1285	3.14422e-11
1286	3.13695e-11
1287	3.12969e-11
1288	3.12244e-11
1289	3.1152e-11
1290	3.10797e-11
1291	3.10075e-11
1292	3.09354e-11
1293	3.08634e-11
1294	3.07916e-11
1295	3.07198e-11
1296	3.06481e-11
1297	3.05766e-11
1298	3.05051e-11
1299	3.04337e-11
1300	3.03625e-11
1301	3.02913e-11
1302	3.02203e-11
1303	3.01494e-11
1304	3.00786e-11
1305	3.00078e-11
1306	2.99372e-11
1307	2.98667e-11
1308	2.97963e-11
1309	2.9726e-11
1310	2.96558e-11
1311	2.95857e-11
1312	2.95158e-11
1313	2.94459e-11
1314	2.93761e-11
1315	2.93065e-11
1316	2.92369e-11
1317	2.91675e-11
1318	2.90982e-11
1319	2.90289e-11
1320	2.89598e-11
1321	2.88908e-11
1322	2.88219e-11
1323	2.87531e-11
1324	2.86844e-11
1325	2.86159e-11
1326	2.85474e-11
1327	2.8479e-11
1328	2.84108e-11
1329	2.83426e-11
1330	2.82746e-11
1331	2.82067e-11
1332	2.81388e-11
1333	2.80711e-11
1334	2.80035e-11
1335	2.7936e-11
1336	2.78687e-11
1337	2.78014e-11
1338	2.77342e-11
1339	2.76672e-11
1340	2.76002e-11
1341	2.75334e-11
1342	2.74667e-11
1343	2.74e-11
1344	2.73335e-11
1345	2.72671e-11
1346	2.72008e-11
1347	2.71347e-11
1348	2.70686e-11
1349	2.70026e-11
1350	2.69368e-11
1351	2.6871e-11
1352	2.68054e-11
1353	2.67399e-11
1354	2.66745e-11
1355	2.66092e-11
1356	2.6544e-11
1357	2.64789e-11
1358	2.64139e-11
1359	2.63491e-11
1360	2.62843e-11
1361	2.62197e-11
1362	2.61552e-11
1363	2.60908e-11
1364	2.60265e-11
1365	2.59623e-11
1366	2.58982e-11
1367	2.58342e-11
1368	2.57703e-11
1369	2.57066e-11
1370	2.56429e-11
1371	2.55794e-11
1372	2.5516e-11
1373	2.54527e-11
1374	2.53895e-11
1375	2.53264e-11
1376	2.52634e-11
1377	2.52005e-11
1378	2.51378e-11
1379	2.50751e-11
1380	2.50126e-11
1381	2.49502e-11
1382	2.48879e-11
1383	2.48257e-11
1384	2.47636e-11
1385	2.47016e-11
1386	2.46397e-11
1387	2.4578e-11
1388	2.45163e-11
1389	2.44548e-11
1390	2.43933e-11
1391	2.4332e-11
1392	2.42708e-11
1393	2.42097e-11
1394	2.41488e-11
1395	2.40879e-11
1396	2.40271e-11
1397	2.39665e-11
1398	2.39059e-11
1399	2.38455e-11
1400	2.37852e-11
1401	2.3725e-11
1402	2.36649e-11
1403	2.36049e-11
1404	2.3545e-11
1405	2.34853e-11
1406	2.34256e-11
1407	2.33661e-11
1408	2.33066e-11
1409	2.32473e-11
1410	2.31881e-11
1411	2.3129e-11
1412	2.307e-11
1413	2.30112e-11
1414	2.29524e-11
1415	2.28937e-11
1416	2.28352e-11
1417	2.27768e-11
1418	2.27184e-11
1419	2.26602e-11
1420	2.26021e-11
1421	2.25441e-11
1422	2.24863e-11
1423	2.24285e-11
1424	2.23708e-11
1425	2.23133e-11
1426	2.22558e-11
1427	2.21985e-11
1428	2.21413e-11
1429	2.20842e-11
1430	2.20272e-11
1431	2.19703e-11
1432	2.19135e-11
1433	2.18568e-11
1434	2.18003e-11
1435	2.17438e-11
1436	2.16875e-11
1437	2.16313e-11
1438	2.15751e-11
1439	2.15191e-11
1440	2.14632e-11
1441	2.14074e-11
1442	2.13518e-11
1443	2.12962e-11
1444	2.12407e-11
1445	2.11854e-11
1446	2.11301e-11
1447	2.1075e-11
1448	2.102e-11
1449	2.0965e-11
1450	2.09102e-11
1451	2.08555e-11
1452	2.0801e-11
1453	2.07465e-11
1454	2.06921e-11
1455	2.06378e-11
1456	2.05837e-11
1457	2.05296e-11
1458	2.04757e-11
1459	2.04219e-11
1460	2.03682e-11
1461	2.03146e-11
1462	2.0261e-11
1463	2.02077e-11
1464	2.01544e-11
1465	2.01012e-11
1466	2.00481e-11
1467	1.99952e-11
1468	1.99423e-11
1469	1.98896e-11
1470	1.98369e-11
1471	1.97844e-11
1472	1.9732e-11
1473	1.96797e-11
1474	1.96274e-11
1475	1.95753e-11
1476	1.95234e-11
1477	1.94715e-11
1478	1.94197e-11
1479	1.9368e-11
1480	1.93164e-11
1481	1.9265e-11
1482	1.92136e-11
1483	1.91624e-11
1484	1.91113e-11
1485	1.90602e-11
1486	1.90093e-11
1487	1.89585e-11
1488	1.89078e-11
1489	1.88572e-11
1490	1.88067e-11
1491	1.87563e-11
1492	1.8706e-11
1493	1.86558e-11
1494	1.86057e-11
1495	1.85558e-11
1496	1.85059e-11
1497	1.84561e-11
1498	1.84065e-11
1499	1.83569e-11
1500	1.83075e-11
1501	1.82582e-11
1502	1.82089e-11
1503	1.81598e-11
1504	1.81108e-11
1505	1.80619e-11
1506	1.8013e-11
1507	1.79643e-11
1508	1.79157e-11
1509	1.78672e-11
1510	1.78188e-11
1511	1.77705e-11
1512	1.77223e-11
1513	1.76743e-11
1514	1.76263e-11
1515	1.75784e-11
1516	1.75306e-11
1517	1.7483e-11
1518	1.74354e-11
1519	1.73879e-11
1520	1.73406e-11
1521	1.72933e-11
1522	1.72462e-11
1523	1.71991e-11
1524	1.71522e-11
1525	1.71053e-11
1526	1.70586e-11
1527	1.70119e-11
1528	1.69654e-11
1529	1.6919e-11
1530	1.68726e-11
1531	1.68264e-11
1532	1.67803e-11
1533	1.67342e-11
1534	1.66883e-11
1535	1.66425e-11
1536	1.65968e-11
1537	1.65512e-11
1538	1.65056e-11
1539	1.64602e-11
1540	1.64149e-11
1541	1.63697e-11
1542	1.63246e-11
1543	1.62795e-11
1544	1.62346e-11
1545	1.61898e-11
1546	1.61451e-11
1547	1.61005e-11
1548	1.6056e-11
1549	1.60116e-11
1550	1.59672e-11
1551	1.5923e-11
1552	1.58789e-11
1553	1.58349e-11
1554	1.5791e-11
1555	1.57472e-11
1556	1.57034e-11
1557	1.56598e-11
1558	1.56163e-11
1559	1.55729e-11
1560	1.55296e-11
1561	1.54863e-11
1562	1.54432e-11
1563	1.54002e-11
1564	1.53573e-11
1565	1.53144e-11
1566	1.52717e-11
1567	1.52291e-11
1568	1.51865e-11
1569	1.51441e-11
1570	1.51017e-11
1571	1.50595e-11
1572	1.50173e-11
1573	1.49753e-11
1574	1.49333e-11
1575	1.48915e-11
1576	1.48497e-11
1577	1.4808e-11
1578	1.47665e-11
1579	1.4725e-11
1580	1.46836e-11
1581	1.46423e-11
1582	1.46012e-11
1583	1.45601e-11
1584	1.45191e-11
1585	1.44782e-11
1586	1.44374e-11
1587	1.43967e-11
1588	1.4356e-11
1589	1.43155e-11
1590	1.42751e-11
1591	1.42348e-11
1592	1.41945e-11
1593	1.41544e-11
1594	1.41144e-11
1595	1.40744e-11
1596	1.40346e-11
1597	1.39948e-11
1598	1.39551e-11
1599	1.39155e-11
1600	1.38761e-11
1601	1.38367e-11
1602	1.37974e-11
1603	1.37582e-11
1604	1.37191e-11
1605	1.368e-11
1606	1.36411e-11
1607	1.36023e-11
1608	1.35635e-11
1609	1.35249e-11
1610	1.34863e-11
1611	1.34479e-11
1612	1.34095e-11
1613	1.33712e-11
1614	1.3333e-11
1615	1.32949e-11
1616	1.32569e-11
1617	1.3219e-11
1618	1.31812e-11
1619	1.31435e-11
1620	1.31058e-11
1621	1.30683e-11
1622	1.30308e-11
1623	1.29934e-11
1624	1.29561e-11
1625	1.29189e-11
1626	1.28818e-11
1627	1.28448e-11
1628	1.28079e-11
1629	1.27711e-11
1630	1.27343e-11
1631	1.26977e-11
1632	1.26611e-11
1633	1.26246e-11
1634	1.25883e-11
1635	1.2552e-11
1636	1.25157e-11
1637	1.24796e-11
1638	1.24436e-11
1639	1.24076e-11
1640	1.23718e-11
1641	1.2336e-11
1642	1.23003e-11
1643	1.22647e-11
1644	1.22292e-11
1645	1.21938e-11
1646	1.21585e-11
1647	1.21232e-11
1648	1.20881e-11
1649	1.2053e-11
1650	1.2018e-11
1651	1.19831e-11
1652	1.19483e-11
1653	1.19135e-11
1654	1.18789e-11
1655	1.18443e-11
1656	1.18099e-11
1657	1.17755e-11
1658	1.17412e-11
1659	1.1707e-11
1660	1.16728e-11
1661	1.16388e-11
1662	1.16048e-11
1663	1.15709e-11
1664	1.15372e-11
1665	1.15034e-11
1666	1.14698e-11
1667	1.14363e-11
1668	1.14028e-11
1669	1.13695e-11
1670	1.13362e-11
1671	1.1303e-11
1672	1.12698e-11
1673	1.12368e-11
1674	1.12038e-11
1675	1.1171e-11
1676	1.11382e-11
1677	1.11055e-11
1678	1.10728e-11
1679	1.10403e-11
1680	1.10078e-11
1681	1.09755e-11
1682	1.09432e-11
1683	1.09109e-11
1684	1.08788e-11
1685	1.08467e-11
1686	1.08148e-11
1687	1.07829e-11
1688	1.07511e-11
1689	1.07193e-11
1690	1.06877e-11
1691	1.06561e-11
1692	1.06246e-11
1693	1.05932e-11
1694	1.05619e-11
1695	1.05307e-11
1696	1.04995e-11
1697	1.04684e-11
1698	1.04374e-11
1699	1.04065e-11
1700	1.03756e-11
1701	1.03448e-11
1702	1.03141e-11
1703	1.02835e-11
1704	1.0253e-11
1705	1.02225e-11
1706	1.01922e-11
1707	1.01619e-11
1708	1.01316e-11
1709	1.01015e-11
1710	1.00714e-11
1711	1.00414e-11
1712	1.00115e-11
1713	9.98169e-12
1714	9.95193e-12
1715	9.92225e-12
1716	9.89265e-12
1717	9.86312e-12
1718	9.83367e-12
1719	9.8043e-12
1720	9.775e-12
1721	9.74578e-12
1722	9.71663e-12
1723	9.68756e-12
1724	9.65857e-12
1725	9.62965e-12
1726	9.60081e-12
1727	9.57204e-12
1728	9.54335e-12
1729	9.51473e-12
1730	9.48619e-12
1731	9.45772e-12
1732	9.42932e-12
1733	9.401e-12
1734	9.37276e-12
1735	9.34459e-12
1736	9.31649e-12
1737	9.28847e-12
1738	9.26052e-12
1739	9.23264e-12
1740	9.20484e-12
1741	9.17711e-12
1742	9.14945e-12
1743	9.12187e-12
1744	9.09435e-12
1745	9.06692e-12
1746	9.03955e-12
1747	9.01226e-12
1748	8.98503e-12
1749	8.95788e-12
1750	8.93081e-12
1751	8.9038e-12
1752	8.87687e-12
1753	8.85e-12
1754	8.82321e-12
1755	8.79649e-12
1756	8.76984e-12
1757	8.74326e-12
1758	8.71676e-12
1759	8.69032e-12
1760	8.66395e-12
1761	8.63765e-12
1762	8.61143e-12
1763	8.58527e-12
1764	8.55919e-12
1765	8.53317e-12
1766	8.50722e-12
1767	8.48134e-12
1768	8.45554e-12
1769	8.4298e-12
1770	8.40413e-12
1771	8.37853e-12
1772	8.35299e-12
1773	8.32753e-12
1774	8.30213e-12
1775	8.27681e-12
1776	8.25155e-12
1777	8.22636e-12
1778	8.20123e-12
1779	8.17618e-12
1780	8.15119e-12
1781	8.12627e-12
1782	8.10142e-12
1783	8.07663e-12
1784	8.05191e-12
1785	8.02726e-12
1786	8.00268e-12
1787	7.97816e-12
1788	7.95371e-12
1789	7.92932e-12
1790	7.905e-12
1791	7.88075e-12
1792	7.85656e-12
1793	7.83244e-12
1794	7.80838e-12
1795	7.78439e-12
1796	7.76046e-12
1797	7.7366e-12
1798	7.71281e-12
1799	7.68908e-12
1800	7.66541e-12
1801	7.64181e-12
1802	7.61828e-12
1803	7.5948e-12
1804	7.5714e-12
1805	7.54805e-12
1806	7.52477e-12
1807	7.50156e-12
1808	7.4784e-12
1809	7.45532e-12
1810	7.43229e-12
1811	7.40933e-12
1812	7.38643e-12
1813	7.36359e-12
1814	7.34082e-12
1815	7.31811e-12
1816	7.29546e-12
1817	7.27288e-12
1818	7.25035e-12
1819	7.22789e-12
1820	7.20549e-12
1821	7.18316e-12
1822	7.16088e-12
1823	7.13867e-12
1824	7.11651e-12
1825	7.09442e-12
1826	7.07239e-12
1827	7.05042e-12
1828	7.02852e-12
1829	7.00667e-12
1830	6.98488e-12
1831	6.96316e-12
1832	6.94149e-12
1833	6.91989e-12
1834	6.89834e-12
1835	6.87686e-12
1836	6.85543e-12
1837	6.83407e-12
1838	6.81276e-12
1839	6.79151e-12
1840	6.77032e-12
1841	6.7492e-12
1842	6.72813e-12
1843	6.70712e-12
1844	6.68617e-12
1845	6.66527e-12
1846	6.64444e-12
1847	6.62366e-12
1848	6.60294e-12
1849	6.58228e-12
1850	6.56168e-12
1851	6.54114e-12
1852	6.52065e-12
1853	6.50022e-12
1854	6.47985e-12
1855	6.45954e-12
1856	6.43928e-12
1857	6.41908e-12
1858	6.39894e-12
1859	6.37885e-12
1860	6.35883e-12
1861	6.33885e-12
1862	6.31894e-12
1863	6.29908e-12
1864	6.27927e-12
1865	6.25952e-12
1866	6.23983e-12
1867	6.2202e-12
1868	6.20061e-12
1869	6.18109e-12
1870	6.16162e-12
1871	6.1422e-12
1872	6.12284e-12
1873	6.10354e-12
1874	6.08429e-12
1875	6.06509e-12
1876	6.04595e-12
1877	6.02687e-12
1878	6.00784e-12
1879	5.98886e-12
1880	5.96994e-12
1881	5.95107e-12
1882	5.93225e-12
1883	5.91349e-12
1884	5.89478e-12
1885	5.87612e-12
1886	5.85752e-12
1887	5.83897e-12
1888	5.82048e-12
1889	5.80203e-12
1890	5.78365e-12
1891	5.76531e-12
1892	5.74702e-12
1893	5.72879e-12
1894	5.71061e-12
1895	5.69248e-12
1896	5.67441e-12
1897	5.65638e-12
1898	5.63841e-12
1899	5.62049e-12
1900	5.60262e-12
1901	5.58481e-12
1902	5.56704e-12
1903	5.54932e-12
1904	5.53166e-12
1905	5.51405e-12
1906	5.49649e-12
1907	5.47897e-12
1908	5.46151e-12
1909	5.4441e-12
1910	5.42674e-12
1911	5.40943e-12
1912	5.39217e-12
1913	5.37496e-12
1914	5.3578e-12
1915	5.34069e-12
1916	5.32363e-12
1917	5.30662e-12
1918	5.28966e-12
1919	5.27275e-12
1920	5.25588e-12
1921	5.23907e-12
1922	5.2223e-12
1923	5.20559e-12
1924	5.18892e-12
1925	5.1723e-12
1926	5.15573e-12
1927	5.1392e-12
1928	5.12273e-12
1929	5.1063e-12
1930	5.08992e-12
1931	5.07359e-12
1932	5.05731e-12
1933	5.04107e-12
1934	5.02488e-12
1935	5.00874e-12
1936	4.99265e-12
1937	4.9766e-12
1938	4.9606e-12
1939	4.94465e-12
1940	4.92874e-12
1941	4.91288e-12
1942	4.89707e-12
1943	4.8813e-12
1944	4.86558e-12
1945	4.84991e-12
1946	4.83428e-12
1947	4.8187e-12
1948	4.80316e-12
1949	4.78767e-12
1950	4.77222e-12
1951	4.75682e-12
1952	4.74147e-12
1953	4.72616e-12
1954	4.7109e-12
1955	4.69568e-12
1956	4.6805e-12
1957	4.66537e-12
1958	4.65029e-12
1959	4.63525e-12
1960	4.62025e-12
1961	4.6053e-12
1962	4.5904e-12
1963	4.57553e-12
1964	4.56071e-12
1965	4.54594e-12
1966	4.53121e-12
1967	4.51652e-12
1968	4.50188e-12
1969	4.48728e-12
1970	4.47272e-12
1971	4.4582e-12
1972	4.44373e-12
1973	4.42931e-12
1974	4.41492e-12
1975	4.40058e-12
1976	4.38628e-12
1977	4.37202e-12
1978	4.35781e-12
1979	4.34364e-12
1980	4.32951e-12
1981	4.31542e-12
1982	4.30137e-12
1983	4.28737e-12
1984	4.27341e-12
1985	4.25949e-12
1986	4.24561e-12
1987	4.23177e-12
1988	4.21797e-12
1989	4.20422e-12
1990	4.19051e-12
1991	4.17683e-12
1992	4.1632e-12
1993	4.14961e-12
1994	4.13606e-12
1995	4.12255e-12
1996	4.10908e-12
1997	4.09566e-12
1998	4.08227e-12
1999	4.06892e-12
2000	4.05561e-12
2001	4.04235e-12
2002	4.02912e-12
2003	4.01593e-12
2004	4.00278e-12
2005	3.98967e-12
2006	3.9766e-12
2007	3.96357e-12
2008	3.95058e-12
2009	3.93763e-12
2010	3.92472e-12
2011	3.91185e-12
2012	3.89901e-12
2013	3.88622e-12
2014	3.87346e-12
2015	3.86074e-12
2016	3.84806e-12
2017	3.83542e-12
2018	3.82282e-12
2019	3.81025e-12
2020	3.79773e-12
2021	3.78524e-12
2022	3.77278e-12
2023	3.76037e-12
2024	3.748e-12
2025	3.73566e-12
2026	3.72336e-12
2027	3.71109e-12
2028	3.69887e-12
2029	3.68668e-12
2030	3.67453e-12
2031	3.66241e-12
2032	3.65033e-12
2033	3.63829e-12
2034	3.62629e-12
2035	3.61432e-12
2036	3.60239e-12
2037	3.59049e-12
2038	3.57863e-12
2039	3.56681e-12
2040	3.55502e-12
2041	3.54327e-12
2042	3.53156e-12
2043	3.51988e-12
2044	3.50823e-12
2045	3.49663e-12
2046	3.48505e-12
2047	3.47352e-12
2048	3.46202e-12
2049	3.45055e-12
2050	3.43912e-12
2051	3.42772e-12
2052	3.41636e-12
2053	3.40503e-12
2054	3.39374e-12
2055	3.38249e-12
2056	3.37126e-12
2057	3.36008e-12
2058	3.34892e-12
2059	3.3378e-12
2060	3.32672e-12
2061	3.31567e-12
2062	3.30465e-12
2063	3.29367e-12
2064	3.28272e-12
2065	3.2718e-12
2066	3.26092e-12
2067	3.25007e-12
2068	3.23926e-12
2069	3.22847e-12
2070	3.21773e-12
2071	3.20701e-12
2072	3.19633e-12
2073	3.18568e-12
2074	3.17506e-12
2075	3.16448e-12
2076	3.15393e-12
2077	3.14341e-12
2078	3.13293e-12
2079	3.12247e-12
2080	3.11205e-12
2081	3.10166e-12
2082	3.09131e-12
2083	3.08098e-12
2084	3.07069e-12
2085	3.06043e-12
2086	3.0502e-12
2087	3.04001e-12
2088	3.02984e-12
2089	3.01971e-12
2090	3.00961e-12
2091	2.99954e-12
2092	2.9895e-12
2093	2.97949e-12
2094	2.96951e-12
2095	2.95957e-12
2096	2.94965e-12
2097	2.93977e-12
2098	2.92992e-12
2099	2.92009e-12
2100	2.9103e-12
2101	2.90054e-12
2102	2.89081e-12
2103	2.88111e-12
2104	2.87144e-12
2105	2.8618e-12
2106	2.85219e-12
2107	2.84261e-12
2108	2.83306e-12
2109	2.82354e-12
2110	2.81405e-12
2111	2.80459e-12
2112	2.79516e-12
2113	2.78576e-12
2114	2.77639e-12
2115	2.76705e-12
2116	2.75773e-12
2117	2.74845e-12
2118	2.73919e-12
2119	2.72997e-12
2120	2.72077e-12
2121	2.7116e-12
2122	2.70246e-12
2123	2.69335e-12
2124	2.68427e-12
2125	2.67522e-12
2126	2.6662e-12
2127	2.6572e-12
2128	2.64823e-12
2129	2.63929e-12
2130	2.63038e-12
2131	2.6215e-12
2132	2.61264e-12
2133	2.60381e-12
2134	2.59501e-12
2135	2.58624e-12
2136	2.5775e-12
2137	2.56878e-12
2138	2.56009e-12
2139	2.55143e-12
2140	2.5428e-12
2141	2.53419e-12
2142	2.52561e-12
2143	2.51706e-12
2144	2.50853e-12
2145	2.50003e-12
2146	2.49156e-12
2147	2.48312e-12
2148	2.4747e-12
2149	2.46631e-12
2150	2.45794e-12
2151	2.4496e-12
2152	2.44129e-12
2153	2.43301e-12
2154	2.42475e-12
2155	2.41651e-12
2156	2.40831e-12
2157	2.40013e-12
2158	2.39197e-12
2159	2.38384e-12
2160	2.37574e-12
2161	2.36766e-12
2162	2.35961e-12
2163	2.35159e-12
2164	2.34359e-12
2165	2.33561e-12
2166	2.32766e-12
2167	2.31974e-12
2168	2.31184e-12
2169	2.30396e-12
2170	2.29612e-12
2171	2.28829e-12
2172	2.28049e-12
2173	2.27272e-12
2174	2.26497e-12
2175	2.25725e-12
2176	2.24955e-12
2177	2.24187e-12
2178	2.23422e-12
2179	2.2266e-12
2180	2.219e-12
2181	2.21142e-12
2182	2.20387e-12
2183	2.19634e-12
2184	2.18883e-12
2185	2.18135e-12
2186	2.1739e-12
2187	2.16646e-12
2188	2.15906e-12
2189	2.15167e-12
2190	2.14431e-12
2191	2.13697e-12
2192	2.12966e-12
2193	2.12237e-12
2194	2.1151e-12
2195	2.10786e-12
2196	2.10064e-12
2197	2.09344e-12
2198	2.08627e-12
2199	2.07912e-12
2200	2.07199e-12
2201	2.06488e-12
2202	2.0578e-12
2203	2.05074e-12
2204	2.0437e-12
2205	2.03669e-12
2206	2.0297e-12
2207	2.02273e-12
2208	2.01578e-12
2209	2.00886e-12
2210	2.00196e-12
2211	1.99508e-12
2212	1.98822e-12
2213	1.98139e-12
2214	1.97458e-12
2215	1.96779e-12
2216	1.96102e-12
2217	1.95427e-12
2218	1.94755e-12
2219	1.94084e-12
2220	1.93416e-12
2221	1.9275e-12
2222	1.92086e-12
2223	1.91425e-12
2224	1.90765e-12
2225	1.90108e-12
2226	1.89452e-12
2227	1.88799e-12
2228	1.88148e-12
2229	1.87499e-12
2230	1.86853e-12
2231	1.86208e-12
2232	1.85565e-12
2233	1.84925e-12
2234	1.84286e-12
2235	1.8365e-12
2236	1.83016e-12
2237	1.82383e-12
2238	1.81753e-12
2239	1.81125e-12
2240	1.80499e-12
2241	1.79875e-12
2242	1.79253e-12
2243	1.78633e-12
2244	1.78015e-12
2245	1.77399e-12
2246	1.76785e-12
2247	1.76173e-12
2248	1.75564e-12
2249	1.74956e-12
2250	1.7435e-12
2251	1.73746e-12
2252	1.73144e-12
2253	1.72544e-12
2254	1.71946e-12
2255	1.7135e-12
2256	1.70755e-12
2257	1.70163e-12
2258	1.69573e-12
2259	1.68985e-12
2260	1.68398e-12
2261	1.67814e-12
2262	1.67231e-12
2263	1.6665e-12
2264	1.66072e-12
2265	1.65495e-12
2266	1.6492e-12
2267	1.64347e-12
2268	1.63775e-12
2269	1.63206e-12
2270	1.62639e-12
2271	1.62073e-12
2272	1.61509e-12
2273	1.60947e-12
2274	1.60387e-12
2275	1.59829e-12
2276	1.59273e-12
2277	1.58718e-12
2278	1.58166e-12
2279	1.57615e-12
2280	1.57066e-12
2281	1.56518e-12
2282	1.55973e-12
2283	1.55429e-12
2284	1.54887e-12
2285	1.54347e-12
2286	1.53809e-12
2287	1.53272e-12
2288	1.52738e-12
2289	1.52205e-12
2290	1.51673e-12
2291	1.51144e-12
2292	1.50616e-12
2293	1.5009e-12
2294	1.49566e-12
2295	1.49043e-12
2296	1.48522e-12
2297	1.48003e-12
2298	1.47486e-12
2299	1.4697e-12
2300	1.46456e-12
2301	1.45944e-12
2302	1.45434e-12
2303	1.44925e-12
2304	1.44418e-12
2305	1.43912e-12
2306	1.43408e-12
2307	1.42906e-12
2308	1.42406e-12
2309	1.41907e-12
2310	1.4141e-12
2311	1.40914e-12
2312	1.4042e-12
2313	1.39928e-12
2314	1.39437e-12
2315	1.38948e-12
2316	1.38461e-12
2317	1.37975e-12
2318	1.37491e-12
2319	1.37009e-12
2320	1.36528e-12
2321	1.36049e-12
2322	1.35571e-12
2323	1.35095e-12
2324	1.3462e-12
2325	1.34147e-12
2326	1.33676e-12
2327	1.33206e-12
2328	1.32738e-12
2329	1.32271e-12
2330	1.31806e-12
2331	1.31342e-12
2332	1.3088e-12
2333	1.3042e-12
2334	1.29961e-12
2335	1.29504e-12
2336	1.29048e-12
2337	1.28593e-12
2338	1.28141e-12
2339	1.27689e-12
2340	1.27239e-12
2341	1.26791e-12
2342	1.26344e-12
2343	1.25899e-12
2344	1.25455e-12
2345	1.25013e-12
2346	1.24572e-12
2347	1.24133e-12
2348	1.23695e-12
2349	1.23258e-12
2350	1.22823e-12
2351	1.2239e-12
2352	1.21958e-12
2353	1.21527e-12
2354	1.21098e-12
2355	1.2067e-12
2356	1.20244e-12
2357	1.19819e-12
2358	1.19395e-12
2359	1.18973e-12
2360	1.18553e-12
2361	1.18134e-12
2362	1.17716e-12
2363	1.17299e-12
2364	1.16884e-12
2365	1.16471e-12
2366	1.16059e-12
2367	1.15648e-12
2368	1.15238e-12
2369	1.1483e-12
2370	1.14424e-12
2371	1.14018e-12
2372	1.13614e-12
2373	1.13212e-12
2374	1.12811e-12
2375	1.12411e-12
2376	1.12012e-12
2377	1.11615e-12
2378	1.11219e-12
2379	1.10825e-12
2380	1.10432e-12
2381	1.1004e-12
2382	1.09649e-12
2383	1.0926e-12
2384	1.08872e-12
2385	1.08485e-12
2386	1.081e-12
2387	1.07716e-12
2388	1.07334e-12
2389	1.06952e-12
2390	1.06572e-12
2391	1.06193e-12
2392	1.05816e-12
2393	1.0544e-12
2394	1.05065e-12
2395	1.04691e-12
2396	1.04318e-12
2397	1.03947e-12
2398	1.03577e-12
2399	1.03209e-12
2400	1.02841e-12
2401	1.02475e-12
2402	1.0211e-12
2403	1.01747e-12
2404	1.01384e-12
2405	1.01023e-12
2406	1.00663e-12
2407	1.00304e-12
2408	9.99466e-13
2409	9.95902e-13
2410	9.92351e-13
2411	9.88812e-13
2412	9.85285e-13
2413	9.8177e-13
2414	9.78267e-13
2415	9.74775e-13
2416	9.71296e-13
2417	9.67828e-13
2418	9.64373e-13
2419	9.60929e-13
2420	9.57496e-13
2421	9.54076e-13
2422	9.50667e-13
2423	9.4727e-13
2424	9.43884e-13
2425	9.4051e-13
2426	9.37147e-13
2427	9.33796e-13
2428	9.30456e-13
2429	9.27128e-13
2430	9.23811e-13
2431	9.20505e-13
2432	9.17211e-13
2433	9.13928e-13
2434	9.10656e-13
2435	9.07395e-13
2436	9.04145e-13
2437	9.00907e-13
2438	8.9768e-13
2439	8.94463e-13
2440	8.91258e-13
2441	8.88063e-13
2442	8.8488e-13
2443	8.81707e-13
2444	8.78546e-13
2445	8.75395e-13
2446	8.72255e-13
2447	8.69125e-13
2448	8.66007e-13
2449	8.62899e-13
2450	8.59802e-13
2451	8.56715e-13
2452	8.53639e-13
2453	8.50573e-13
2454	8.47518e-13
2455	8.44474e-13
2456	8.4144e-13
2457	8.38416e-13
2458	8.35403e-13
2459	8.324e-13
2460	8.29407e-13
2461	8.26425e-13
2462	8.23453e-13
2463	8.20491e-13
2464	8.1754e-13
2465	8.14598e-13
2466	8.11667e-13
2467	8.08745e-13
2468	8.05834e-13
2469	8.02933e-13
2470	8.00042e-13
2471	7.9716e-13
2472	7.94289e-13
2473	7.91428e-13
2474	7.88576e-13
2475	7.85734e-13
2476	7.82902e-13
2477	7.8008e-13
2478	7.77268e-13
2479	7.74465e-13
2480	7.71672e-13
2481	7.68888e-13
2482	7.66114e-13
2483	7.6335e-13
2484	7.60595e-13
2485	7.5785e-13
2486	7.55114e-13
2487	7.52388e-13
2488	7.49671e-13
2489	7.46964e-13
2490	7.44265e-13
2491	7.41577e-13
2492	7.38897e-13
2493	7.36227e-13
2494	7.33566e-13
2495	7.30914e-13
2496	7.28272e-13
2497	7.25638e-13
2498	7.23014e-13
2499	7.20398e-13
2500	7.17792e-13
2501	7.15195e-13
2502	7.12607e-13
2503	7.10028e-13
2504	7.07458e-13
2505	7.04896e-13
2506	7.02344e-13
2507	6.998e-13
2508	6.97265e-13
2509	6.94739e-13
2510	6.92222e-13
2511	6.89714e-13
2512	6.87214e-13
2513	6.84723e-13
2514	6.8224e-13
2515	6.79767e-13
2516	6.77301e-13
2517	6.74845e-13
2518	6.72397e-13
2519	6.69957e-13
2520	6.67526e-13
2521	6.65103e-13
2522	6.62689e-13
2523	6.60283e-13
2524	6.57886e-13
2525	6.55497e-13
2526	6.53116e-13
2527	6.50744e-13
2528	6.48379e-13
2529	6.46023e-13
2530	6.43676e-13
2531	6.41336e-13
2532	6.39005e-13
2533	6.36681e-13
2534	6.34366e-13
2535	6.32059e-13
2536	6.2976e-13
2537	6.27469e-13
2538	6.25186e-13
2539	6.22911e-13
2540	6.20644e-13
2541	6.18385e-13
2542	6.16133e-13
2543	6.1389e-13
2544	6.11654e-13
2545	6.09426e-13
2546	6.07206e-13
2547	6.04994e-13
2548	6.0279e-13
2549	6.00593e-13
2550	5.98404e-13
2551	5.96222e-13
2552	5.94048e-13
2553	5.91882e-13
2554	5.89723e-13
2555	5.87572e-13
2556	5.85429e-13
2557	5.83293e-13
2558	5.81164e-13
2559	5.79043e-13
2560	5.7693e-13
2561	5.74823e-13
2562	5.72724e-13
2563	5.70633e-13
2564	5.68549e-13
2565	5.66472e-13
2566	5.64402e-13
2567	5.6234e-13
2568	5.60285e-13
2569	5.58237e-13
2570	5.56197e-13
2571	5.54163e-13
2572	5.52137e-13
2573	5.50117e-13
2574	5.48105e-13
2575	5.461e-13
2576	5.44102e-13
2577	5.42111e-13
2578	5.40127e-13
2579	5.3815e-13
2580	5.3618e-13
2581	5.34217e-13
2582	5.32261e-13
2583	5.30312e-13
2584	5.28369e-13
2585	5.26434e-13
2586	5.24505e-13
2587	5.22583e-13
2588	5.20668e-13
2589	5.18759e-13
2590	5.16857e-13
2591	5.14962e-13
2592	5.13074e-13
2593	5.11192e-13
2594	5.09317e-13
2595	5.07449e-13
2596	5.05587e-13
2597	5.03732e-13
2598	5.01883e-13
2599	5.00041e-13
2600	4.98205e-13
2601	4.96376e-13
2602	4.94553e-13
2603	4.92737e-13
2604	4.90927e-13
2605	4.89123e-13
2606	4.87326e-13
2607	4.85535e-13
2608	4.83751e-13
2609	4.81973e-13
2610	4.80201e-13
2611	4.78435e-13
2612	4.76676e-13
2613	4.74923e-13
2614	4.73176e-13
2615	4.71435e-13
2616	4.69701e-13
2617	4.67972e-13
2618	4.6625e-13
2619	4.64534e-13
2620	4.62824e-13
2621	4.6112e-13
2622	4.59422e-13
2623	4.5773e-13
2624	4.56044e-13
2625	4.54364e-13
2626	4.5269e-13
2627	4.51022e-13
2628	4.4936e-13
2629	4.47703e-13
2630	4.46053e-13
2631	4.44408e-13
2632	4.4277e-13
2633	4.41137e-13
2634	4.3951e-13
2635	4.37889e-13
2636	4.36273e-13
2637	4.34663e-13
2638	4.33059e-13
2639	4.31461e-13
2640	4.29868e-13
2641	4.28281e-13
2642	4.267e-13
2643	4.25124e-13
2644	4.23554e-13
2645	4.21989e-13
2646	4.2043e-13
2647	4.18877e-13
2648	4.17329e-13
2649	4.15787e-13
2650	4.1425e-13
2651	4.12719e-13
2652	4.11193e-13
2653	4.09672e-13
2654	4.08157e-13
2655	4.06647e-13
2656	4.05143e-13
2657	4.03644e-13
2658	4.02151e-13
2659	4.00662e-13
2660	3.99179e-13
2661	3.97702e-13
2662	3.96229e-13
2663	3.94762e-13
2664	3.933e-13
2665	3.91844e-13
2666	3.90392e-13
2667	3.88946e-13
2668	3.87505e-13
2669	3.86069e-13
2670	3.84638e-13
2671	3.83212e-13
2672	3.81792e-13
2673	3.80376e-13
2674	3.78966e-13
2675	3.7756e-13
2676	3.7616e-13
2677	3.74765e-13
2678	3.73374e-13
2679	3.71989e-13
2680	3.70608e-13
2681	3.69233e-13
2682	3.67862e-13
2683	3.66497e-13
2684	3.65136e-13
2685	3.6378e-13
2686	3.62429e-13
2687	3.61083e-13
2688	3.59742e-13
2689	3.58405e-13
2690	3.57073e-13
2691	3.55746e-13
2692	3.54424e-13
2693	3.53107e-13
2694	3.51794e-13
2695	3.50486e-13
2696	3.49182e-13
2697	3.47884e-13
2698	3.4659e-13
2699	3.453e-13
2700	3.44016e-13
2701	3.42736e-13
2702	3.4146e-13
2703	3.40189e-13
2704	3.38923e-13
2705	3.37661e-13
2706	3.36404e-13
2707	3.35151e-13
2708	3.33903e-13
2709	3.32659e-13
2710	3.3142e-13
2711	3.30185e-13
2712	3.28955e-13
2713	3.27729e-13
2714	3.26507e-13
2715	3.2529e-13
2716	3.24078e-13
2717	3.22869e-13
2718	3.21665e-13
2719	3.20466e-13
2720	3.1927e-13
2721	3.18079e-13
2722	3.16892e-13
2723	3.1571e-13
2724	3.14532e-13
2725	3.13358e-13
2726	3.12188e-13
2727	3.11023e-13
2728	3.09861e-13
2729	3.08704e-13
2730	3.07551e-13
2731	3.06403e-13
2732	3.05258e-13
2733	3.04118e-13
2734	3.02981e-13
2735	3.01849e-13
2736	3.00721e-13
2737	2.99597e-13
2738	2.98477e-13
2739	2.97361e-13
2740	2.96249e-13
2741	2.95141e-13
2742	2.94037e-13
2743	2.92937e-13
2744	2.91841e-13
2745	2.90749e-13
2746	2.89661e-13
2747	2.88577e-13
2748	2.87497e-13
2749	2.86421e-13
2750	2.85348e-13
2751	2.8428e-13
2752	2.83215e-13
2753	2.82155e-13
2754	2.81098e-13
2755	2.80045e-13
2756	2.78995e-13
2757	2.7795e-13
2758	2.76908e-13
2759	2.75871e-13
2760	2.74836e-13
2761	2.73806e-13
2762	2.72779e-13
2763	2.71757e-13
2764	2.70737e-13
2765	2.69722e-13
2766	2.6871e-13
2767	2.67702e-13
2768	2.66698e-13
2769	2.65697e-13
2770	2.647e-13
2771	2.63706e-13
2772	2.62716e-13
2773	2.6173e-13
2774	2.60747e-13
2775	2.59768e-13
2776	2.58792e-13
2777	2.5782e-13
2778	2.56852e-13
2779	2.55887e-13
2780	2.54925e-13
2781	2.53967e-13
2782	2.53013e-13
2783	2.52062e-13
2784	2.51114e-13
2785	2.5017e-13
2786	2.49229e-13
2787	2.48292e-13
2788	2.47358e-13
2789	2.46428e-13
2790	2.455e-13
2791	2.44577e-13
2792	2.43656e-13
2793	2.4274e-13
2794	2.41826e-13
2795	2.40916e-13
2796	2.40009e-13
2797	2.39105e-13
2798	2.38205e-13
2799	2.37308e-13
2800	2.36414e-13
2801	2.35523e-13
2802	2.34636e-13
2803	2.33752e-13
2804	2.32871e-13
2805	2.31993e-13
2806	2.31119e-13
2807	2.30248e-13
2808	2.2938e-13
2809	2.28515e-13
2810	2.27653e-13
2811	2.26795e-13
2812	2.25939e-13
2813	2.25087e-13
2814	2.24238e-13
2815	2.23392e-13
2816	2.22549e-13
2817	2.21709e-13
2818	2.20872e-13
2819	2.20038e-13
2820	2.19208e-13
2821	2.1838e-13
2822	2.17555e-13
2823	2.16734e-13
2824	2.15915e-13
2825	2.15099e-13
2826	2.14287e-13
2827	2.13477e-13
2828	2.12671e-13
2829	2.11867e-13
2830	2.11066e-13
2831	2.10268e-13
2832	2.09473e-13
2833	2.08681e-13
2834	2.07892e-13
2835	2.07106e-13
2836	2.06323e-13
2837	2.05542e-13
2838	2.04765e-13
2839	2.0399e-13
2840	2.03218e-13
2841	2.02449e-13
2842	2.01683e-13
2843	2.00919e-13
2844	2.00159e-13
2845	1.99401e-13
2846	1.98646e-13
2847	1.97894e-13
2848	1.97144e-13
2849	1.96397e-13
2850	1.95653e-13
2851	1.94912e-13
2852	1.94174e-13
2853	1.93438e-13
2854	1.92705e-13
2855	1.91974e-13
2856	1.91247e-13
2857	1.90522e-13
2858	1.89799e-13
2859	1.89079e-13
2860	1.88362e-13
2861	1.87648e-13
2862	1.86936e-13
2863	1.86227e-13
2864	1.8552e-13
2865	1.84816e-13
2866	1.84115e-13
2867	1.83416e-13
2868	1.8272e-13
2869	1.82026e-13
2870	1.81335e-13
2871	1.80647e-13
2872	1.79961e-13
2873	1.79277e-13
2874	1.78596e-13
2875	1.77918e-13
2876	1.77242e-13
2877	1.76568e-13
2878	1.75897e-13
2879	1.75229e-13
2880	1.74563e-13
2881	1.73899e-13
2882	1.73238e-13
2883	1.7258e-13
2884	1.71923e-13
2885	1.71269e-13
2886	1.70618e-13
2887	1.69969e-13
2888	1.69322e-13
2889	1.68678e-13
2890	1.68036e-13
2891	1.67397e-13
2892	1.6676e-13
2893	1.66125e-13
2894	1.65493e-13
2895	1.64863e-13
2896	1.64235e-13
2897	1.6361e-13
2898	1.62986e-13
2899	1.62366e-13
2900	1.61747e-13
2901	1.61131e-13
2902	1.60517e-13
2903	1.59905e-13
2904	1.59296e-13
2905	1.58689e-13
2906	1.58084e-13
2907	1.57481e-13
2908	1.56881e-13
2909	1.56283e-13
2910	1.55687e-13
2911	1.55093e-13
2912	1.54502e-13
2913	1.53912e-13
2914	1.53325e-13
2915	1.5274e-13
2916	1.52157e-13
2917	1.51577e-13
2918	1.50998e-13
2919	1.50422e-13
2920	1.49848e-13
2921	1.49276e-13
2922	1.48706e-13
2923	1.48138e-13
2924	1.47572e-13
2925	1.47008e-13
2926	1.46447e-13
2927	1.45887e-13
2928	1.4533e-13
2929	1.44775e-13
2930	1.44221e-13
2931	1.4367e-13
2932	1.43121e-13
2933	1.42574e-13
2934	1.42029e-13
2935	1.41486e-13
2936	1.40945e-13
2937	1.40406e-13
2938	1.39869e-13
2939	1.39334e-13
2940	1.38801e-13
2941	1.3827e-13
2942	1.37741e-13
2943	1.37214e-13
2944	1.36688e-13
2945	1.36165e-13
2946	1.35644e-13
2947	1.35125e-13
2948	1.34607e-13
2949	1.34092e-13
2950	1.33579e-13
2951	1.33067e-13
2952	1.32557e-13
2953	1.32049e-13
2954	1.31544e-13
2955	1.3104e-13
2956	1.30537e-13
2957	1.30037e-13
2958	1.29539e-13
2959	1.29042e-13
2960	1.28548e-13
2961	1.28055e-13
2962	1.27564e-13
2963	1.27075e-13
2964	1.26587e-13
2965	1.26102e-13
2966	1.25618e-13
2967	1.25136e-13
2968	1.24656e-13
2969	1.24178e-13
2970	1.23701e-13
2971	1.23226e-13
2972	1.22754e-13
2973	1.22282e-13
2974	1.21813e-13
2975	1.21345e-13
2976	1.20879e-13
2977	1.20415e-13
2978	1.19953e-13
2979	1.19492e-13
2980	1.19033e-13
2981	1.18576e-13
2982	1.1812e-13
2983	1.17666e-13
2984	1.17214e-13
2985	1.16763e-13
2986	1.16315e-13
2987	1.15868e-13
2988	1.15422e-13
2989	1.14978e-13
2990	1.14536e-13
2991	1.14096e-13
2992	1.13657e-13
2993	1.1322e-13
2994	1.12784e-13
2995	1.1235e-13
2996	1.11918e-13
2997	1.11487e-13
2998	1.11058e-13
2999	1.10631e-13
