1	9.95315e-18
2	5.61447e-17
3	1.54291e-16
4	3.15869e-16
5	5.50315e-16
6	8.65766e-16
7	1.26943e-15
8	1.7678e-15
9	2.3668e-15
10	3.07188e-15
11	3.88809e-15
12	4.82015e-15
13	5.87245e-15
14	7.04913e-15
15	8.35408e-15
16	9.79098e-15
17	1.13633e-14
18	1.30743e-14
19	1.49272e-14
20	1.69249e-14
21	1.90702e-14
22	2.13659e-14
23	2.38144e-14
24	2.64183e-14
25	2.91799e-14
26	3.21013e-14
27	3.51847e-14
28	3.84322e-14
29	4.18456e-14
30	4.54268e-14
31	4.91776e-14
32	5.30997e-14
33	5.71946e-14
34	6.14639e-14
35	6.59091e-14
36	7.05315e-14
37	7.53325e-14
38	8.03134e-14
39	8.54753e-14
40	9.08194e-14
41	9.63468e-14
42	1.02059e-13
43	1.07956e-13
44	1.14039e-13
45	1.20309e-13
46	1.26768e-13
47	1.33415e-13
48	1.40251e-13
49	1.47278e-13
50	1.54496e-13
51	1.61905e-13
52	1.69506e-13
53	1.77299e-13
54	1.85286e-13
55	1.93466e-13
56	2.0184e-13
57	2.10408e-13
58	2.19171e-13
59	2.28129e-13
60	2.37282e-13
61	2.46631e-13
62	2.56175e-13
63	2.65915e-13
64	2.75851e-13
65	2.85983e-13
66	2.96312e-13
67	3.06837e-13
68	3.17558e-13
69	3.28476e-13
70	3.3959e-13
71	3.509e-13
72	3.62407e-13
73	3.7411e-13
74	3.86009e-13
75	3.98104e-13
76	4.10394e-13
77	4.2288e-13
78	4.35562e-13
79	4.48439e-13
80	4.61511e-13
81	4.74777e-13
82	4.88238e-13
83	5.01893e-13
84	5.15741e-13
85	5.29783e-13
86	5.44019e-13
87	5.58446e-13
88	5.73066e-13
89	5.87878e-13
90	6.02881e-13
91	6.18075e-13
92	6.3346e-13
93	6.49035e-13
94	6.64799e-13
95	6.80752e-13
96	6.96893e-13
97	7.13223e-13
98	7.2974e-13
99	7.46443e-13
100	7.63333e-13
101	7.80408e-13
102	7.97668e-13
103	8.15113e-13
104	8.32741e-13
105	8.50552e-13
106	8.68546e-13
107	8.86721e-13
108	9.05077e-13
109	9.23613e-13
110	9.42329e-13
111	9.61224e-13
112	9.80297e-13
113	9.99547e-13
114	1.01897e-12
115	1.03858e-12
116	1.05835e-12
117	1.07831e-12
118	1.09843e-12
119	1.11873e-12
120	1.1392e-12
121	1.15984e-12
122	1.18065e-12
123	1.20163e-12
124	1.22278e-12
125	1.24409e-12
126	1.26557e-12
127	1.28722e-12
128	1.30903e-12
129	1.33101e-12
130	1.35315e-12
131	1.37545e-12
132	1.39792e-12
133	1.42054e-12
134	1.44332e-12
135	1.46626e-12
136	1.48936e-12
137	1.51262e-12
138	1.53603e-12
139	1.55959e-12
140	1.58331e-12
141	1.60718e-12
142	1.63121e-12
143	1.65538e-12
144	1.6797e-12
145	1.70417e-12
146	1.72879e-12
147	1.75356e-12
148	1.77847e-12
149	1.80353e-12
150	1.82873e-12
151	1.85407e-12
152	1.87955e-12
153	1.90518e-12
154	1.93094e-12
155	1.95684e-12
156	1.98288e-12
157	2.00906e-12
158	2.03537e-12
159	2.06181e-12
160	2.08839e-12
161	2.1151e-12
162	2.14194e-12
163	2.16891e-12
164	2.19601e-12
165	2.22324e-12
166	2.25059e-12
167	2.27807e-12
168	2.30567e-12
169	2.3334e-12
170	2.36125e-12
171	2.38922e-12
172	2.41731e-12
173	2.44551e-12
174	2.47384e-12
175	2.50228e-12
176	2.53084e-12
177	2.55951e-12
178	2.5883e-12
179	2.6172e-12
180	2.64621e-12
181	2.67533e-12
182	2.70455e-12
183	2.73389e-12
184	2.76333e-12
185	2.79288e-12
186	2.82253e-12
187	2.85228e-12
188	2.88214e-12
189	2.9121e-12
190	2.94216e-12
191	2.97231e-12
192	3.00257e-12
193	3.03292e-12
194	3.06336e-12
195	3.0939e-12
196	3.12454e-12
197	3.15526e-12
198	3.18608e-12
199	3.21698e-12
200	3.24797e-12
201	3.27905e-12
202	3.31022e-12
203	3.34147e-12
204	3.37281e-12
205	3.40423e-12
206	3.43573e-12
207	3.46731e-12
208	3.49897e-12
209	3.53071e-12
210	3.56253e-12
211	3.59442e-12
212	3.62638e-12
213	3.65842e-12
214	3.69054e-12
215	3.72272e-12
216	3.75498e-12
217	3.7873e-12
218	3.81969e-12
219	3.85215e-12
220	3.88468e-12
221	3.91727e-12
222	3.94992e-12
223	3.98264e-12
224	4.01542e-12
225	4.04826e-12
226	4.08115e-12
227	4.11411e-12
228	4.14712e-12
229	4.18019e-12
230	4.21331e-12
231	4.24649e-12
232	4.27972e-12
233	4.313e-12
234	4.34633e-12
235	4.37971e-12
236	4.41314e-12
237	4.44662e-12
238	4.48014e-12
239	4.51371e-12
240	4.54732e-12
241	4.58097e-12
242	4.61467e-12
243	4.6484e-12
244	4.68218e-12
245	4.71599e-12
246	4.74984e-12
247	4.78373e-12
248	4.81765e-12
249	4.85161e-12
250	4.8856e-12
251	4.91962e-12
252	4.95368e-12
253	4.98776e-12
254	5.02187e-12
255	5.05601e-12
256	5.09018e-12
257	5.12437e-12
258	5.15859e-12
259	5.19283e-12
260	5.22709e-12
261	5.26137e-12
262	5.29568e-12
263	5.33e-12
264	5.36435e-12
265	5.39871e-12
266	5.43309e-12
267	5.46748e-12
268	5.50189e-12
269	5.53631e-12
270	5.57074e-12
271	5.60519e-12
272	5.63964e-12
273	5.6741e-12
274	5.70858e-12
275	5.74306e-12
276	5.77755e-12
277	5.81204e-12
278	5.84653e-12
279	5.88104e-12
280	5.91554e-12
281	5.95004e-12
282	5.98455e-12
283	6.01905e-12
284	6.05356e-12
285	6.08806e-12
286	6.12256e-12
287	6.15705e-12
288	6.19154e-12
289	6.22602e-12
290	6.2605e-12
291	6.29497e-12
292	6.32943e-12
293	6.36388e-12
294	6.39832e-12
295	6.43275e-12
296	6.46716e-12
297	6.50156e-12
298	6.53595e-12
299	6.57032e-12
300	6.60468e-12
301	6.63902e-12
302	6.67334e-12
303	6.70764e-12
304	6.74193e-12
305	6.77619e-12
306	6.81043e-12
307	6.84465e-12
308	6.87885e-12
309	6.91302e-12
310	6.94716e-12
311	6.98129e-12
312	7.01538e-12
313	7.04945e-12
314	7.08349e-12
315	7.1175e-12
316	7.15148e-12
317	7.18543e-12
318	7.21934e-12
319	7.25323e-12
320	7.28708e-12
321	7.3209e-12
322	7.35468e-12
323	7.38843e-12
324	7.42214e-12
325	7.45582e-12
326	7.48945e-12
327	7.52305e-12
328	7.55661e-12
329	7.59012e-12
330	7.6236e-12
331	7.65703e-12
332	7.69042e-12
333	7.72377e-12
334	7.75708e-12
335	7.79033e-12
336	7.82355e-12
337	7.85671e-12
338	7.88983e-12
339	7.9229e-12
340	7.95593e-12
341	7.9889e-12
342	8.02182e-12
343	8.05469e-12
344	8.08751e-12
345	8.12028e-12
346	8.153e-12
347	8.18566e-12
348	8.21827e-12
349	8.25082e-12
350	8.28331e-12
351	8.31575e-12
352	8.34814e-12
353	8.38046e-12
354	8.41273e-12
355	8.44493e-12
356	8.47708e-12
357	8.50916e-12
358	8.54119e-12
359	8.57315e-12
360	8.60505e-12
361	8.63689e-12
362	8.66867e-12
363	8.70037e-12
364	8.73202e-12
365	8.7636e-12
366	8.79511e-12
367	8.82656e-12
368	8.85793e-12
369	8.88924e-12
370	8.92048e-12
371	8.95166e-12
372	8.98276e-12
373	9.01379e-12
374	9.04475e-12
375	9.07564e-12
376	9.10645e-12
377	9.1372e-12
378	9.16787e-12
379	9.19846e-12
380	9.22898e-12
381	9.25943e-12
382	9.2898e-12
383	9.3201e-12
384	9.35031e-12
385	9.38045e-12
386	9.41052e-12
387	9.4405e-12
388	9.47041e-12
389	9.50023e-12
390	9.52998e-12
391	9.55964e-12
392	9.58923e-12
393	9.61873e-12
394	9.64815e-12
395	9.67749e-12
396	9.70675e-12
397	9.73592e-12
398	9.76501e-12
399	9.79401e-12
400	9.82293e-12
401	9.85176e-12
402	9.88051e-12
403	9.90917e-12
404	9.93775e-12
405	9.96623e-12
406	9.99463e-12
407	1.00229e-11
408	1.00512e-11
409	1.00793e-11
410	1.01073e-11
411	1.01353e-11
412	1.01632e-11
413	1.01909e-11
414	1.02186e-11
415	1.02462e-11
416	1.02737e-11
417	1.03011e-11
418	1.03284e-11
419	1.03557e-11
420	1.03828e-11
421	1.04098e-11
422	1.04368e-11
423	1.04636e-11
424	1.04904e-11
425	1.0517e-11
426	1.05436e-11
427	1.057e-11
428	1.05964e-11
429	1.06227e-11
430	1.06488e-11
431	1.06749e-11
432	1.07009e-11
433	1.07268e-11
434	1.07525e-11
435	1.07782e-11
436	1.08038e-11
437	1.08293e-11
438	1.08547e-11
439	1.08799e-11
440	1.09051e-11
441	1.09302e-11
442	1.09552e-11
443	1.09801e-11
444	1.10048e-11
445	1.10295e-11
446	1.10541e-11
447	1.10785e-11
448	1.11029e-11
449	1.11272e-11
450	1.11513e-11
451	1.11754e-11
452	1.11993e-11
453	1.12232e-11
454	1.12469e-11
455	1.12706e-11
456	1.12941e-11
457	1.13175e-11
458	1.13408e-11
459	1.13641e-11
460	1.13872e-11
461	1.14102e-11
462	1.14331e-11
463	1.14559e-11
464	1.14785e-11
465	1.15011e-11
466	1.15236e-11
467	1.1546e-11
468	1.15682e-11
469	1.15903e-11
470	1.16124e-11
471	1.16343e-11
472	1.16561e-11
473	1.16778e-11
474	1.16994e-11
475	1.17209e-11
476	1.17423e-11
477	1.17636e-11
478	1.17848e-11
479	1.18058e-11
480	1.18268e-11
481	1.18476e-11
482	1.18683e-11
483	1.18889e-11
484	1.19094e-11
485	1.19298e-11
486	1.19501e-11
487	1.19703e-11
488	1.19903e-11
489	1.20103e-11
490	1.20301e-11
491	1.20499e-11
492	1.20695e-11
493	1.2089e-11
494	1.21084e-11
495	1.21276e-11
496	1.21468e-11
497	1.21659e-11
498	1.21848e-11
499	1.22036e-11
500	1.22223e-11
501	1.22409e-11
502	1.22594e-11
503	1.22778e-11
504	1.22961e-11
505	1.23142e-11
506	1.23323e-11
507	1.23502e-11
508	1.2368e-11
509	1.23857e-11
510	1.24033e-11
511	1.24207e-11
512	1.24381e-11
513	1.24553e-11
514	1.24725e-11
515	1.24895e-11
516	1.25064e-11
517	1.25232e-11
518	1.25399e-11
519	1.25564e-11
520	1.25729e-11
521	1.25892e-11
522	1.26054e-11
523	1.26215e-11
524	1.26375e-11
525	1.26534e-11
526	1.26692e-11
527	1.26848e-11
528	1.27003e-11
529	1.27158e-11
530	1.27311e-11
531	1.27463e-11
532	1.27613e-11
533	1.27763e-11
534	1.27911e-11
535	1.28059e-11
536	1.28205e-11
537	1.2835e-11
538	1.28494e-11
539	1.28637e-11
540	1.28778e-11
541	1.28919e-11
542	1.29058e-11
543	1.29197e-11
544	1.29334e-11
545	1.2947e-11
546	1.29604e-11
547	1.29738e-11
548	1.29871e-11
549	1.30002e-11
550	1.30132e-11
551	1.30261e-11
552	1.30389e-11
553	1.30516e-11
554	1.30642e-11
555	1.30766e-11
556	1.3089e-11
557	1.31012e-11
558	1.31133e-11
559	1.31253e-11
560	1.31372e-11
561	1.3149e-11
562	1.31606e-11
563	1.31722e-11
564	1.31836e-11
565	1.3195e-11
566	1.32062e-11
567	1.32173e-11
568	1.32283e-11
569	1.32391e-11
570	1.32499e-11
571	1.32605e-11
572	1.32711e-11
573	1.32815e-11
574	1.32918e-11
575	1.3302e-11
576	1.33121e-11
577	1.33221e-11
578	1.33319e-11
579	1.33417e-11
580	1.33513e-11
581	1.33609e-11
582	1.33703e-11
583	1.33796e-11
584	1.33888e-11
585	1.33979e-11
586	1.34068e-11
587	1.34157e-11
588	1.34245e-11
589	1.34331e-11
590	1.34416e-11
591	1.34501e-11
592	1.34584e-11
593	1.34666e-11
594	1.34747e-11
595	1.34827e-11
596	1.34905e-11
597	1.34983e-11
598	1.3506e-11
599	1.35135e-11
600	1.35209e-11
601	1.35283e-11
602	1.35355e-11
603	1.35426e-11
604	1.35496e-11
605	1.35565e-11
606	1.35633e-11
607	1.357e-11
608	1.35766e-11
609	1.3583e-11
610	1.35894e-11
611	1.35956e-11
612	1.36018e-11
613	1.36078e-11
614	1.36138e-11
615	1.36196e-11
616	1.36253e-11
617	1.36309e-11
618	1.36364e-11
619	1.36418e-11
620	1.36471e-11
621	1.36523e-11
622	1.36574e-11
623	1.36624e-11
624	1.36673e-11
625	1.3672e-11
626	1.36767e-11
627	1.36813e-11
628	1.36857e-11
629	1.36901e-11
630	1.36943e-11
631	1.36985e-11
632	1.37025e-11
633	1.37065e-11
634	1.37103e-11
635	1.37141e-11
636	1.37177e-11
637	1.37212e-11
638	1.37247e-11
639	1.3728e-11
640	1.37312e-11
641	1.37343e-11
642	1.37374e-11
643	1.37403e-11
644	1.37431e-11
645	1.37458e-11
646	1.37485e-11
647	1.3751e-11
648	1.37534e-11
649	1.37557e-11
650	1.3758e-11
651	1.37601e-11
652	1.37621e-11
653	1.3764e-11
654	1.37659e-11
655	1.37676e-11
656	1.37692e-11
657	1.37708e-11
658	1.37722e-11
659	1.37736e-11
660	1.37748e-11
661	1.3776e-11
662	1.3777e-11
663	1.3778e-11
664	1.37788e-11
665	1.37796e-11
666	1.37803e-11
667	1.37808e-11
668	1.37813e-11
669	1.37817e-11
670	1.3782e-11
671	1.37822e-11
672	1.37823e-11
673	1.37823e-11
674	1.37822e-11
675	1.3782e-11
676	1.37817e-11
677	1.37814e-11
678	1.37809e-11
679	1.37804e-11
680	1.37797e-11
681	1.3779e-11
682	1.37781e-11
683	1.37772e-11
684	1.37762e-11
685	1.37751e-11
686	1.37739e-11
687	1.37726e-11
688	1.37713e-11
689	1.37698e-11
690	1.37683e-11
691	1.37666e-11
692	1.37649e-11
693	1.37631e-11
694	1.37612e-11
695	1.37592e-11
696	1.37571e-11
697	1.37549e-11
698	1.37527e-11
699	1.37503e-11
700	1.37479e-11
701	1.37454e-11
702	1.37428e-11
703	1.37401e-11
704	1.37373e-11
705	1.37344e-11
706	1.37315e-11
707	1.37284e-11
708	1.37253e-11
709	1.37221e-11
710	1.37188e-11
711	1.37155e-11
712	1.3712e-11
713	1.37085e-11
714	1.37049e-11
715	1.37012e-11
716	1.36974e-11
717	1.36935e-11
718	1.36896e-11
719	1.36855e-11
720	1.36814e-11
721	1.36772e-11
722	1.36729e-11
723	1.36686e-11
724	1.36641e-11
725	1.36596e-11
726	1.3655e-11
727	1.36504e-11
728	1.36456e-11
729	1.36408e-11
730	1.36359e-11
731	1.36309e-11
732	1.36258e-11
733	1.36207e-11
734	1.36154e-11
735	1.36101e-11
736	1.36048e-11
737	1.35993e-11
738	1.35938e-11
739	1.35882e-11
740	1.35825e-11
741	1.35767e-11
742	1.35709e-11
743	1.3565e-11
744	1.3559e-11
745	1.3553e-11
746	1.35468e-11
747	1.35406e-11
748	1.35343e-11
749	1.3528e-11
750	1.35216e-11
751	1.35151e-11
752	1.35085e-11
753	1.35019e-11
754	1.34951e-11
755	1.34884e-11
756	1.34815e-11
757	1.34746e-11
758	1.34676e-11
759	1.34605e-11
760	1.34534e-11
761	1.34462e-11
762	1.34389e-11
763	1.34316e-11
764	1.34241e-11
765	1.34167e-11
766	1.34091e-11
767	1.34015e-11
768	1.33938e-11
769	1.3386e-11
770	1.33782e-11
771	1.33703e-11
772	1.33624e-11
773	1.33544e-11
774	1.33463e-11
775	1.33381e-11
776	1.33299e-11
777	1.33216e-11
778	1.33133e-11
779	1.33049e-11
780	1.32964e-11
781	1.32878e-11
782	1.32792e-11
783	1.32706e-11
784	1.32618e-11
785	1.3253e-11
786	1.32442e-11
787	1.32353e-11
788	1.32263e-11
789	1.32172e-11
790	1.32081e-11
791	1.3199e-11
792	1.31898e-11
793	1.31805e-11
794	1.31711e-11
795	1.31617e-11
796	1.31522e-11
797	1.31427e-11
798	1.31331e-11
799	1.31235e-11
800	1.31138e-11
801	1.3104e-11
802	1.30942e-11
803	1.30843e-11
804	1.30744e-11
805	1.30644e-11
806	1.30544e-11
807	1.30443e-11
808	1.30341e-11
809	1.30239e-11
810	1.30136e-11
811	1.30033e-11
812	1.29929e-11
813	1.29825e-11
814	1.2972e-11
815	1.29615e-11
816	1.29509e-11
817	1.29402e-11
818	1.29295e-11
819	1.29187e-11
820	1.29079e-11
821	1.28971e-11
822	1.28862e-11
823	1.28752e-11
824	1.28642e-11
825	1.28531e-11
826	1.2842e-11
827	1.28308e-11
828	1.28196e-11
829	1.28083e-11
830	1.2797e-11
831	1.27856e-11
832	1.27742e-11
833	1.27627e-11
834	1.27512e-11
835	1.27396e-11
836	1.2728e-11
837	1.27164e-11
838	1.27047e-11
839	1.26929e-11
840	1.26811e-11
841	1.26692e-11
842	1.26573e-11
843	1.26454e-11
844	1.26334e-11
845	1.26214e-11
846	1.26093e-11
847	1.25971e-11
848	1.2585e-11
849	1.25727e-11
850	1.25605e-11
851	1.25482e-11
852	1.25358e-11
853	1.25234e-11
854	1.2511e-11
855	1.24985e-11
856	1.2486e-11
857	1.24734e-11
858	1.24608e-11
859	1.24482e-11
860	1.24355e-11
861	1.24227e-11
862	1.241e-11
863	1.23971e-11
864	1.23843e-11
865	1.23714e-11
866	1.23585e-11
867	1.23455e-11
868	1.23325e-11
869	1.23194e-11
870	1.23063e-11
871	1.22932e-11
872	1.228e-11
873	1.22668e-11
874	1.22535e-11
875	1.22403e-11
876	1.22269e-11
877	1.22136e-11
878	1.22002e-11
879	1.21867e-11
880	1.21733e-11
881	1.21598e-11
882	1.21462e-11
883	1.21326e-11
884	1.2119e-11
885	1.21054e-11
886	1.20917e-11
887	1.2078e-11
888	1.20642e-11
889	1.20504e-11
890	1.20366e-11
891	1.20228e-11
892	1.20089e-11
893	1.19949e-11
894	1.1981e-11
895	1.1967e-11
896	1.1953e-11
897	1.19389e-11
898	1.19249e-11
899	1.19107e-11
900	1.18966e-11
901	1.18824e-11
902	1.18682e-11
903	1.1854e-11
904	1.18397e-11
905	1.18254e-11
906	1.18111e-11
907	1.17967e-11
908	1.17823e-11
909	1.17679e-11
910	1.17535e-11
911	1.1739e-11
912	1.17245e-11
913	1.171e-11
914	1.16954e-11
915	1.16808e-11
916	1.16662e-11
917	1.16516e-11
918	1.16369e-11
919	1.16222e-11
920	1.16075e-11
921	1.15927e-11
922	1.1578e-11
923	1.15632e-11
924	1.15483e-11
925	1.15335e-11
926	1.15186e-11
927	1.15037e-11
928	1.14888e-11
929	1.14738e-11
930	1.14589e-11
931	1.14439e-11
932	1.14288e-11
933	1.14138e-11
934	1.13987e-11
935	1.13836e-11
936	1.13685e-11
937	1.13534e-11
938	1.13382e-11
939	1.1323e-11
940	1.13078e-11
941	1.12926e-11
942	1.12774e-11
943	1.12621e-11
944	1.12468e-11
945	1.12315e-11
946	1.12162e-11
947	1.12008e-11
948	1.11855e-11
949	1.11701e-11
950	1.11547e-11
951	1.11392e-11
952	1.11238e-11
953	1.11083e-11
954	1.10928e-11
955	1.10773e-11
956	1.10618e-11
957	1.10463e-11
958	1.10307e-11
959	1.10151e-11
960	1.09995e-11
961	1.09839e-11
962	1.09683e-11
963	1.09527e-11
964	1.0937e-11
965	1.09213e-11
966	1.09056e-11
967	1.08899e-11
968	1.08742e-11
969	1.08584e-11
970	1.08427e-11
971	1.08269e-11
972	1.08111e-11
973	1.07953e-11
974	1.07795e-11
975	1.07637e-11
976	1.07478e-11
977	1.0732e-11
978	1.07161e-11
979	1.07002e-11
980	1.06843e-11
981	1.06684e-11
982	1.06525e-11
983	1.06365e-11
984	1.06206e-11
985	1.06046e-11
986	1.05886e-11
987	1.05727e-11
988	1.05567e-11
989	1.05406e-11
990	1.05246e-11
991	1.05086e-11
992	1.04925e-11
993	1.04765e-11
994	1.04604e-11
995	1.04443e-11
996	1.04283e-11
997	1.04122e-11
998	1.03961e-11
999	1.03799e-11
1000	1.03638e-11
1001	1.03477e-11
1002	1.03315e-11
1003	1.03154e-11
1004	1.02992e-11
1005	1.0283e-11
1006	1.02669e-11
1007	1.02507e-11
1008	1.02345e-11
1009	1.02183e-11
1010	1.02021e-11
1011	1.01858e-11
1012	1.01696e-11
1013	1.01534e-11
1014	1.01371e-11
1015	1.01209e-11
1016	1.01046e-11
1017	1.00884e-11
1018	1.00721e-11
1019	1.00558e-11
1020	1.00396e-11
1021	1.00233e-11
1022	1.0007e-11
1023	9.99069e-12
1024	9.97439e-12
1025	9.95808e-12
1026	9.94177e-12
1027	9.92545e-12
1028	9.90913e-12
1029	9.89281e-12
1030	9.87648e-12
1031	9.86015e-12
1032	9.84381e-12
1033	9.82747e-12
1034	9.81112e-12
1035	9.79478e-12
1036	9.77843e-12
1037	9.76207e-12
1038	9.74571e-12
1039	9.72935e-12
1040	9.71299e-12
1041	9.69663e-12
1042	9.68026e-12
1043	9.66389e-12
1044	9.64752e-12
1045	9.63114e-12
1046	9.61477e-12
1047	9.59839e-12
1048	9.58202e-12
1049	9.56564e-12
1050	9.54926e-12
1051	9.53288e-12
1052	9.51649e-12
1053	9.50011e-12
1054	9.48373e-12
1055	9.46734e-12
1056	9.45096e-12
1057	9.43458e-12
1058	9.4182e-12
1059	9.40181e-12
1060	9.38543e-12
1061	9.36905e-12
1062	9.35267e-12
1063	9.33629e-12
1064	9.31991e-12
1065	9.30353e-12
1066	9.28715e-12
1067	9.27078e-12
1068	9.2544e-12
1069	9.23803e-12
1070	9.22166e-12
1071	9.20529e-12
1072	9.18893e-12
1073	9.17256e-12
1074	9.1562e-12
1075	9.13984e-12
1076	9.12349e-12
1077	9.10713e-12
1078	9.09078e-12
1079	9.07444e-12
1080	9.05809e-12
1081	9.04175e-12
1082	9.02542e-12
1083	9.00908e-12
1084	8.99275e-12
1085	8.97643e-12
1086	8.96011e-12
1087	8.94379e-12
1088	8.92748e-12
1089	8.91117e-12
1090	8.89486e-12
1091	8.87856e-12
1092	8.86227e-12
1093	8.84598e-12
1094	8.8297e-12
1095	8.81342e-12
1096	8.79714e-12
1097	8.78087e-12
1098	8.76461e-12
1099	8.74835e-12
1100	8.7321e-12
1101	8.71585e-12
1102	8.69961e-12
1103	8.68338e-12
1104	8.66715e-12
1105	8.65093e-12
1106	8.63472e-12
1107	8.61851e-12
1108	8.60231e-12
1109	8.58612e-12
1110	8.56993e-12
1111	8.55375e-12
1112	8.53758e-12
1113	8.52141e-12
1114	8.50525e-12
1115	8.4891e-12
1116	8.47296e-12
1117	8.45682e-12
1118	8.4407e-12
1119	8.42458e-12
1120	8.40847e-12
1121	8.39236e-12
1122	8.37627e-12
1123	8.36018e-12
1124	8.3441e-12
1125	8.32803e-12
1126	8.31197e-12
1127	8.29592e-12
1128	8.27988e-12
1129	8.26385e-12
1130	8.24782e-12
1131	8.23181e-12
1132	8.2158e-12
1133	8.19981e-12
1134	8.18382e-12
1135	8.16784e-12
1136	8.15188e-12
1137	8.13592e-12
1138	8.11997e-12
1139	8.10403e-12
1140	8.08811e-12
1141	8.07219e-12
1142	8.05628e-12
1143	8.04039e-12
1144	8.0245e-12
1145	8.00863e-12
1146	7.99277e-12
1147	7.97691e-12
1148	7.96107e-12
1149	7.94524e-12
1150	7.92942e-12
1151	7.91361e-12
1152	7.89781e-12
1153	7.88203e-12
1154	7.86625e-12
1155	7.85049e-12
1156	7.83474e-12
1157	7.819e-12
1158	7.80327e-12
1159	7.78756e-12
1160	7.77185e-12
1161	7.75616e-12
1162	7.74048e-12
1163	7.72482e-12
1164	7.70916e-12
1165	7.69352e-12
1166	7.67789e-12
1167	7.66227e-12
1168	7.64667e-12
1169	7.63108e-12
1170	7.6155e-12
1171	7.59993e-12
1172	7.58438e-12
1173	7.56884e-12
1174	7.55331e-12
1175	7.5378e-12
1176	7.5223e-12
1177	7.50681e-12
1178	7.49134e-12
1179	7.47588e-12
1180	7.46044e-12
1181	7.44501e-12
1182	7.42959e-12
1183	7.41418e-12
1184	7.39879e-12
1185	7.38342e-12
1186	7.36806e-12
1187	7.35271e-12
1188	7.33737e-12
1189	7.32206e-12
1190	7.30675e-12
1191	7.29146e-12
1192	7.27618e-12
1193	7.26092e-12
1194	7.24568e-12
1195	7.23045e-12
1196	7.21523e-12
1197	7.20003e-12
1198	7.18484e-12
1199	7.16967e-12
1200	7.15451e-12
1201	7.13937e-12
1202	7.12424e-12
1203	7.10913e-12
1204	7.09404e-12
1205	7.07896e-12
1206	7.06389e-12
1207	7.04884e-12
1208	7.03381e-12
1209	7.01879e-12
1210	7.00379e-12
1211	6.9888e-12
1212	6.97383e-12
1213	6.95888e-12
1214	6.94394e-12
1215	6.92901e-12
1216	6.91411e-12
1217	6.89922e-12
1218	6.88434e-12
1219	6.86949e-12
1220	6.85464e-12
1221	6.83982e-12
1222	6.82501e-12
1223	6.81022e-12
1224	6.79544e-12
1225	6.78068e-12
1226	6.76594e-12
1227	6.75121e-12
1228	6.73651e-12
1229	6.72181e-12
1230	6.70714e-12
1231	6.69248e-12
1232	6.67784e-12
1233	6.66322e-12
1234	6.64861e-12
1235	6.63402e-12
1236	6.61945e-12
1237	6.60489e-12
1238	6.59035e-12
1239	6.57583e-12
1240	6.56133e-12
1241	6.54684e-12
1242	6.53237e-12
1243	6.51792e-12
1244	6.50349e-12
1245	6.48907e-12
1246	6.47468e-12
1247	6.46029e-12
1248	6.44593e-12
1249	6.43159e-12
1250	6.41726e-12
1251	6.40295e-12
1252	6.38866e-12
1253	6.37439e-12
1254	6.36013e-12
1255	6.3459e-12
1256	6.33168e-12
1257	6.31748e-12
1258	6.30329e-12
1259	6.28913e-12
1260	6.27498e-12
1261	6.26086e-12
1262	6.24675e-12
1263	6.23266e-12
1264	6.21858e-12
1265	6.20453e-12
1266	6.1905e-12
1267	6.17648e-12
1268	6.16248e-12
1269	6.1485e-12
1270	6.13454e-12
1271	6.1206e-12
1272	6.10667e-12
1273	6.09277e-12
1274	6.07888e-12
1275	6.06502e-12
1276	6.05117e-12
1277	6.03734e-12
1278	6.02353e-12
1279	6.00974e-12
1280	5.99597e-12
1281	5.98221e-12
1282	5.96848e-12
1283	5.95476e-12
1284	5.94107e-12
1285	5.92739e-12
1286	5.91373e-12
1287	5.9001e-12
1288	5.88648e-12
1289	5.87288e-12
1290	5.8593e-12
1291	5.84574e-12
1292	5.8322e-12
1293	5.81867e-12
1294	5.80517e-12
1295	5.79169e-12
1296	5.77822e-12
1297	5.76478e-12
1298	5.75136e-12
1299	5.73795e-12
1300	5.72457e-12
1301	5.7112e-12
1302	5.69785e-12
1303	5.68453e-12
1304	5.67122e-12
1305	5.65793e-12
1306	5.64467e-12
1307	5.63142e-12
1308	5.61819e-12
1309	5.60498e-12
1310	5.5918e-12
1311	5.57863e-12
1312	5.56548e-12
1313	5.55235e-12
1314	5.53924e-12
1315	5.52615e-12
1316	5.51309e-12
1317	5.50004e-12
1318	5.48701e-12
1319	5.474e-12
1320	5.46101e-12
1321	5.44805e-12
1322	5.4351e-12
1323	5.42217e-12
1324	5.40926e-12
1325	5.39637e-12
1326	5.38351e-12
1327	5.37066e-12
1328	5.35783e-12
1329	5.34502e-12
1330	5.33224e-12
1331	5.31947e-12
1332	5.30673e-12
1333	5.294e-12
1334	5.28129e-12
1335	5.26861e-12
1336	5.25594e-12
1337	5.2433e-12
1338	5.23068e-12
1339	5.21807e-12
1340	5.20549e-12
1341	5.19293e-12
1342	5.18038e-12
1343	5.16786e-12
1344	5.15536e-12
1345	5.14288e-12
1346	5.13042e-12
1347	5.11798e-12
1348	5.10556e-12
1349	5.09316e-12
1350	5.08078e-12
1351	5.06842e-12
1352	5.05608e-12
1353	5.04377e-12
1354	5.03147e-12
1355	5.01919e-12
1356	5.00694e-12
1357	4.9947e-12
1358	4.98249e-12
1359	4.97029e-12
1360	4.95812e-12
1361	4.94597e-12
1362	4.93384e-12
1363	4.92173e-12
1364	4.90963e-12
1365	4.89756e-12
1366	4.88552e-12
1367	4.87349e-12
1368	4.86148e-12
1369	4.84949e-12
1370	4.83752e-12
1371	4.82558e-12
1372	4.81365e-12
1373	4.80175e-12
1374	4.78986e-12
1375	4.778e-12
1376	4.76616e-12
1377	4.75434e-12
1378	4.74253e-12
1379	4.73075e-12
1380	4.71899e-12
1381	4.70726e-12
1382	4.69554e-12
1383	4.68384e-12
1384	4.67216e-12
1385	4.66051e-12
1386	4.64887e-12
1387	4.63726e-12
1388	4.62566e-12
1389	4.61409e-12
1390	4.60254e-12
1391	4.591e-12
1392	4.57949e-12
1393	4.568e-12
1394	4.55653e-12
1395	4.54508e-12
1396	4.53366e-12
1397	4.52225e-12
1398	4.51086e-12
1399	4.4995e-12
1400	4.48815e-12
1401	4.47683e-12
1402	4.46552e-12
1403	4.45424e-12
1404	4.44298e-12
1405	4.43174e-12
1406	4.42052e-12
1407	4.40932e-12
1408	4.39814e-12
1409	4.38698e-12
1410	4.37584e-12
1411	4.36472e-12
1412	4.35363e-12
1413	4.34255e-12
1414	4.33149e-12
1415	4.32046e-12
1416	4.30945e-12
1417	4.29845e-12
1418	4.28748e-12
1419	4.27653e-12
1420	4.2656e-12
1421	4.25469e-12
1422	4.2438e-12
1423	4.23293e-12
1424	4.22208e-12
1425	4.21125e-12
1426	4.20044e-12
1427	4.18966e-12
1428	4.17889e-12
1429	4.16815e-12
1430	4.15742e-12
1431	4.14672e-12
1432	4.13603e-12
1433	4.12537e-12
1434	4.11473e-12
1435	4.1041e-12
1436	4.0935e-12
1437	4.08292e-12
1438	4.07236e-12
1439	4.06182e-12
1440	4.0513e-12
1441	4.0408e-12
1442	4.03033e-12
1443	4.01987e-12
1444	4.00943e-12
1445	3.99901e-12
1446	3.98862e-12
1447	3.97824e-12
1448	3.96789e-12
1449	3.95755e-12
1450	3.94724e-12
1451	3.93694e-12
1452	3.92667e-12
1453	3.91642e-12
1454	3.90618e-12
1455	3.89597e-12
1456	3.88578e-12
1457	3.87561e-12
1458	3.86545e-12
1459	3.85532e-12
1460	3.84521e-12
1461	3.83512e-12
1462	3.82505e-12
1463	3.815e-12
1464	3.80497e-12
1465	3.79496e-12
1466	3.78497e-12
1467	3.775e-12
1468	3.76505e-12
1469	3.75513e-12
1470	3.74522e-12
1471	3.73533e-12
1472	3.72546e-12
1473	3.71561e-12
1474	3.70578e-12
1475	3.69598e-12
1476	3.68619e-12
1477	3.67642e-12
1478	3.66667e-12
1479	3.65695e-12
1480	3.64724e-12
1481	3.63755e-12
1482	3.62788e-12
1483	3.61824e-12
1484	3.60861e-12
1485	3.599e-12
1486	3.58941e-12
1487	3.57984e-12
1488	3.5703e-12
1489	3.56077e-12
1490	3.55126e-12
1491	3.54177e-12
1492	3.5323e-12
1493	3.52286e-12
1494	3.51343e-12
1495	3.50402e-12
1496	3.49463e-12
1497	3.48526e-12
1498	3.47591e-12
1499	3.46658e-12
1500	3.45727e-12
1501	3.44798e-12
1502	3.43871e-12
1503	3.42946e-12
1504	3.42023e-12
1505	3.41102e-12
1506	3.40182e-12
1507	3.39265e-12
1508	3.3835e-12
1509	3.37436e-12
1510	3.36525e-12
1511	3.35616e-12
1512	3.34708e-12
1513	3.33803e-12
1514	3.32899e-12
1515	3.31997e-12
1516	3.31098e-12
1517	3.302e-12
1518	3.29304e-12
1519	3.2841e-12
1520	3.27518e-12
1521	3.26628e-12
1522	3.2574e-12
1523	3.24854e-12
1524	3.2397e-12
1525	3.23087e-12
1526	3.22207e-12
1527	3.21329e-12
1528	3.20452e-12
1529	3.19577e-12
1530	3.18705e-12
1531	3.17834e-12
1532	3.16965e-12
1533	3.16098e-12
1534	3.15233e-12
1535	3.1437e-12
1536	3.13508e-12
1537	3.12649e-12
1538	3.11792e-12
1539	3.10936e-12
1540	3.10082e-12
1541	3.09231e-12
1542	3.08381e-12
1543	3.07533e-12
1544	3.06687e-12
1545	3.05842e-12
1546	3.05e-12
1547	3.04159e-12
1548	3.03321e-12
1549	3.02484e-12
1550	3.01649e-12
1551	3.00816e-12
1552	2.99985e-12
1553	2.99156e-12
1554	2.98329e-12
1555	2.97503e-12
1556	2.96679e-12
1557	2.95857e-12
1558	2.95038e-12
1559	2.94219e-12
1560	2.93403e-12
1561	2.92589e-12
1562	2.91776e-12
1563	2.90965e-12
1564	2.90157e-12
1565	2.8935e-12
1566	2.88544e-12
1567	2.87741e-12
1568	2.86939e-12
1569	2.8614e-12
1570	2.85342e-12
1571	2.84546e-12
1572	2.83752e-12
1573	2.82959e-12
1574	2.82168e-12
1575	2.8138e-12
1576	2.80593e-12
1577	2.79808e-12
1578	2.79024e-12
1579	2.78243e-12
1580	2.77463e-12
1581	2.76685e-12
1582	2.75909e-12
1583	2.75134e-12
1584	2.74362e-12
1585	2.73591e-12
1586	2.72822e-12
1587	2.72055e-12
1588	2.7129e-12
1589	2.70526e-12
1590	2.69764e-12
1591	2.69004e-12
1592	2.68246e-12
1593	2.67489e-12
1594	2.66734e-12
1595	2.65981e-12
1596	2.6523e-12
1597	2.64481e-12
1598	2.63733e-12
1599	2.62987e-12
1600	2.62243e-12
1601	2.615e-12
1602	2.6076e-12
1603	2.60021e-12
1604	2.59284e-12
1605	2.58548e-12
1606	2.57814e-12
1607	2.57082e-12
1608	2.56352e-12
1609	2.55624e-12
1610	2.54897e-12
1611	2.54172e-12
1612	2.53448e-12
1613	2.52727e-12
1614	2.52007e-12
1615	2.51289e-12
1616	2.50572e-12
1617	2.49857e-12
1618	2.49144e-12
1619	2.48433e-12
1620	2.47723e-12
1621	2.47015e-12
1622	2.46309e-12
1623	2.45604e-12
1624	2.44902e-12
1625	2.442e-12
1626	2.43501e-12
1627	2.42803e-12
1628	2.42107e-12
1629	2.41413e-12
1630	2.4072e-12
1631	2.40029e-12
1632	2.39339e-12
1633	2.38651e-12
1634	2.37965e-12
1635	2.37281e-12
1636	2.36598e-12
1637	2.35917e-12
1638	2.35238e-12
1639	2.3456e-12
1640	2.33884e-12
1641	2.33209e-12
1642	2.32536e-12
1643	2.31865e-12
1644	2.31196e-12
1645	2.30528e-12
1646	2.29861e-12
1647	2.29197e-12
1648	2.28534e-12
1649	2.27872e-12
1650	2.27212e-12
1651	2.26554e-12
1652	2.25898e-12
1653	2.25243e-12
1654	2.24589e-12
1655	2.23938e-12
1656	2.23288e-12
1657	2.22639e-12
1658	2.21992e-12
1659	2.21347e-12
1660	2.20703e-12
1661	2.20061e-12
1662	2.19421e-12
1663	2.18782e-12
1664	2.18144e-12
1665	2.17509e-12
1666	2.16875e-12
1667	2.16242e-12
1668	2.15611e-12
1669	2.14981e-12
1670	2.14354e-12
1671	2.13727e-12
1672	2.13103e-12
1673	2.12479e-12
1674	2.11858e-12
1675	2.11238e-12
1676	2.10619e-12
1677	2.10002e-12
1678	2.09387e-12
1679	2.08773e-12
1680	2.08161e-12
1681	2.0755e-12
1682	2.06941e-12
1683	2.06333e-12
1684	2.05727e-12
1685	2.05122e-12
1686	2.04519e-12
1687	2.03917e-12
1688	2.03317e-12
1689	2.02719e-12
1690	2.02122e-12
1691	2.01526e-12
1692	2.00932e-12
1693	2.0034e-12
1694	1.99749e-12
1695	1.99159e-12
1696	1.98571e-12
1697	1.97985e-12
1698	1.974e-12
1699	1.96816e-12
1700	1.96234e-12
1701	1.95653e-12
1702	1.95074e-12
1703	1.94497e-12
1704	1.93921e-12
1705	1.93346e-12
1706	1.92773e-12
1707	1.92201e-12
1708	1.91631e-12
1709	1.91062e-12
1710	1.90495e-12
1711	1.89929e-12
1712	1.89365e-12
1713	1.88802e-12
1714	1.8824e-12
1715	1.8768e-12
1716	1.87122e-12
1717	1.86565e-12
1718	1.86009e-12
1719	1.85455e-12
1720	1.84902e-12
1721	1.8435e-12
1722	1.838e-12
1723	1.83252e-12
1724	1.82705e-12
1725	1.82159e-12
1726	1.81615e-12
1727	1.81072e-12
1728	1.8053e-12
1729	1.7999e-12
1730	1.79452e-12
1731	1.78914e-12
1732	1.78379e-12
1733	1.77844e-12
1734	1.77311e-12
1735	1.76779e-12
1736	1.76249e-12
1737	1.7572e-12
1738	1.75193e-12
1739	1.74667e-12
1740	1.74142e-12
1741	1.73619e-12
1742	1.73097e-12
1743	1.72576e-12
1744	1.72057e-12
1745	1.71539e-12
1746	1.71022e-12
1747	1.70507e-12
1748	1.69993e-12
1749	1.69481e-12
1750	1.6897e-12
1751	1.6846e-12
1752	1.67952e-12
1753	1.67445e-12
1754	1.66939e-12
1755	1.66435e-12
1756	1.65932e-12
1757	1.6543e-12
1758	1.6493e-12
1759	1.64431e-12
1760	1.63933e-12
1761	1.63437e-12
1762	1.62941e-12
1763	1.62448e-12
1764	1.61955e-12
1765	1.61464e-12
1766	1.60974e-12
1767	1.60486e-12
1768	1.59999e-12
1769	1.59513e-12
1770	1.59028e-12
1771	1.58545e-12
1772	1.58063e-12
1773	1.57582e-12
1774	1.57103e-12
1775	1.56625e-12
1776	1.56148e-12
1777	1.55672e-12
1778	1.55198e-12
1779	1.54725e-12
1780	1.54253e-12
1781	1.53783e-12
1782	1.53313e-12
1783	1.52845e-12
1784	1.52379e-12
1785	1.51913e-12
1786	1.51449e-12
1787	1.50986e-12
1788	1.50524e-12
1789	1.50064e-12
1790	1.49605e-12
1791	1.49147e-12
1792	1.4869e-12
1793	1.48235e-12
1794	1.47781e-12
1795	1.47328e-12
1796	1.46876e-12
1797	1.46425e-12
1798	1.45976e-12
1799	1.45528e-12
1800	1.45081e-12
1801	1.44635e-12
1802	1.44191e-12
1803	1.43748e-12
1804	1.43306e-12
1805	1.42865e-12
1806	1.42425e-12
1807	1.41987e-12
1808	1.4155e-12
1809	1.41114e-12
1810	1.40679e-12
1811	1.40245e-12
1812	1.39813e-12
1813	1.39381e-12
1814	1.38951e-12
1815	1.38522e-12
1816	1.38095e-12
1817	1.37668e-12
1818	1.37243e-12
1819	1.36819e-12
1820	1.36396e-12
1821	1.35974e-12
1822	1.35553e-12
1823	1.35133e-12
1824	1.34715e-12
1825	1.34298e-12
1826	1.33882e-12
1827	1.33467e-12
1828	1.33053e-12
1829	1.3264e-12
1830	1.32229e-12
1831	1.31819e-12
1832	1.31409e-12
1833	1.31001e-12
1834	1.30594e-12
1835	1.30189e-12
1836	1.29784e-12
1837	1.2938e-12
1838	1.28978e-12
1839	1.28576e-12
1840	1.28176e-12
1841	1.27777e-12
1842	1.27379e-12
1843	1.26982e-12
1844	1.26587e-12
1845	1.26192e-12
1846	1.25798e-12
1847	1.25406e-12
1848	1.25014e-12
1849	1.24624e-12
1850	1.24235e-12
1851	1.23847e-12
1852	1.2346e-12
1853	1.23074e-12
1854	1.22689e-12
1855	1.22305e-12
1856	1.21923e-12
1857	1.21541e-12
1858	1.21161e-12
1859	1.20781e-12
1860	1.20403e-12
1861	1.20025e-12
1862	1.19649e-12
1863	1.19274e-12
1864	1.189e-12
1865	1.18527e-12
1866	1.18155e-12
1867	1.17784e-12
1868	1.17414e-12
1869	1.17045e-12
1870	1.16677e-12
1871	1.1631e-12
1872	1.15944e-12
1873	1.15579e-12
1874	1.15216e-12
1875	1.14853e-12
1876	1.14491e-12
1877	1.14131e-12
1878	1.13771e-12
1879	1.13413e-12
1880	1.13055e-12
1881	1.12698e-12
1882	1.12343e-12
1883	1.11988e-12
1884	1.11635e-12
1885	1.11282e-12
1886	1.10931e-12
1887	1.1058e-12
1888	1.10231e-12
1889	1.09882e-12
1890	1.09535e-12
1891	1.09188e-12
1892	1.08843e-12
1893	1.08498e-12
1894	1.08155e-12
1895	1.07812e-12
1896	1.0747e-12
1897	1.0713e-12
1898	1.0679e-12
1899	1.06452e-12
1900	1.06114e-12
1901	1.05777e-12
1902	1.05441e-12
1903	1.05107e-12
1904	1.04773e-12
1905	1.0444e-12
1906	1.04108e-12
1907	1.03777e-12
1908	1.03447e-12
1909	1.03118e-12
1910	1.0279e-12
1911	1.02463e-12
1912	1.02136e-12
1913	1.01811e-12
1914	1.01487e-12
1915	1.01163e-12
1916	1.00841e-12
1917	1.00519e-12
1918	1.00199e-12
1919	9.98792e-13
1920	9.95604e-13
1921	9.92426e-13
1922	9.89257e-13
1923	9.86097e-13
1924	9.82946e-13
1925	9.79805e-13
1926	9.76672e-13
1927	9.73549e-13
1928	9.70435e-13
1929	9.6733e-13
1930	9.64233e-13
1931	9.61146e-13
1932	9.58068e-13
1933	9.54999e-13
1934	9.51939e-13
1935	9.48887e-13
1936	9.45845e-13
1937	9.42811e-13
1938	9.39787e-13
1939	9.36771e-13
1940	9.33764e-13
1941	9.30766e-13
1942	9.27776e-13
1943	9.24795e-13
1944	9.21823e-13
1945	9.1886e-13
1946	9.15905e-13
1947	9.12959e-13
1948	9.10022e-13
1949	9.07093e-13
1950	9.04173e-13
1951	9.01262e-13
1952	8.98359e-13
1953	8.95464e-13
1954	8.92578e-13
1955	8.89701e-13
1956	8.86832e-13
1957	8.83971e-13
1958	8.81119e-13
1959	8.78276e-13
1960	8.7544e-13
1961	8.72613e-13
1962	8.69795e-13
1963	8.66984e-13
1964	8.64182e-13
1965	8.61389e-13
1966	8.58603e-13
1967	8.55826e-13
1968	8.53057e-13
1969	8.50296e-13
1970	8.47543e-13
1971	8.44799e-13
1972	8.42062e-13
1973	8.39334e-13
1974	8.36614e-13
1975	8.33902e-13
1976	8.31198e-13
1977	8.28502e-13
1978	8.25814e-13
1979	8.23134e-13
1980	8.20462e-13
1981	8.17797e-13
1982	8.15141e-13
1983	8.12493e-13
1984	8.09853e-13
1985	8.0722e-13
1986	8.04595e-13
1987	8.01978e-13
1988	7.99369e-13
1989	7.96768e-13
1990	7.94175e-13
1991	7.91589e-13
1992	7.89011e-13
1993	7.86441e-13
1994	7.83878e-13
1995	7.81323e-13
1996	7.78776e-13
1997	7.76236e-13
1998	7.73704e-13
1999	7.71179e-13
2000	7.68662e-13
2001	7.66153e-13
2002	7.63651e-13
2003	7.61157e-13
2004	7.5867e-13
2005	7.5619e-13
2006	7.53718e-13
2007	7.51254e-13
2008	7.48797e-13
2009	7.46347e-13
2010	7.43905e-13
2011	7.4147e-13
2012	7.39042e-13
2013	7.36621e-13
2014	7.34208e-13
2015	7.31803e-13
2016	7.29404e-13
2017	7.27013e-13
2018	7.24629e-13
2019	7.22252e-13
2020	7.19882e-13
2021	7.1752e-13
2022	7.15164e-13
2023	7.12816e-13
2024	7.10475e-13
2025	7.08141e-13
2026	7.05814e-13
2027	7.03494e-13
2028	7.01181e-13
2029	6.98875e-13
2030	6.96576e-13
2031	6.94284e-13
2032	6.91999e-13
2033	6.89721e-13
2034	6.8745e-13
2035	6.85185e-13
2036	6.82928e-13
2037	6.80678e-13
2038	6.78434e-13
2039	6.76197e-13
2040	6.73967e-13
2041	6.71744e-13
2042	6.69527e-13
2043	6.67318e-13
2044	6.65115e-13
2045	6.62919e-13
2046	6.60729e-13
2047	6.58546e-13
2048	6.5637e-13
2049	6.54201e-13
2050	6.52038e-13
2051	6.49881e-13
2052	6.47732e-13
2053	6.45588e-13
2054	6.43452e-13
2055	6.41322e-13
2056	6.39198e-13
2057	6.37081e-13
2058	6.34971e-13
2059	6.32867e-13
2060	6.30769e-13
2061	6.28678e-13
2062	6.26593e-13
2063	6.24515e-13
2064	6.22443e-13
2065	6.20377e-13
2066	6.18318e-13
2067	6.16265e-13
2068	6.14219e-13
2069	6.12178e-13
2070	6.10144e-13
2071	6.08117e-13
2072	6.06095e-13
2073	6.0408e-13
2074	6.02071e-13
2075	6.00068e-13
2076	5.98071e-13
2077	5.96081e-13
2078	5.94096e-13
2079	5.92118e-13
2080	5.90146e-13
2081	5.8818e-13
2082	5.8622e-13
2083	5.84266e-13
2084	5.82318e-13
2085	5.80376e-13
2086	5.78441e-13
2087	5.76511e-13
2088	5.74587e-13
2089	5.72669e-13
2090	5.70757e-13
2091	5.68851e-13
2092	5.66951e-13
2093	5.65057e-13
2094	5.63168e-13
2095	5.61286e-13
2096	5.59409e-13
2097	5.57539e-13
2098	5.55674e-13
2099	5.53814e-13
2100	5.51961e-13
2101	5.50113e-13
2102	5.48272e-13
2103	5.46435e-13
2104	5.44605e-13
2105	5.4278e-13
2106	5.40961e-13
2107	5.39148e-13
2108	5.3734e-13
2109	5.35538e-13
2110	5.33742e-13
2111	5.31951e-13
2112	5.30166e-13
2113	5.28386e-13
2114	5.26612e-13
2115	5.24843e-13
2116	5.2308e-13
2117	5.21323e-13
2118	5.19571e-13
2119	5.17824e-13
2120	5.16083e-13
2121	5.14348e-13
2122	5.12618e-13
2123	5.10893e-13
2124	5.09174e-13
2125	5.0746e-13
2126	5.05751e-13
2127	5.04048e-13
2128	5.0235e-13
2129	5.00658e-13
2130	4.98971e-13
2131	4.97289e-13
2132	4.95612e-13
2133	4.93941e-13
2134	4.92275e-13
2135	4.90614e-13
2136	4.88958e-13
2137	4.87308e-13
2138	4.85663e-13
2139	4.84023e-13
2140	4.82388e-13
2141	4.80758e-13
2142	4.79134e-13
2143	4.77515e-13
2144	4.759e-13
2145	4.74291e-13
2146	4.72687e-13
2147	4.71088e-13
2148	4.69494e-13
2149	4.67905e-13
2150	4.66321e-13
2151	4.64742e-13
2152	4.63168e-13
2153	4.61599e-13
2154	4.60036e-13
2155	4.58477e-13
2156	4.56922e-13
2157	4.55373e-13
2158	4.53829e-13
2159	4.5229e-13
2160	4.50755e-13
2161	4.49226e-13
2162	4.47701e-13
2163	4.46181e-13
2164	4.44666e-13
2165	4.43156e-13
2166	4.41651e-13
2167	4.4015e-13
2168	4.38654e-13
2169	4.37163e-13
2170	4.35677e-13
2171	4.34195e-13
2172	4.32718e-13
2173	4.31246e-13
2174	4.29778e-13
2175	4.28316e-13
2176	4.26857e-13
2177	4.25404e-13
2178	4.23955e-13
2179	4.22511e-13
2180	4.21071e-13
2181	4.19636e-13
2182	4.18205e-13
2183	4.1678e-13
2184	4.15358e-13
2185	4.13941e-13
2186	4.12529e-13
2187	4.11121e-13
2188	4.09718e-13
2189	4.08319e-13
2190	4.06925e-13
2191	4.05535e-13
2192	4.0415e-13
2193	4.02769e-13
2194	4.01393e-13
2195	4.00021e-13
2196	3.98653e-13
2197	3.9729e-13
2198	3.95931e-13
2199	3.94576e-13
2200	3.93226e-13
2201	3.9188e-13
2202	3.90539e-13
2203	3.89201e-13
2204	3.87869e-13
2205	3.8654e-13
2206	3.85216e-13
2207	3.83895e-13
2208	3.8258e-13
2209	3.81268e-13
2210	3.79961e-13
2211	3.78657e-13
2212	3.77358e-13
2213	3.76064e-13
2214	3.74773e-13
2215	3.73487e-13
2216	3.72204e-13
2217	3.70926e-13
2218	3.69652e-13
2219	3.68382e-13
2220	3.67116e-13
2221	3.65855e-13
2222	3.64597e-13
2223	3.63344e-13
2224	3.62094e-13
2225	3.60849e-13
2226	3.59607e-13
2227	3.5837e-13
2228	3.57136e-13
2229	3.55907e-13
2230	3.54681e-13
2231	3.5346e-13
2232	3.52242e-13
2233	3.51029e-13
2234	3.49819e-13
2235	3.48614e-13
2236	3.47412e-13
2237	3.46214e-13
2238	3.4502e-13
2239	3.4383e-13
2240	3.42644e-13
2241	3.41461e-13
2242	3.40283e-13
2243	3.39108e-13
2244	3.37937e-13
2245	3.3677e-13
2246	3.35607e-13
2247	3.34447e-13
2248	3.33291e-13
2249	3.32139e-13
2250	3.30991e-13
2251	3.29847e-13
2252	3.28706e-13
2253	3.27569e-13
2254	3.26436e-13
2255	3.25306e-13
2256	3.2418e-13
2257	3.23058e-13
2258	3.21939e-13
2259	3.20824e-13
2260	3.19713e-13
2261	3.18605e-13
2262	3.17501e-13
2263	3.16401e-13
2264	3.15304e-13
2265	3.14211e-13
2266	3.13121e-13
2267	3.12035e-13
2268	3.10953e-13
2269	3.09874e-13
2270	3.08798e-13
2271	3.07726e-13
2272	3.06658e-13
2273	3.05593e-13
2274	3.04531e-13
2275	3.03474e-13
2276	3.02419e-13
2277	3.01368e-13
2278	3.0032e-13
2279	2.99276e-13
2280	2.98236e-13
2281	2.97198e-13
2282	2.96165e-13
2283	2.95134e-13
2284	2.94107e-13
2285	2.93083e-13
2286	2.92063e-13
2287	2.91046e-13
2288	2.90032e-13
2289	2.89022e-13
2290	2.88015e-13
2291	2.87011e-13
2292	2.86011e-13
2293	2.85014e-13
2294	2.8402e-13
2295	2.8303e-13
2296	2.82043e-13
2297	2.81059e-13
2298	2.80078e-13
2299	2.79101e-13
2300	2.78126e-13
2301	2.77155e-13
2302	2.76188e-13
2303	2.75223e-13
2304	2.74261e-13
2305	2.73303e-13
2306	2.72348e-13
2307	2.71396e-13
2308	2.70447e-13
2309	2.69502e-13
2310	2.68559e-13
2311	2.6762e-13
2312	2.66684e-13
2313	2.65751e-13
2314	2.64821e-13
2315	2.63894e-13
2316	2.6297e-13
2317	2.62049e-13
2318	2.61131e-13
2319	2.60216e-13
2320	2.59305e-13
2321	2.58396e-13
2322	2.5749e-13
2323	2.56588e-13
2324	2.55688e-13
2325	2.54791e-13
2326	2.53897e-13
2327	2.53007e-13
2328	2.52119e-13
2329	2.51234e-13
2330	2.50352e-13
2331	2.49473e-13
2332	2.48597e-13
2333	2.47724e-13
2334	2.46854e-13
2335	2.45987e-13
2336	2.45123e-13
2337	2.44261e-13
2338	2.43402e-13
2339	2.42547e-13
2340	2.41694e-13
2341	2.40844e-13
2342	2.39996e-13
2343	2.39152e-13
2344	2.3831e-13
2345	2.37472e-13
2346	2.36636e-13
2347	2.35803e-13
2348	2.34972e-13
2349	2.34145e-13
2350	2.3332e-13
2351	2.32498e-13
2352	2.31678e-13
2353	2.30862e-13
2354	2.30048e-13
2355	2.29237e-13
2356	2.28428e-13
2357	2.27623e-13
2358	2.2682e-13
2359	2.26019e-13
2360	2.25222e-13
2361	2.24427e-13
2362	2.23634e-13
2363	2.22845e-13
2364	2.22058e-13
2365	2.21273e-13
2366	2.20492e-13
2367	2.19713e-13
2368	2.18936e-13
2369	2.18162e-13
2370	2.17391e-13
2371	2.16622e-13
2372	2.15856e-13
2373	2.15093e-13
2374	2.14332e-13
2375	2.13573e-13
2376	2.12817e-13
2377	2.12064e-13
2378	2.11313e-13
2379	2.10565e-13
2380	2.09819e-13
2381	2.09076e-13
2382	2.08336e-13
2383	2.07597e-13
2384	2.06862e-13
2385	2.06128e-13
2386	2.05398e-13
2387	2.04669e-13
2388	2.03944e-13
2389	2.0322e-13
2390	2.02499e-13
2391	2.01781e-13
2392	2.01065e-13
2393	2.00351e-13
2394	1.9964e-13
2395	1.98931e-13
2396	1.98224e-13
2397	1.9752e-13
2398	1.96819e-13
2399	1.96119e-13
2400	1.95422e-13
2401	1.94728e-13
2402	1.94036e-13
2403	1.93346e-13
2404	1.92658e-13
2405	1.91973e-13
2406	1.9129e-13
2407	1.9061e-13
2408	1.89931e-13
2409	1.89255e-13
2410	1.88582e-13
2411	1.8791e-13
2412	1.87241e-13
2413	1.86574e-13
2414	1.8591e-13
2415	1.85247e-13
2416	1.84587e-13
2417	1.83929e-13
2418	1.83274e-13
2419	1.8262e-13
2420	1.81969e-13
2421	1.8132e-13
2422	1.80674e-13
2423	1.80029e-13
2424	1.79387e-13
2425	1.78747e-13
2426	1.78109e-13
2427	1.77473e-13
2428	1.76839e-13
2429	1.76208e-13
2430	1.75578e-13
2431	1.74951e-13
2432	1.74326e-13
2433	1.73703e-13
2434	1.73082e-13
2435	1.72464e-13
2436	1.71847e-13
2437	1.71233e-13
2438	1.7062e-13
2439	1.7001e-13
2440	1.69402e-13
2441	1.68796e-13
2442	1.68192e-13
2443	1.6759e-13
2444	1.6699e-13
2445	1.66392e-13
2446	1.65796e-13
2447	1.65202e-13
2448	1.6461e-13
2449	1.64021e-13
2450	1.63433e-13
2451	1.62847e-13
2452	1.62264e-13
2453	1.61682e-13
2454	1.61102e-13
2455	1.60524e-13
2456	1.59949e-13
2457	1.59375e-13
2458	1.58803e-13
2459	1.58233e-13
2460	1.57665e-13
2461	1.57099e-13
2462	1.56535e-13
2463	1.55973e-13
2464	1.55413e-13
2465	1.54855e-13
2466	1.54299e-13
2467	1.53744e-13
2468	1.53192e-13
2469	1.52641e-13
2470	1.52092e-13
2471	1.51546e-13
2472	1.51001e-13
2473	1.50458e-13
2474	1.49916e-13
2475	1.49377e-13
2476	1.4884e-13
2477	1.48304e-13
2478	1.4777e-13
2479	1.47238e-13
2480	1.46708e-13
2481	1.4618e-13
2482	1.45653e-13
2483	1.45129e-13
2484	1.44606e-13
2485	1.44085e-13
2486	1.43566e-13
2487	1.43048e-13
2488	1.42532e-13
2489	1.42018e-13
2490	1.41506e-13
2491	1.40996e-13
2492	1.40487e-13
2493	1.39981e-13
2494	1.39475e-13
2495	1.38972e-13
2496	1.38471e-13
2497	1.37971e-13
2498	1.37473e-13
2499	1.36976e-13
2500	1.36481e-13
2501	1.35988e-13
2502	1.35497e-13
2503	1.35008e-13
2504	1.3452e-13
2505	1.34033e-13
2506	1.33549e-13
2507	1.33066e-13
2508	1.32585e-13
2509	1.32105e-13
2510	1.31627e-13
2511	1.31151e-13
2512	1.30677e-13
2513	1.30204e-13
2514	1.29733e-13
2515	1.29263e-13
2516	1.28795e-13
2517	1.28329e-13
2518	1.27864e-13
2519	1.27401e-13
2520	1.26939e-13
2521	1.26479e-13
2522	1.26021e-13
2523	1.25564e-13
2524	1.25109e-13
2525	1.24655e-13
2526	1.24203e-13
2527	1.23753e-13
2528	1.23304e-13
2529	1.22857e-13
2530	1.22411e-13
2531	1.21967e-13
2532	1.21524e-13
2533	1.21083e-13
2534	1.20644e-13
2535	1.20206e-13
2536	1.19769e-13
2537	1.19334e-13
2538	1.18901e-13
2539	1.18469e-13
2540	1.18038e-13
2541	1.17609e-13
2542	1.17182e-13
2543	1.16756e-13
2544	1.16331e-13
2545	1.15908e-13
2546	1.15487e-13
2547	1.15067e-13
2548	1.14648e-13
2549	1.14231e-13
2550	1.13815e-13
2551	1.13401e-13
2552	1.12988e-13
2553	1.12577e-13
2554	1.12167e-13
2555	1.11759e-13
2556	1.11352e-13
2557	1.10946e-13
2558	1.10542e-13
2559	1.10139e-13
2560	1.09738e-13
2561	1.09338e-13
2562	1.08939e-13
2563	1.08542e-13
2564	1.08146e-13
2565	1.07752e-13
2566	1.07359e-13
2567	1.06967e-13
2568	1.06577e-13
2569	1.06188e-13
2570	1.058e-13
2571	1.05414e-13
2572	1.05029e-13
2573	1.04646e-13
2574	1.04264e-13
2575	1.03883e-13
2576	1.03504e-13
2577	1.03125e-13
2578	1.02749e-13
2579	1.02373e-13
2580	1.01999e-13
2581	1.01626e-13
2582	1.01255e-13
2583	1.00884e-13
2584	1.00516e-13
2585	1.00148e-13
2586	9.97816e-14
2587	9.94165e-14
2588	9.90528e-14
2589	9.86903e-14
2590	9.83291e-14
2591	9.79691e-14
2592	9.76105e-14
2593	9.72531e-14
2594	9.68969e-14
2595	9.6542e-14
2596	9.61884e-14
2597	9.5836e-14
2598	9.54848e-14
2599	9.51349e-14
2600	9.47863e-14
2601	9.44388e-14
2602	9.40926e-14
2603	9.37476e-14
2604	9.34038e-14
2605	9.30612e-14
2606	9.27198e-14
2607	9.23797e-14
2608	9.20407e-14
2609	9.17029e-14
2610	9.13664e-14
2611	9.1031e-14
2612	9.06968e-14
2613	9.03637e-14
2614	9.00319e-14
2615	8.97012e-14
2616	8.93717e-14
2617	8.90434e-14
2618	8.87162e-14
2619	8.83902e-14
2620	8.80653e-14
2621	8.77416e-14
2622	8.7419e-14
2623	8.70976e-14
2624	8.67773e-14
2625	8.64582e-14
2626	8.61401e-14
2627	8.58232e-14
2628	8.55075e-14
2629	8.51928e-14
2630	8.48793e-14
2631	8.45668e-14
2632	8.42555e-14
2633	8.39453e-14
2634	8.36362e-14
2635	8.33281e-14
2636	8.30212e-14
2637	8.27154e-14
2638	8.24106e-14
2639	8.21069e-14
2640	8.18043e-14
2641	8.15028e-14
2642	8.12024e-14
2643	8.0903e-14
2644	8.06047e-14
2645	8.03074e-14
2646	8.00112e-14
2647	7.9716e-14
2648	7.94219e-14
2649	7.91289e-14
2650	7.88369e-14
2651	7.85459e-14
2652	7.82559e-14
2653	7.7967e-14
2654	7.76791e-14
2655	7.73923e-14
2656	7.71064e-14
2657	7.68216e-14
2658	7.65378e-14
2659	7.6255e-14
2660	7.59732e-14
2661	7.56925e-14
2662	7.54127e-14
2663	7.51339e-14
2664	7.48561e-14
2665	7.45793e-14
2666	7.43035e-14
2667	7.40287e-14
2668	7.37548e-14
2669	7.34819e-14
2670	7.321e-14
2671	7.29391e-14
2672	7.26691e-14
2673	7.24001e-14
2674	7.21321e-14
2675	7.1865e-14
2676	7.15989e-14
2677	7.13337e-14
2678	7.10695e-14
2679	7.08062e-14
2680	7.05439e-14
2681	7.02825e-14
2682	7.0022e-14
2683	6.97625e-14
2684	6.95039e-14
2685	6.92462e-14
2686	6.89894e-14
2687	6.87336e-14
2688	6.84786e-14
2689	6.82246e-14
2690	6.79715e-14
2691	6.77193e-14
2692	6.7468e-14
2693	6.72176e-14
2694	6.69681e-14
2695	6.67195e-14
2696	6.64718e-14
2697	6.6225e-14
2698	6.5979e-14
2699	6.5734e-14
2700	6.54898e-14
2701	6.52465e-14
2702	6.5004e-14
2703	6.47625e-14
2704	6.45218e-14
2705	6.4282e-14
2706	6.4043e-14
2707	6.38049e-14
2708	6.35676e-14
2709	6.33312e-14
2710	6.30957e-14
2711	6.28609e-14
2712	6.26271e-14
2713	6.2394e-14
2714	6.21619e-14
2715	6.19305e-14
2716	6.17e-14
2717	6.14703e-14
2718	6.12414e-14
2719	6.10134e-14
2720	6.07862e-14
2721	6.05597e-14
2722	6.03342e-14
2723	6.01094e-14
2724	5.98854e-14
2725	5.96622e-14
2726	5.94399e-14
2727	5.92183e-14
2728	5.89976e-14
2729	5.87776e-14
2730	5.85584e-14
2731	5.834e-14
2732	5.81224e-14
2733	5.79056e-14
2734	5.76896e-14
2735	5.74744e-14
2736	5.72599e-14
2737	5.70462e-14
2738	5.68333e-14
2739	5.66211e-14
2740	5.64097e-14
2741	5.61991e-14
2742	5.59892e-14
2743	5.57801e-14
2744	5.55717e-14
2745	5.53641e-14
2746	5.51573e-14
2747	5.49512e-14
2748	5.47458e-14
2749	5.45412e-14
2750	5.43373e-14
2751	5.41342e-14
2752	5.39317e-14
2753	5.37301e-14
2754	5.35291e-14
2755	5.33289e-14
2756	5.31294e-14
2757	5.29306e-14
2758	5.27326e-14
2759	5.25352e-14
2760	5.23386e-14
2761	5.21427e-14
2762	5.19475e-14
2763	5.1753e-14
2764	5.15592e-14
2765	5.13661e-14
2766	5.11737e-14
2767	5.0982e-14
2768	5.0791e-14
2769	5.06007e-14
2770	5.04111e-14
2771	5.02222e-14
2772	5.0034e-14
2773	4.98464e-14
2774	4.96595e-14
2775	4.94733e-14
2776	4.92878e-14
2777	4.9103e-14
2778	4.89188e-14
2779	4.87353e-14
2780	4.85524e-14
2781	4.83703e-14
2782	4.81887e-14
2783	4.80079e-14
2784	4.78277e-14
2785	4.76481e-14
2786	4.74692e-14
2787	4.7291e-14
2788	4.71134e-14
2789	4.69365e-14
2790	4.67602e-14
2791	4.65845e-14
2792	4.64095e-14
2793	4.62351e-14
2794	4.60613e-14
2795	4.58882e-14
2796	4.57157e-14
2797	4.55439e-14
2798	4.53726e-14
2799	4.5202e-14
2800	4.5032e-14
2801	4.48626e-14
2802	4.46939e-14
2803	4.45257e-14
2804	4.43582e-14
2805	4.41913e-14
2806	4.4025e-14
2807	4.38593e-14
2808	4.36942e-14
2809	4.35297e-14
2810	4.33658e-14
2811	4.32025e-14
2812	4.30398e-14
2813	4.28777e-14
2814	4.27162e-14
2815	4.25553e-14
2816	4.23949e-14
2817	4.22352e-14
2818	4.2076e-14
2819	4.19174e-14
2820	4.17594e-14
2821	4.1602e-14
2822	4.14451e-14
2823	4.12888e-14
2824	4.11331e-14
2825	4.0978e-14
2826	4.08234e-14
2827	4.06694e-14
2828	4.0516e-14
2829	4.03631e-14
2830	4.02108e-14
2831	4.0059e-14
2832	3.99078e-14
2833	3.97571e-14
2834	3.9607e-14
2835	3.94575e-14
2836	3.93084e-14
2837	3.916e-14
2838	3.90121e-14
2839	3.88647e-14
2840	3.87178e-14
2841	3.85715e-14
2842	3.84258e-14
2843	3.82806e-14
2844	3.81359e-14
2845	3.79917e-14
2846	3.7848e-14
2847	3.77049e-14
2848	3.75624e-14
2849	3.74203e-14
2850	3.72787e-14
2851	3.71377e-14
2852	3.69972e-14
2853	3.68572e-14
2854	3.67178e-14
2855	3.65788e-14
2856	3.64403e-14
2857	3.63024e-14
2858	3.6165e-14
2859	3.6028e-14
2860	3.58916e-14
2861	3.57557e-14
2862	3.56202e-14
2863	3.54853e-14
2864	3.53509e-14
2865	3.52169e-14
2866	3.50835e-14
2867	3.49505e-14
2868	3.48181e-14
2869	3.46861e-14
2870	3.45546e-14
2871	3.44236e-14
2872	3.42931e-14
2873	3.4163e-14
2874	3.40334e-14
2875	3.39043e-14
2876	3.37757e-14
2877	3.36476e-14
2878	3.35199e-14
2879	3.33927e-14
2880	3.3266e-14
2881	3.31397e-14
2882	3.30139e-14
2883	3.28886e-14
2884	3.27637e-14
2885	3.26393e-14
2886	3.25153e-14
2887	3.23918e-14
2888	3.22688e-14
2889	3.21462e-14
2890	3.20241e-14
2891	3.19024e-14
2892	3.17812e-14
2893	3.16604e-14
2894	3.154e-14
2895	3.14201e-14
2896	3.13007e-14
2897	3.11817e-14
2898	3.10631e-14
2899	3.09449e-14
2900	3.08272e-14
2901	3.071e-14
2902	3.05932e-14
2903	3.04768e-14
2904	3.03608e-14
2905	3.02452e-14
2906	3.01301e-14
2907	3.00154e-14
2908	2.99012e-14
2909	2.97873e-14
2910	2.96739e-14
2911	2.95609e-14
2912	2.94483e-14
2913	2.93362e-14
2914	2.92244e-14
2915	2.91131e-14
2916	2.90022e-14
2917	2.88916e-14
2918	2.87815e-14
2919	2.86718e-14
2920	2.85626e-14
2921	2.84537e-14
2922	2.83452e-14
2923	2.82371e-14
2924	2.81294e-14
2925	2.80222e-14
2926	2.79153e-14
2927	2.78088e-14
2928	2.77027e-14
2929	2.7597e-14
2930	2.74917e-14
2931	2.73868e-14
2932	2.72823e-14
2933	2.71781e-14
2934	2.70744e-14
2935	2.6971e-14
2936	2.6868e-14
2937	2.67654e-14
2938	2.66632e-14
2939	2.65614e-14
2940	2.64599e-14
2941	2.63588e-14
2942	2.62581e-14
2943	2.61578e-14
2944	2.60578e-14
2945	2.59582e-14
2946	2.5859e-14
2947	2.57602e-14
2948	2.56617e-14
2949	2.55636e-14
2950	2.54658e-14
2951	2.53684e-14
2952	2.52714e-14
2953	2.51747e-14
2954	2.50784e-14
2955	2.49825e-14
2956	2.48869e-14
2957	2.47917e-14
2958	2.46968e-14
2959	2.46023e-14
2960	2.45081e-14
2961	2.44143e-14
2962	2.43208e-14
2963	2.42277e-14
2964	2.41349e-14
2965	2.40425e-14
2966	2.39504e-14
2967	2.38586e-14
2968	2.37672e-14
2969	2.36762e-14
2970	2.35854e-14
2971	2.34951e-14
2972	2.3405e-14
2973	2.33153e-14
2974	2.32259e-14
2975	2.31369e-14
2976	2.30482e-14
2977	2.29598e-14
2978	2.28717e-14
2979	2.2784e-14
2980	2.26966e-14
2981	2.26096e-14
2982	2.25228e-14
2983	2.24364e-14
2984	2.23503e-14
2985	2.22645e-14
2986	2.21791e-14
2987	2.2094e-14
2988	2.20091e-14
2989	2.19246e-14
2990	2.18405e-14
2991	2.17566e-14
2992	2.1673e-14
2993	2.15898e-14
2994	2.15069e-14
2995	2.14242e-14
2996	2.13419e-14
2997	2.12599e-14
2998	2.11782e-14
2999	2.10968e-14
