1	5.35655e-17
2	3.02085e-16
3	8.30007e-16
4	1.69895e-15
5	2.95955e-15
6	4.65545e-15
7	6.82528e-15
8	9.50383e-15
9	1.27228e-14
10	1.65115e-14
11	2.08968e-14
12	2.5904e-14
13	3.15566e-14
14	3.78767e-14
15	4.48851e-14
16	5.26015e-14
17	6.10444e-14
18	7.02313e-14
19	8.0179e-14
20	9.09033e-14
21	1.02419e-13
22	1.14741e-13
23	1.27883e-13
24	1.41857e-13
25	1.56677e-13
26	1.72353e-13
27	1.88897e-13
28	2.0632e-13
29	2.24633e-13
30	2.43845e-13
31	2.63964e-13
32	2.85002e-13
33	3.06965e-13
34	3.29862e-13
35	3.537e-13
36	3.78488e-13
37	4.04232e-13
38	4.30939e-13
39	4.58615e-13
40	4.87266e-13
41	5.16898e-13
42	5.47517e-13
43	5.79127e-13
44	6.11734e-13
45	6.45342e-13
46	6.79955e-13
47	7.15578e-13
48	7.52215e-13
49	7.89869e-13
50	8.28544e-13
51	8.68242e-13
52	9.08967e-13
53	9.50721e-13
54	9.93508e-13
55	1.03733e-12
56	1.08219e-12
57	1.12808e-12
58	1.17502e-12
59	1.223e-12
60	1.27202e-12
61	1.32209e-12
62	1.3732e-12
63	1.42536e-12
64	1.47856e-12
65	1.53282e-12
66	1.58812e-12
67	1.64447e-12
68	1.70187e-12
69	1.76032e-12
70	1.81982e-12
71	1.88036e-12
72	1.94195e-12
73	2.0046e-12
74	2.06828e-12
75	2.13302e-12
76	2.1988e-12
77	2.26562e-12
78	2.33349e-12
79	2.40239e-12
80	2.47234e-12
81	2.54333e-12
82	2.61535e-12
83	2.68841e-12
84	2.7625e-12
85	2.83763e-12
86	2.91378e-12
87	2.99096e-12
88	3.06917e-12
89	3.1484e-12
90	3.22865e-12
91	3.30992e-12
92	3.39221e-12
93	3.4755e-12
94	3.55981e-12
95	3.64513e-12
96	3.73145e-12
97	3.81877e-12
98	3.90709e-12
99	3.9964e-12
100	4.08671e-12
101	4.17801e-12
102	4.27029e-12
103	4.36355e-12
104	4.45779e-12
105	4.55301e-12
106	4.6492e-12
107	4.74635e-12
108	4.84447e-12
109	4.94355e-12
110	5.04358e-12
111	5.14457e-12
112	5.2465e-12
113	5.34938e-12
114	5.4532e-12
115	5.55796e-12
116	5.66364e-12
117	5.77026e-12
118	5.87779e-12
119	5.98624e-12
120	6.09561e-12
121	6.20589e-12
122	6.31707e-12
123	6.42915e-12
124	6.54213e-12
125	6.656e-12
126	6.77076e-12
127	6.88639e-12
128	7.00291e-12
129	7.12029e-12
130	7.23855e-12
131	7.35766e-12
132	7.47763e-12
133	7.59845e-12
134	7.72012e-12
135	7.84264e-12
136	7.96598e-12
137	8.09016e-12
138	8.21517e-12
139	8.341e-12
140	8.46764e-12
141	8.5951e-12
142	8.72336e-12
143	8.85242e-12
144	8.98227e-12
145	9.11291e-12
146	9.24434e-12
147	9.37655e-12
148	9.50953e-12
149	9.64327e-12
150	9.77778e-12
151	9.91304e-12
152	1.00491e-11
153	1.01858e-11
154	1.03233e-11
155	1.04615e-11
156	1.06005e-11
157	1.07402e-11
158	1.08806e-11
159	1.10217e-11
160	1.11635e-11
161	1.1306e-11
162	1.14492e-11
163	1.15931e-11
164	1.17377e-11
165	1.1883e-11
166	1.20289e-11
167	1.21755e-11
168	1.23228e-11
169	1.24707e-11
170	1.26192e-11
171	1.27684e-11
172	1.29182e-11
173	1.30687e-11
174	1.32198e-11
175	1.33715e-11
176	1.35238e-11
177	1.36767e-11
178	1.38302e-11
179	1.39843e-11
180	1.4139e-11
181	1.42943e-11
182	1.44501e-11
183	1.46065e-11
184	1.47635e-11
185	1.49211e-11
186	1.50792e-11
187	1.52378e-11
188	1.5397e-11
189	1.55567e-11
190	1.57169e-11
191	1.58777e-11
192	1.60389e-11
193	1.62007e-11
194	1.6363e-11
195	1.65258e-11
196	1.66891e-11
197	1.68528e-11
198	1.70171e-11
199	1.71818e-11
200	1.73469e-11
201	1.75126e-11
202	1.76787e-11
203	1.78452e-11
204	1.80122e-11
205	1.81796e-11
206	1.83475e-11
207	1.85157e-11
208	1.86844e-11
209	1.88535e-11
210	1.9023e-11
211	1.91929e-11
212	1.93632e-11
213	1.95339e-11
214	1.9705e-11
215	1.98765e-11
216	2.00483e-11
217	2.02205e-11
218	2.0393e-11
219	2.05659e-11
220	2.07391e-11
221	2.09127e-11
222	2.10866e-11
223	2.12609e-11
224	2.14354e-11
225	2.16103e-11
226	2.17855e-11
227	2.1961e-11
228	2.21368e-11
229	2.23128e-11
230	2.24892e-11
231	2.26659e-11
232	2.28428e-11
233	2.302e-11
234	2.31974e-11
235	2.33752e-11
236	2.35531e-11
237	2.37313e-11
238	2.39098e-11
239	2.40885e-11
240	2.42674e-11
241	2.44465e-11
242	2.46259e-11
243	2.48054e-11
244	2.49852e-11
245	2.51652e-11
246	2.53453e-11
247	2.55257e-11
248	2.57062e-11
249	2.58869e-11
250	2.60678e-11
251	2.62488e-11
252	2.643e-11
253	2.66114e-11
254	2.67929e-11
255	2.69745e-11
256	2.71563e-11
257	2.73382e-11
258	2.75203e-11
259	2.77025e-11
260	2.78847e-11
261	2.80671e-11
262	2.82496e-11
263	2.84322e-11
264	2.86149e-11
265	2.87977e-11
266	2.89805e-11
267	2.91634e-11
268	2.93464e-11
269	2.95295e-11
270	2.97126e-11
271	2.98958e-11
272	3.00791e-11
273	3.02623e-11
274	3.04457e-11
275	3.0629e-11
276	3.08124e-11
277	3.09958e-11
278	3.11792e-11
279	3.13627e-11
280	3.15461e-11
281	3.17296e-11
282	3.1913e-11
283	3.20965e-11
284	3.22799e-11
285	3.24633e-11
286	3.26467e-11
287	3.283e-11
288	3.30134e-11
289	3.31967e-11
290	3.33799e-11
291	3.35631e-11
292	3.37463e-11
293	3.39294e-11
294	3.41124e-11
295	3.42954e-11
296	3.44783e-11
297	3.46611e-11
298	3.48438e-11
299	3.50265e-11
300	3.5209e-11
301	3.53915e-11
302	3.55738e-11
303	3.57561e-11
304	3.59382e-11
305	3.61203e-11
306	3.63022e-11
307	3.6484e-11
308	3.66656e-11
309	3.68472e-11
310	3.70285e-11
311	3.72098e-11
312	3.73909e-11
313	3.75718e-11
314	3.77526e-11
315	3.79333e-11
316	3.81137e-11
317	3.8294e-11
318	3.84742e-11
319	3.86541e-11
320	3.88339e-11
321	3.90135e-11
322	3.91929e-11
323	3.93721e-11
324	3.95511e-11
325	3.97299e-11
326	3.99084e-11
327	4.00868e-11
328	4.0265e-11
329	4.04429e-11
330	4.06206e-11
331	4.07981e-11
332	4.09754e-11
333	4.11524e-11
334	4.13292e-11
335	4.15057e-11
336	4.1682e-11
337	4.1858e-11
338	4.20338e-11
339	4.22093e-11
340	4.23846e-11
341	4.25595e-11
342	4.27342e-11
343	4.29087e-11
344	4.30828e-11
345	4.32567e-11
346	4.34303e-11
347	4.36036e-11
348	4.37766e-11
349	4.39493e-11
350	4.41217e-11
351	4.42938e-11
352	4.44656e-11
353	4.46371e-11
354	4.48082e-11
355	4.49791e-11
356	4.51496e-11
357	4.53198e-11
358	4.54896e-11
359	4.56591e-11
360	4.58283e-11
361	4.59972e-11
362	4.61657e-11
363	4.63338e-11
364	4.65016e-11
365	4.66691e-11
366	4.68362e-11
367	4.70029e-11
368	4.71693e-11
369	4.73353e-11
370	4.75009e-11
371	4.76662e-11
372	4.78311e-11
373	4.79956e-11
374	4.81597e-11
375	4.83234e-11
376	4.84868e-11
377	4.86497e-11
378	4.88123e-11
379	4.89744e-11
380	4.91362e-11
381	4.92976e-11
382	4.94585e-11
383	4.96191e-11
384	4.97792e-11
385	4.99389e-11
386	5.00982e-11
387	5.02571e-11
388	5.04155e-11
389	5.05735e-11
390	5.07311e-11
391	5.08883e-11
392	5.1045e-11
393	5.12013e-11
394	5.13572e-11
395	5.15126e-11
396	5.16675e-11
397	5.1822e-11
398	5.19761e-11
399	5.21297e-11
400	5.22829e-11
401	5.24356e-11
402	5.25878e-11
403	5.27396e-11
404	5.28909e-11
405	5.30417e-11
406	5.31921e-11
407	5.3342e-11
408	5.34914e-11
409	5.36404e-11
410	5.37888e-11
411	5.39368e-11
412	5.40843e-11
413	5.42313e-11
414	5.43779e-11
415	5.45239e-11
416	5.46694e-11
417	5.48145e-11
418	5.49591e-11
419	5.51031e-11
420	5.52467e-11
421	5.53897e-11
422	5.55323e-11
423	5.56743e-11
424	5.58158e-11
425	5.59568e-11
426	5.60974e-11
427	5.62373e-11
428	5.63768e-11
429	5.65158e-11
430	5.66542e-11
431	5.67921e-11
432	5.69295e-11
433	5.70664e-11
434	5.72027e-11
435	5.73385e-11
436	5.74738e-11
437	5.76085e-11
438	5.77427e-11
439	5.78764e-11
440	5.80096e-11
441	5.81421e-11
442	5.82742e-11
443	5.84057e-11
444	5.85367e-11
445	5.86671e-11
446	5.8797e-11
447	5.89263e-11
448	5.90551e-11
449	5.91833e-11
450	5.9311e-11
451	5.94381e-11
452	5.95646e-11
453	5.96906e-11
454	5.98161e-11
455	5.9941e-11
456	6.00653e-11
457	6.01891e-11
458	6.03123e-11
459	6.04349e-11
460	6.0557e-11
461	6.06785e-11
462	6.07994e-11
463	6.09197e-11
464	6.10395e-11
465	6.11587e-11
466	6.12774e-11
467	6.13955e-11
468	6.1513e-11
469	6.16299e-11
470	6.17462e-11
471	6.1862e-11
472	6.19772e-11
473	6.20918e-11
474	6.22058e-11
475	6.23192e-11
476	6.24321e-11
477	6.25443e-11
478	6.2656e-11
479	6.27671e-11
480	6.28776e-11
481	6.29875e-11
482	6.30969e-11
483	6.32056e-11
484	6.33138e-11
485	6.34213e-11
486	6.35283e-11
487	6.36347e-11
488	6.37405e-11
489	6.38457e-11
490	6.39503e-11
491	6.40543e-11
492	6.41577e-11
493	6.42605e-11
494	6.43627e-11
495	6.44643e-11
496	6.45653e-11
497	6.46657e-11
498	6.47656e-11
499	6.48648e-11
500	6.49634e-11
501	6.50614e-11
502	6.51588e-11
503	6.52556e-11
504	6.53519e-11
505	6.54475e-11
506	6.55425e-11
507	6.56369e-11
508	6.57307e-11
509	6.58239e-11
510	6.59165e-11
511	6.60084e-11
512	6.60998e-11
513	6.61906e-11
514	6.62808e-11
515	6.63703e-11
516	6.64593e-11
517	6.65476e-11
518	6.66354e-11
519	6.67225e-11
520	6.68091e-11
521	6.6895e-11
522	6.69803e-11
523	6.7065e-11
524	6.71491e-11
525	6.72326e-11
526	6.73155e-11
527	6.73978e-11
528	6.74794e-11
529	6.75605e-11
530	6.7641e-11
531	6.77208e-11
532	6.78e-11
533	6.78787e-11
534	6.79567e-11
535	6.80341e-11
536	6.81109e-11
537	6.81871e-11
538	6.82627e-11
539	6.83377e-11
540	6.84121e-11
541	6.84858e-11
542	6.8559e-11
543	6.86316e-11
544	6.87035e-11
545	6.87749e-11
546	6.88456e-11
547	6.89157e-11
548	6.89852e-11
549	6.90542e-11
550	6.91225e-11
551	6.91902e-11
552	6.92573e-11
553	6.93238e-11
554	6.93897e-11
555	6.9455e-11
556	6.95196e-11
557	6.95837e-11
558	6.96472e-11
559	6.97101e-11
560	6.97724e-11
561	6.9834e-11
562	6.98951e-11
563	6.99556e-11
564	7.00154e-11
565	7.00747e-11
566	7.01334e-11
567	7.01914e-11
568	7.02489e-11
569	7.03058e-11
570	7.03621e-11
571	7.04177e-11
572	7.04728e-11
573	7.05273e-11
574	7.05812e-11
575	7.06345e-11
576	7.06872e-11
577	7.07393e-11
578	7.07908e-11
579	7.08417e-11
580	7.0892e-11
581	7.09418e-11
582	7.09909e-11
583	7.10394e-11
584	7.10874e-11
585	7.11348e-11
586	7.11816e-11
587	7.12278e-11
588	7.12734e-11
589	7.13184e-11
590	7.13628e-11
591	7.14067e-11
592	7.145e-11
593	7.14926e-11
594	7.15347e-11
595	7.15763e-11
596	7.16172e-11
597	7.16576e-11
598	7.16973e-11
599	7.17365e-11
600	7.17752e-11
601	7.18132e-11
602	7.18507e-11
603	7.18876e-11
604	7.19239e-11
605	7.19596e-11
606	7.19948e-11
607	7.20294e-11
608	7.20635e-11
609	7.20969e-11
610	7.21298e-11
611	7.21621e-11
612	7.21939e-11
613	7.22251e-11
614	7.22557e-11
615	7.22858e-11
616	7.23153e-11
617	7.23442e-11
618	7.23726e-11
619	7.24004e-11
620	7.24276e-11
621	7.24543e-11
622	7.24805e-11
623	7.2506e-11
624	7.25311e-11
625	7.25555e-11
626	7.25794e-11
627	7.26028e-11
628	7.26256e-11
629	7.26479e-11
630	7.26696e-11
631	7.26907e-11
632	7.27114e-11
633	7.27314e-11
634	7.2751e-11
635	7.27699e-11
636	7.27884e-11
637	7.28063e-11
638	7.28236e-11
639	7.28404e-11
640	7.28567e-11
641	7.28725e-11
642	7.28877e-11
643	7.29023e-11
644	7.29165e-11
645	7.29301e-11
646	7.29432e-11
647	7.29557e-11
648	7.29677e-11
649	7.29792e-11
650	7.29902e-11
651	7.30006e-11
652	7.30105e-11
653	7.30199e-11
654	7.30288e-11
655	7.30371e-11
656	7.30449e-11
657	7.30522e-11
658	7.3059e-11
659	7.30653e-11
660	7.30711e-11
661	7.30763e-11
662	7.30811e-11
663	7.30853e-11
664	7.3089e-11
665	7.30922e-11
666	7.30949e-11
667	7.30971e-11
668	7.30988e-11
669	7.31e-11
670	7.31007e-11
671	7.31009e-11
672	7.31006e-11
673	7.30998e-11
674	7.30985e-11
675	7.30967e-11
676	7.30944e-11
677	7.30916e-11
678	7.30884e-11
679	7.30846e-11
680	7.30804e-11
681	7.30756e-11
682	7.30704e-11
683	7.30647e-11
684	7.30585e-11
685	7.30518e-11
686	7.30447e-11
687	7.30371e-11
688	7.3029e-11
689	7.30204e-11
690	7.30114e-11
691	7.30018e-11
692	7.29918e-11
693	7.29814e-11
694	7.29704e-11
695	7.2959e-11
696	7.29472e-11
697	7.29349e-11
698	7.29221e-11
699	7.29088e-11
700	7.28951e-11
701	7.28809e-11
702	7.28663e-11
703	7.28512e-11
704	7.28357e-11
705	7.28197e-11
706	7.28032e-11
707	7.27864e-11
708	7.2769e-11
709	7.27512e-11
710	7.2733e-11
711	7.27143e-11
712	7.26952e-11
713	7.26757e-11
714	7.26557e-11
715	7.26352e-11
716	7.26143e-11
717	7.2593e-11
718	7.25713e-11
719	7.25491e-11
720	7.25265e-11
721	7.25035e-11
722	7.248e-11
723	7.24561e-11
724	7.24318e-11
725	7.24071e-11
726	7.23819e-11
727	7.23564e-11
728	7.23304e-11
729	7.2304e-11
730	7.22771e-11
731	7.22499e-11
732	7.22222e-11
733	7.21942e-11
734	7.21657e-11
735	7.21368e-11
736	7.21075e-11
737	7.20779e-11
738	7.20478e-11
739	7.20173e-11
740	7.19864e-11
741	7.19551e-11
742	7.19234e-11
743	7.18913e-11
744	7.18588e-11
745	7.18259e-11
746	7.17926e-11
747	7.1759e-11
748	7.17249e-11
749	7.16905e-11
750	7.16557e-11
751	7.16205e-11
752	7.15849e-11
753	7.15489e-11
754	7.15126e-11
755	7.14759e-11
756	7.14388e-11
757	7.14013e-11
758	7.13635e-11
759	7.13252e-11
760	7.12867e-11
761	7.12477e-11
762	7.12084e-11
763	7.11687e-11
764	7.11286e-11
765	7.10882e-11
766	7.10475e-11
767	7.10063e-11
768	7.09648e-11
769	7.0923e-11
770	7.08808e-11
771	7.08383e-11
772	7.07954e-11
773	7.07521e-11
774	7.07085e-11
775	7.06646e-11
776	7.06203e-11
777	7.05756e-11
778	7.05306e-11
779	7.04853e-11
780	7.04397e-11
781	7.03937e-11
782	7.03474e-11
783	7.03007e-11
784	7.02537e-11
785	7.02064e-11
786	7.01587e-11
787	7.01107e-11
788	7.00624e-11
789	7.00138e-11
790	6.99648e-11
791	6.99155e-11
792	6.98659e-11
793	6.9816e-11
794	6.97658e-11
795	6.97152e-11
796	6.96643e-11
797	6.96132e-11
798	6.95617e-11
799	6.95099e-11
800	6.94577e-11
801	6.94053e-11
802	6.93526e-11
803	6.92996e-11
804	6.92463e-11
805	6.91926e-11
806	6.91387e-11
807	6.90845e-11
808	6.90299e-11
809	6.89751e-11
810	6.892e-11
811	6.88646e-11
812	6.88089e-11
813	6.8753e-11
814	6.86967e-11
815	6.86401e-11
816	6.85833e-11
817	6.85262e-11
818	6.84688e-11
819	6.84111e-11
820	6.83532e-11
821	6.82949e-11
822	6.82364e-11
823	6.81776e-11
824	6.81186e-11
825	6.80593e-11
826	6.79997e-11
827	6.79398e-11
828	6.78797e-11
829	6.78193e-11
830	6.77587e-11
831	6.76977e-11
832	6.76366e-11
833	6.75751e-11
834	6.75135e-11
835	6.74515e-11
836	6.73893e-11
837	6.73269e-11
838	6.72642e-11
839	6.72012e-11
840	6.7138e-11
841	6.70746e-11
842	6.70109e-11
843	6.6947e-11
844	6.68828e-11
845	6.68184e-11
846	6.67537e-11
847	6.66888e-11
848	6.66237e-11
849	6.65583e-11
850	6.64927e-11
851	6.64269e-11
852	6.63608e-11
853	6.62945e-11
854	6.6228e-11
855	6.61613e-11
856	6.60943e-11
857	6.60271e-11
858	6.59597e-11
859	6.58921e-11
860	6.58242e-11
861	6.57562e-11
862	6.56879e-11
863	6.56194e-11
864	6.55507e-11
865	6.54817e-11
866	6.54126e-11
867	6.53433e-11
868	6.52737e-11
869	6.52039e-11
870	6.5134e-11
871	6.50638e-11
872	6.49934e-11
873	6.49229e-11
874	6.48521e-11
875	6.47811e-11
876	6.471e-11
877	6.46386e-11
878	6.4567e-11
879	6.44953e-11
880	6.44234e-11
881	6.43512e-11
882	6.42789e-11
883	6.42064e-11
884	6.41337e-11
885	6.40609e-11
886	6.39878e-11
887	6.39146e-11
888	6.38412e-11
889	6.37676e-11
890	6.36938e-11
891	6.36198e-11
892	6.35457e-11
893	6.34714e-11
894	6.33969e-11
895	6.33223e-11
896	6.32475e-11
897	6.31725e-11
898	6.30974e-11
899	6.30221e-11
900	6.29466e-11
901	6.2871e-11
902	6.27952e-11
903	6.27192e-11
904	6.26431e-11
905	6.25668e-11
906	6.24904e-11
907	6.24138e-11
908	6.23371e-11
909	6.22602e-11
910	6.21831e-11
911	6.21059e-11
912	6.20286e-11
913	6.19511e-11
914	6.18735e-11
915	6.17957e-11
916	6.17178e-11
917	6.16397e-11
918	6.15615e-11
919	6.14832e-11
920	6.14047e-11
921	6.13261e-11
922	6.12473e-11
923	6.11684e-11
924	6.10894e-11
925	6.10103e-11
926	6.0931e-11
927	6.08516e-11
928	6.0772e-11
929	6.06923e-11
930	6.06126e-11
931	6.05326e-11
932	6.04526e-11
933	6.03724e-11
934	6.02921e-11
935	6.02117e-11
936	6.01312e-11
937	6.00506e-11
938	5.99698e-11
939	5.98889e-11
940	5.98079e-11
941	5.97268e-11
942	5.96456e-11
943	5.95643e-11
944	5.94829e-11
945	5.94013e-11
946	5.93197e-11
947	5.92379e-11
948	5.91561e-11
949	5.90741e-11
950	5.89921e-11
951	5.89099e-11
952	5.88276e-11
953	5.87453e-11
954	5.86628e-11
955	5.85803e-11
956	5.84976e-11
957	5.84149e-11
958	5.8332e-11
959	5.82491e-11
960	5.81661e-11
961	5.8083e-11
962	5.79998e-11
963	5.79165e-11
964	5.78331e-11
965	5.77497e-11
966	5.76661e-11
967	5.75825e-11
968	5.74988e-11
969	5.7415e-11
970	5.73312e-11
971	5.72472e-11
972	5.71632e-11
973	5.70791e-11
974	5.69949e-11
975	5.69107e-11
976	5.68264e-11
977	5.6742e-11
978	5.66575e-11
979	5.6573e-11
980	5.64884e-11
981	5.64037e-11
982	5.6319e-11
983	5.62342e-11
984	5.61493e-11
985	5.60644e-11
986	5.59794e-11
987	5.58943e-11
988	5.58092e-11
989	5.5724e-11
990	5.56388e-11
991	5.55535e-11
992	5.54682e-11
993	5.53828e-11
994	5.52973e-11
995	5.52118e-11
996	5.51262e-11
997	5.50406e-11
998	5.4955e-11
999	5.48692e-11
1000	5.47835e-11
1001	5.46977e-11
1002	5.46118e-11
1003	5.45259e-11
1004	5.444e-11
1005	5.4354e-11
1006	5.42679e-11
1007	5.41819e-11
1008	5.40958e-11
1009	5.40096e-11
1010	5.39234e-11
1011	5.38372e-11
1012	5.37509e-11
1013	5.36646e-11
1014	5.35783e-11
1015	5.34919e-11
1016	5.34055e-11
1017	5.3319e-11
1018	5.32326e-11
1019	5.31461e-11
1020	5.30595e-11
1021	5.2973e-11
1022	5.28864e-11
1023	5.27998e-11
1024	5.27131e-11
1025	5.26265e-11
1026	5.25398e-11
1027	5.24531e-11
1028	5.23663e-11
1029	5.22796e-11
1030	5.21928e-11
1031	5.2106e-11
1032	5.20192e-11
1033	5.19323e-11
1034	5.18455e-11
1035	5.17586e-11
1036	5.16717e-11
1037	5.15848e-11
1038	5.14979e-11
1039	5.1411e-11
1040	5.13241e-11
1041	5.12371e-11
1042	5.11502e-11
1043	5.10632e-11
1044	5.09762e-11
1045	5.08892e-11
1046	5.08022e-11
1047	5.07152e-11
1048	5.06282e-11
1049	5.05412e-11
1050	5.04542e-11
1051	5.03672e-11
1052	5.02802e-11
1053	5.01932e-11
1054	5.01062e-11
1055	5.00191e-11
1056	4.99321e-11
1057	4.98451e-11
1058	4.97581e-11
1059	4.96711e-11
1060	4.95841e-11
1061	4.94971e-11
1062	4.94101e-11
1063	4.93231e-11
1064	4.92361e-11
1065	4.91492e-11
1066	4.90622e-11
1067	4.89752e-11
1068	4.88883e-11
1069	4.88014e-11
1070	4.87144e-11
1071	4.86275e-11
1072	4.85406e-11
1073	4.84537e-11
1074	4.83669e-11
1075	4.828e-11
1076	4.81932e-11
1077	4.81064e-11
1078	4.80196e-11
1079	4.79328e-11
1080	4.7846e-11
1081	4.77593e-11
1082	4.76725e-11
1083	4.75858e-11
1084	4.74992e-11
1085	4.74125e-11
1086	4.73259e-11
1087	4.72393e-11
1088	4.71527e-11
1089	4.70661e-11
1090	4.69796e-11
1091	4.6893e-11
1092	4.68066e-11
1093	4.67201e-11
1094	4.66337e-11
1095	4.65473e-11
1096	4.64609e-11
1097	4.63746e-11
1098	4.62883e-11
1099	4.6202e-11
1100	4.61157e-11
1101	4.60295e-11
1102	4.59434e-11
1103	4.58572e-11
1104	4.57711e-11
1105	4.5685e-11
1106	4.5599e-11
1107	4.5513e-11
1108	4.5427e-11
1109	4.53411e-11
1110	4.52552e-11
1111	4.51694e-11
1112	4.50836e-11
1113	4.49978e-11
1114	4.49121e-11
1115	4.48264e-11
1116	4.47408e-11
1117	4.46552e-11
1118	4.45696e-11
1119	4.44841e-11
1120	4.43986e-11
1121	4.43132e-11
1122	4.42278e-11
1123	4.41425e-11
1124	4.40572e-11
1125	4.3972e-11
1126	4.38868e-11
1127	4.38016e-11
1128	4.37165e-11
1129	4.36315e-11
1130	4.35465e-11
1131	4.34616e-11
1132	4.33767e-11
1133	4.32918e-11
1134	4.32071e-11
1135	4.31223e-11
1136	4.30376e-11
1137	4.2953e-11
1138	4.28684e-11
1139	4.27839e-11
1140	4.26995e-11
1141	4.26151e-11
1142	4.25307e-11
1143	4.24464e-11
1144	4.23622e-11
1145	4.2278e-11
1146	4.21939e-11
1147	4.21098e-11
1148	4.20258e-11
1149	4.19419e-11
1150	4.1858e-11
1151	4.17742e-11
1152	4.16904e-11
1153	4.16067e-11
1154	4.15231e-11
1155	4.14395e-11
1156	4.1356e-11
1157	4.12726e-11
1158	4.11892e-11
1159	4.11059e-11
1160	4.10226e-11
1161	4.09395e-11
1162	4.08563e-11
1163	4.07733e-11
1164	4.06903e-11
1165	4.06074e-11
1166	4.05245e-11
1167	4.04418e-11
1168	4.0359e-11
1169	4.02764e-11
1170	4.01938e-11
1171	4.01113e-11
1172	4.00289e-11
1173	3.99465e-11
1174	3.98642e-11
1175	3.9782e-11
1176	3.96999e-11
1177	3.96178e-11
1178	3.95358e-11
1179	3.94539e-11
1180	3.9372e-11
1181	3.92902e-11
1182	3.92085e-11
1183	3.91269e-11
1184	3.90453e-11
1185	3.89638e-11
1186	3.88824e-11
1187	3.88011e-11
1188	3.87199e-11
1189	3.86387e-11
1190	3.85576e-11
1191	3.84766e-11
1192	3.83956e-11
1193	3.83148e-11
1194	3.8234e-11
1195	3.81533e-11
1196	3.80727e-11
1197	3.79921e-11
1198	3.79116e-11
1199	3.78313e-11
1200	3.7751e-11
1201	3.76707e-11
1202	3.75906e-11
1203	3.75105e-11
1204	3.74306e-11
1205	3.73507e-11
1206	3.72709e-11
1207	3.71911e-11
1208	3.71115e-11
1209	3.7032e-11
1210	3.69525e-11
1211	3.68731e-11
1212	3.67938e-11
1213	3.67146e-11
1214	3.66354e-11
1215	3.65564e-11
1216	3.64774e-11
1217	3.63986e-11
1218	3.63198e-11
1219	3.62411e-11
1220	3.61625e-11
1221	3.6084e-11
1222	3.60055e-11
1223	3.59272e-11
1224	3.58489e-11
1225	3.57708e-11
1226	3.56927e-11
1227	3.56147e-11
1228	3.55368e-11
1229	3.5459e-11
1230	3.53813e-11
1231	3.53037e-11
1232	3.52261e-11
1233	3.51487e-11
1234	3.50713e-11
1235	3.49941e-11
1236	3.49169e-11
1237	3.48398e-11
1238	3.47628e-11
1239	3.4686e-11
1240	3.46092e-11
1241	3.45325e-11
1242	3.44559e-11
1243	3.43793e-11
1244	3.43029e-11
1245	3.42266e-11
1246	3.41504e-11
1247	3.40742e-11
1248	3.39982e-11
1249	3.39222e-11
1250	3.38464e-11
1251	3.37706e-11
1252	3.3695e-11
1253	3.36194e-11
1254	3.35439e-11
1255	3.34686e-11
1256	3.33933e-11
1257	3.33181e-11
1258	3.3243e-11
1259	3.31681e-11
1260	3.30932e-11
1261	3.30184e-11
1262	3.29437e-11
1263	3.28691e-11
1264	3.27946e-11
1265	3.27202e-11
1266	3.2646e-11
1267	3.25718e-11
1268	3.24977e-11
1269	3.24237e-11
1270	3.23498e-11
1271	3.2276e-11
1272	3.22023e-11
1273	3.21287e-11
1274	3.20552e-11
1275	3.19818e-11
1276	3.19085e-11
1277	3.18353e-11
1278	3.17623e-11
1279	3.16893e-11
1280	3.16164e-11
1281	3.15436e-11
1282	3.14709e-11
1283	3.13983e-11
1284	3.13259e-11
1285	3.12535e-11
1286	3.11812e-11
1287	3.1109e-11
1288	3.1037e-11
1289	3.0965e-11
1290	3.08932e-11
1291	3.08214e-11
1292	3.07498e-11
1293	3.06782e-11
1294	3.06068e-11
1295	3.05354e-11
1296	3.04642e-11
1297	3.0393e-11
1298	3.0322e-11
1299	3.02511e-11
1300	3.01803e-11
1301	3.01096e-11
1302	3.00389e-11
1303	2.99684e-11
1304	2.9898e-11
1305	2.98277e-11
1306	2.97576e-11
1307	2.96875e-11
1308	2.96175e-11
1309	2.95476e-11
1310	2.94779e-11
1311	2.94082e-11
1312	2.93386e-11
1313	2.92692e-11
1314	2.91999e-11
1315	2.91306e-11
1316	2.90615e-11
1317	2.89925e-11
1318	2.89236e-11
1319	2.88547e-11
1320	2.8786e-11
1321	2.87175e-11
1322	2.8649e-11
1323	2.85806e-11
1324	2.85123e-11
1325	2.84441e-11
1326	2.83761e-11
1327	2.83081e-11
1328	2.82403e-11
1329	2.81726e-11
1330	2.81049e-11
1331	2.80374e-11
1332	2.797e-11
1333	2.79027e-11
1334	2.78355e-11
1335	2.77684e-11
1336	2.77015e-11
1337	2.76346e-11
1338	2.75678e-11
1339	2.75012e-11
1340	2.74346e-11
1341	2.73682e-11
1342	2.73019e-11
1343	2.72356e-11
1344	2.71695e-11
1345	2.71035e-11
1346	2.70376e-11
1347	2.69719e-11
1348	2.69062e-11
1349	2.68406e-11
1350	2.67752e-11
1351	2.67098e-11
1352	2.66446e-11
1353	2.65795e-11
1354	2.65145e-11
1355	2.64495e-11
1356	2.63848e-11
1357	2.63201e-11
1358	2.62555e-11
1359	2.6191e-11
1360	2.61267e-11
1361	2.60624e-11
1362	2.59983e-11
1363	2.59342e-11
1364	2.58703e-11
1365	2.58065e-11
1366	2.57428e-11
1367	2.56792e-11
1368	2.56157e-11
1369	2.55524e-11
1370	2.54891e-11
1371	2.5426e-11
1372	2.53629e-11
1373	2.53e-11
1374	2.52372e-11
1375	2.51745e-11
1376	2.51119e-11
1377	2.50494e-11
1378	2.4987e-11
1379	2.49247e-11
1380	2.48626e-11
1381	2.48005e-11
1382	2.47386e-11
1383	2.46767e-11
1384	2.4615e-11
1385	2.45534e-11
1386	2.44919e-11
1387	2.44305e-11
1388	2.43693e-11
1389	2.43081e-11
1390	2.4247e-11
1391	2.41861e-11
1392	2.41253e-11
1393	2.40645e-11
1394	2.40039e-11
1395	2.39434e-11
1396	2.3883e-11
1397	2.38227e-11
1398	2.37626e-11
1399	2.37025e-11
1400	2.36425e-11
1401	2.35827e-11
1402	2.3523e-11
1403	2.34633e-11
1404	2.34038e-11
1405	2.33444e-11
1406	2.32851e-11
1407	2.32259e-11
1408	2.31669e-11
1409	2.31079e-11
1410	2.30491e-11
1411	2.29903e-11
1412	2.29317e-11
1413	2.28732e-11
1414	2.28148e-11
1415	2.27564e-11
1416	2.26983e-11
1417	2.26402e-11
1418	2.25822e-11
1419	2.25243e-11
1420	2.24666e-11
1421	2.24089e-11
1422	2.23514e-11
1423	2.2294e-11
1424	2.22367e-11
1425	2.21795e-11
1426	2.21224e-11
1427	2.20654e-11
1428	2.20085e-11
1429	2.19517e-11
1430	2.18951e-11
1431	2.18385e-11
1432	2.17821e-11
1433	2.17258e-11
1434	2.16696e-11
1435	2.16134e-11
1436	2.15574e-11
1437	2.15016e-11
1438	2.14458e-11
1439	2.13901e-11
1440	2.13345e-11
1441	2.12791e-11
1442	2.12237e-11
1443	2.11685e-11
1444	2.11134e-11
1445	2.10583e-11
1446	2.10034e-11
1447	2.09486e-11
1448	2.08939e-11
1449	2.08393e-11
1450	2.07849e-11
1451	2.07305e-11
1452	2.06762e-11
1453	2.06221e-11
1454	2.0568e-11
1455	2.05141e-11
1456	2.04603e-11
1457	2.04066e-11
1458	2.03529e-11
1459	2.02994e-11
1460	2.0246e-11
1461	2.01928e-11
1462	2.01396e-11
1463	2.00865e-11
1464	2.00335e-11
1465	1.99807e-11
1466	1.99279e-11
1467	1.98753e-11
1468	1.98228e-11
1469	1.97703e-11
1470	1.9718e-11
1471	1.96658e-11
1472	1.96137e-11
1473	1.95617e-11
1474	1.95098e-11
1475	1.9458e-11
1476	1.94063e-11
1477	1.93547e-11
1478	1.93033e-11
1479	1.92519e-11
1480	1.92007e-11
1481	1.91495e-11
1482	1.90985e-11
1483	1.90475e-11
1484	1.89967e-11
1485	1.8946e-11
1486	1.88954e-11
1487	1.88448e-11
1488	1.87944e-11
1489	1.87441e-11
1490	1.86939e-11
1491	1.86438e-11
1492	1.85939e-11
1493	1.8544e-11
1494	1.84942e-11
1495	1.84445e-11
1496	1.8395e-11
1497	1.83455e-11
1498	1.82962e-11
1499	1.82469e-11
1500	1.81978e-11
1501	1.81487e-11
1502	1.80998e-11
1503	1.80509e-11
1504	1.80022e-11
1505	1.79536e-11
1506	1.79051e-11
1507	1.78567e-11
1508	1.78083e-11
1509	1.77601e-11
1510	1.7712e-11
1511	1.7664e-11
1512	1.76161e-11
1513	1.75683e-11
1514	1.75206e-11
1515	1.74731e-11
1516	1.74256e-11
1517	1.73782e-11
1518	1.73309e-11
1519	1.72837e-11
1520	1.72367e-11
1521	1.71897e-11
1522	1.71428e-11
1523	1.7096e-11
1524	1.70494e-11
1525	1.70028e-11
1526	1.69564e-11
1527	1.691e-11
1528	1.68637e-11
1529	1.68176e-11
1530	1.67715e-11
1531	1.67256e-11
1532	1.66797e-11
1533	1.6634e-11
1534	1.65883e-11
1535	1.65428e-11
1536	1.64973e-11
1537	1.6452e-11
1538	1.64067e-11
1539	1.63616e-11
1540	1.63165e-11
1541	1.62716e-11
1542	1.62267e-11
1543	1.6182e-11
1544	1.61373e-11
1545	1.60928e-11
1546	1.60484e-11
1547	1.6004e-11
1548	1.59598e-11
1549	1.59156e-11
1550	1.58716e-11
1551	1.58276e-11
1552	1.57838e-11
1553	1.574e-11
1554	1.56964e-11
1555	1.56528e-11
1556	1.56094e-11
1557	1.5566e-11
1558	1.55227e-11
1559	1.54796e-11
1560	1.54365e-11
1561	1.53936e-11
1562	1.53507e-11
1563	1.53079e-11
1564	1.52652e-11
1565	1.52227e-11
1566	1.51802e-11
1567	1.51378e-11
1568	1.50955e-11
1569	1.50533e-11
1570	1.50113e-11
1571	1.49693e-11
1572	1.49274e-11
1573	1.48856e-11
1574	1.48439e-11
1575	1.48023e-11
1576	1.47607e-11
1577	1.47193e-11
1578	1.4678e-11
1579	1.46368e-11
1580	1.45957e-11
1581	1.45546e-11
1582	1.45137e-11
1583	1.44728e-11
1584	1.44321e-11
1585	1.43914e-11
1586	1.43509e-11
1587	1.43104e-11
1588	1.427e-11
1589	1.42298e-11
1590	1.41896e-11
1591	1.41495e-11
1592	1.41095e-11
1593	1.40696e-11
1594	1.40298e-11
1595	1.39901e-11
1596	1.39505e-11
1597	1.3911e-11
1598	1.38715e-11
1599	1.38322e-11
1600	1.37929e-11
1601	1.37538e-11
1602	1.37147e-11
1603	1.36758e-11
1604	1.36369e-11
1605	1.35981e-11
1606	1.35594e-11
1607	1.35208e-11
1608	1.34823e-11
1609	1.34439e-11
1610	1.34056e-11
1611	1.33673e-11
1612	1.33292e-11
1613	1.32911e-11
1614	1.32532e-11
1615	1.32153e-11
1616	1.31775e-11
1617	1.31398e-11
1618	1.31022e-11
1619	1.30647e-11
1620	1.30273e-11
1621	1.299e-11
1622	1.29527e-11
1623	1.29156e-11
1624	1.28785e-11
1625	1.28416e-11
1626	1.28047e-11
1627	1.27679e-11
1628	1.27312e-11
1629	1.26946e-11
1630	1.26581e-11
1631	1.26216e-11
1632	1.25853e-11
1633	1.2549e-11
1634	1.25129e-11
1635	1.24768e-11
1636	1.24408e-11
1637	1.24049e-11
1638	1.23691e-11
1639	1.23333e-11
1640	1.22977e-11
1641	1.22621e-11
1642	1.22267e-11
1643	1.21913e-11
1644	1.2156e-11
1645	1.21208e-11
1646	1.20857e-11
1647	1.20506e-11
1648	1.20157e-11
1649	1.19808e-11
1650	1.1946e-11
1651	1.19113e-11
1652	1.18767e-11
1653	1.18422e-11
1654	1.18078e-11
1655	1.17734e-11
1656	1.17392e-11
1657	1.1705e-11
1658	1.16709e-11
1659	1.16369e-11
1660	1.16029e-11
1661	1.15691e-11
1662	1.15353e-11
1663	1.15017e-11
1664	1.14681e-11
1665	1.14346e-11
1666	1.14011e-11
1667	1.13678e-11
1668	1.13345e-11
1669	1.13014e-11
1670	1.12683e-11
1671	1.12353e-11
1672	1.12024e-11
1673	1.11695e-11
1674	1.11368e-11
1675	1.11041e-11
1676	1.10715e-11
1677	1.1039e-11
1678	1.10065e-11
1679	1.09742e-11
1680	1.09419e-11
1681	1.09097e-11
1682	1.08776e-11
1683	1.08456e-11
1684	1.08137e-11
1685	1.07818e-11
1686	1.075e-11
1687	1.07183e-11
1688	1.06867e-11
1689	1.06552e-11
1690	1.06237e-11
1691	1.05923e-11
1692	1.0561e-11
1693	1.05298e-11
1694	1.04987e-11
1695	1.04676e-11
1696	1.04366e-11
1697	1.04057e-11
1698	1.03749e-11
1699	1.03442e-11
1700	1.03135e-11
1701	1.02829e-11
1702	1.02524e-11
1703	1.0222e-11
1704	1.01916e-11
1705	1.01613e-11
1706	1.01311e-11
1707	1.0101e-11
1708	1.0071e-11
1709	1.0041e-11
1710	1.00111e-11
1711	9.98133e-12
1712	9.9516e-12
1713	9.92194e-12
1714	9.89236e-12
1715	9.86286e-12
1716	9.83343e-12
1717	9.80408e-12
1718	9.77481e-12
1719	9.74561e-12
1720	9.71649e-12
1721	9.68744e-12
1722	9.65847e-12
1723	9.62958e-12
1724	9.60076e-12
1725	9.57201e-12
1726	9.54334e-12
1727	9.51475e-12
1728	9.48622e-12
1729	9.45778e-12
1730	9.42941e-12
1731	9.40111e-12
1732	9.37288e-12
1733	9.34473e-12
1734	9.31666e-12
1735	9.28866e-12
1736	9.26073e-12
1737	9.23287e-12
1738	9.20509e-12
1739	9.17738e-12
1740	9.14974e-12
1741	9.12218e-12
1742	9.09469e-12
1743	9.06727e-12
1744	9.03992e-12
1745	9.01265e-12
1746	8.98545e-12
1747	8.95832e-12
1748	8.93126e-12
1749	8.90427e-12
1750	8.87736e-12
1751	8.85051e-12
1752	8.82374e-12
1753	8.79704e-12
1754	8.77041e-12
1755	8.74385e-12
1756	8.71736e-12
1757	8.69094e-12
1758	8.66459e-12
1759	8.63831e-12
1760	8.6121e-12
1761	8.58596e-12
1762	8.55989e-12
1763	8.53389e-12
1764	8.50796e-12
1765	8.4821e-12
1766	8.45631e-12
1767	8.43059e-12
1768	8.40494e-12
1769	8.37935e-12
1770	8.35384e-12
1771	8.32839e-12
1772	8.30301e-12
1773	8.2777e-12
1774	8.25245e-12
1775	8.22728e-12
1776	8.20217e-12
1777	8.17713e-12
1778	8.15216e-12
1779	8.12725e-12
1780	8.10242e-12
1781	8.07764e-12
1782	8.05294e-12
1783	8.0283e-12
1784	8.00373e-12
1785	7.97923e-12
1786	7.95479e-12
1787	7.93042e-12
1788	7.90611e-12
1789	7.88187e-12
1790	7.8577e-12
1791	7.83359e-12
1792	7.80955e-12
1793	7.78557e-12
1794	7.76166e-12
1795	7.73781e-12
1796	7.71403e-12
1797	7.69031e-12
1798	7.66666e-12
1799	7.64307e-12
1800	7.61955e-12
1801	7.59609e-12
1802	7.5727e-12
1803	7.54936e-12
1804	7.5261e-12
1805	7.50289e-12
1806	7.47975e-12
1807	7.45668e-12
1808	7.43366e-12
1809	7.41071e-12
1810	7.38782e-12
1811	7.365e-12
1812	7.34224e-12
1813	7.31954e-12
1814	7.2969e-12
1815	7.27433e-12
1816	7.25182e-12
1817	7.22937e-12
1818	7.20698e-12
1819	7.18465e-12
1820	7.16239e-12
1821	7.14018e-12
1822	7.11804e-12
1823	7.09596e-12
1824	7.07394e-12
1825	7.05198e-12
1826	7.03008e-12
1827	7.00825e-12
1828	6.98647e-12
1829	6.96475e-12
1830	6.9431e-12
1831	6.9215e-12
1832	6.89997e-12
1833	6.87849e-12
1834	6.85708e-12
1835	6.83572e-12
1836	6.81442e-12
1837	6.79318e-12
1838	6.77201e-12
1839	6.75089e-12
1840	6.72983e-12
1841	6.70882e-12
1842	6.68788e-12
1843	6.667e-12
1844	6.64617e-12
1845	6.6254e-12
1846	6.60469e-12
1847	6.58404e-12
1848	6.56345e-12
1849	6.54291e-12
1850	6.52243e-12
1851	6.50201e-12
1852	6.48165e-12
1853	6.46134e-12
1854	6.4411e-12
1855	6.4209e-12
1856	6.40077e-12
1857	6.38069e-12
1858	6.36067e-12
1859	6.3407e-12
1860	6.32079e-12
1861	6.30094e-12
1862	6.28114e-12
1863	6.2614e-12
1864	6.24172e-12
1865	6.22209e-12
1866	6.20251e-12
1867	6.18299e-12
1868	6.16353e-12
1869	6.14412e-12
1870	6.12477e-12
1871	6.10547e-12
1872	6.08623e-12
1873	6.06704e-12
1874	6.0479e-12
1875	6.02882e-12
1876	6.0098e-12
1877	5.99082e-12
1878	5.97191e-12
1879	5.95304e-12
1880	5.93423e-12
1881	5.91548e-12
1882	5.89677e-12
1883	5.87812e-12
1884	5.85953e-12
1885	5.84098e-12
1886	5.82249e-12
1887	5.80405e-12
1888	5.78567e-12
1889	5.76734e-12
1890	5.74906e-12
1891	5.73083e-12
1892	5.71266e-12
1893	5.69453e-12
1894	5.67646e-12
1895	5.65844e-12
1896	5.64047e-12
1897	5.62256e-12
1898	5.60469e-12
1899	5.58688e-12
1900	5.56912e-12
1901	5.55141e-12
1902	5.53375e-12
1903	5.51614e-12
1904	5.49858e-12
1905	5.48108e-12
1906	5.46362e-12
1907	5.44621e-12
1908	5.42886e-12
1909	5.41155e-12
1910	5.39429e-12
1911	5.37709e-12
1912	5.35993e-12
1913	5.34282e-12
1914	5.32577e-12
1915	5.30876e-12
1916	5.2918e-12
1917	5.27489e-12
1918	5.25803e-12
1919	5.24122e-12
1920	5.22446e-12
1921	5.20774e-12
1922	5.19108e-12
1923	5.17446e-12
1924	5.15789e-12
1925	5.14137e-12
1926	5.1249e-12
1927	5.10848e-12
1928	5.0921e-12
1929	5.07577e-12
1930	5.05949e-12
1931	5.04326e-12
1932	5.02707e-12
1933	5.01093e-12
1934	4.99484e-12
1935	4.9788e-12
1936	4.9628e-12
1937	4.94685e-12
1938	4.93094e-12
1939	4.91509e-12
1940	4.89928e-12
1941	4.88351e-12
1942	4.86779e-12
1943	4.85212e-12
1944	4.83649e-12
1945	4.82091e-12
1946	4.80538e-12
1947	4.78989e-12
1948	4.77445e-12
1949	4.75905e-12
1950	4.7437e-12
1951	4.72839e-12
1952	4.71313e-12
1953	4.69791e-12
1954	4.68274e-12
1955	4.66761e-12
1956	4.65252e-12
1957	4.63749e-12
1958	4.62249e-12
1959	4.60754e-12
1960	4.59264e-12
1961	4.57777e-12
1962	4.56296e-12
1963	4.54818e-12
1964	4.53345e-12
1965	4.51877e-12
1966	4.50412e-12
1967	4.48952e-12
1968	4.47497e-12
1969	4.46045e-12
1970	4.44598e-12
1971	4.43156e-12
1972	4.41717e-12
1973	4.40283e-12
1974	4.38853e-12
1975	4.37427e-12
1976	4.36006e-12
1977	4.34589e-12
1978	4.33176e-12
1979	4.31767e-12
1980	4.30363e-12
1981	4.28962e-12
1982	4.27566e-12
1983	4.26174e-12
1984	4.24786e-12
1985	4.23403e-12
1986	4.22023e-12
1987	4.20648e-12
1988	4.19276e-12
1989	4.17909e-12
1990	4.16546e-12
1991	4.15187e-12
1992	4.13832e-12
1993	4.12481e-12
1994	4.11134e-12
1995	4.09791e-12
1996	4.08453e-12
1997	4.07118e-12
1998	4.05787e-12
1999	4.0446e-12
2000	4.03137e-12
2001	4.01819e-12
2002	4.00504e-12
2003	3.99193e-12
2004	3.97886e-12
2005	3.96583e-12
2006	3.95284e-12
2007	3.93989e-12
2008	3.92697e-12
2009	3.9141e-12
2010	3.90127e-12
2011	3.88847e-12
2012	3.87571e-12
2013	3.86299e-12
2014	3.85031e-12
2015	3.83767e-12
2016	3.82507e-12
2017	3.8125e-12
2018	3.79997e-12
2019	3.78748e-12
2020	3.77503e-12
2021	3.76262e-12
2022	3.75024e-12
2023	3.7379e-12
2024	3.7256e-12
2025	3.71333e-12
2026	3.70111e-12
2027	3.68892e-12
2028	3.67676e-12
2029	3.66465e-12
2030	3.65257e-12
2031	3.64053e-12
2032	3.62852e-12
2033	3.61655e-12
2034	3.60462e-12
2035	3.59272e-12
2036	3.58086e-12
2037	3.56904e-12
2038	3.55725e-12
2039	3.5455e-12
2040	3.53378e-12
2041	3.5221e-12
2042	3.51046e-12
2043	3.49885e-12
2044	3.48727e-12
2045	3.47573e-12
2046	3.46423e-12
2047	3.45276e-12
2048	3.44133e-12
2049	3.42993e-12
2050	3.41857e-12
2051	3.40724e-12
2052	3.39595e-12
2053	3.38469e-12
2054	3.37347e-12
2055	3.36228e-12
2056	3.35112e-12
2057	3.34e-12
2058	3.32891e-12
2059	3.31786e-12
2060	3.30684e-12
2061	3.29586e-12
2062	3.28491e-12
2063	3.27399e-12
2064	3.2631e-12
2065	3.25225e-12
2066	3.24144e-12
2067	3.23065e-12
2068	3.2199e-12
2069	3.20919e-12
2070	3.1985e-12
2071	3.18785e-12
2072	3.17723e-12
2073	3.16665e-12
2074	3.15609e-12
2075	3.14557e-12
2076	3.13509e-12
2077	3.12463e-12
2078	3.11421e-12
2079	3.10382e-12
2080	3.09346e-12
2081	3.08313e-12
2082	3.07284e-12
2083	3.06258e-12
2084	3.05235e-12
2085	3.04215e-12
2086	3.03198e-12
2087	3.02185e-12
2088	3.01174e-12
2089	3.00167e-12
2090	2.99163e-12
2091	2.98162e-12
2092	2.97164e-12
2093	2.96169e-12
2094	2.95177e-12
2095	2.94189e-12
2096	2.93203e-12
2097	2.92221e-12
2098	2.91241e-12
2099	2.90265e-12
2100	2.89292e-12
2101	2.88322e-12
2102	2.87354e-12
2103	2.8639e-12
2104	2.85429e-12
2105	2.84471e-12
2106	2.83515e-12
2107	2.82563e-12
2108	2.81614e-12
2109	2.80668e-12
2110	2.79724e-12
2111	2.78784e-12
2112	2.77847e-12
2113	2.76912e-12
2114	2.7598e-12
2115	2.75052e-12
2116	2.74126e-12
2117	2.73203e-12
2118	2.72283e-12
2119	2.71366e-12
2120	2.70452e-12
2121	2.69541e-12
2122	2.68632e-12
2123	2.67727e-12
2124	2.66824e-12
2125	2.65924e-12
2126	2.65027e-12
2127	2.64133e-12
2128	2.63241e-12
2129	2.62353e-12
2130	2.61467e-12
2131	2.60584e-12
2132	2.59704e-12
2133	2.58826e-12
2134	2.57952e-12
2135	2.5708e-12
2136	2.5621e-12
2137	2.55344e-12
2138	2.5448e-12
2139	2.53619e-12
2140	2.52761e-12
2141	2.51905e-12
2142	2.51053e-12
2143	2.50203e-12
2144	2.49355e-12
2145	2.4851e-12
2146	2.47668e-12
2147	2.46829e-12
2148	2.45992e-12
2149	2.45158e-12
2150	2.44326e-12
2151	2.43498e-12
2152	2.42671e-12
2153	2.41848e-12
2154	2.41027e-12
2155	2.40208e-12
2156	2.39393e-12
2157	2.38579e-12
2158	2.37769e-12
2159	2.36961e-12
2160	2.36155e-12
2161	2.35352e-12
2162	2.34552e-12
2163	2.33754e-12
2164	2.32959e-12
2165	2.32166e-12
2166	2.31376e-12
2167	2.30589e-12
2168	2.29803e-12
2169	2.29021e-12
2170	2.28241e-12
2171	2.27463e-12
2172	2.26688e-12
2173	2.25915e-12
2174	2.25145e-12
2175	2.24377e-12
2176	2.23612e-12
2177	2.22849e-12
2178	2.22088e-12
2179	2.2133e-12
2180	2.20575e-12
2181	2.19822e-12
2182	2.19071e-12
2183	2.18322e-12
2184	2.17577e-12
2185	2.16833e-12
2186	2.16092e-12
2187	2.15353e-12
2188	2.14617e-12
2189	2.13882e-12
2190	2.13151e-12
2191	2.12421e-12
2192	2.11694e-12
2193	2.1097e-12
2194	2.10247e-12
2195	2.09527e-12
2196	2.0881e-12
2197	2.08094e-12
2198	2.07381e-12
2199	2.0667e-12
2200	2.05962e-12
2201	2.05255e-12
2202	2.04551e-12
2203	2.0385e-12
2204	2.0315e-12
2205	2.02453e-12
2206	2.01758e-12
2207	2.01066e-12
2208	2.00375e-12
2209	1.99687e-12
2210	1.99001e-12
2211	1.98317e-12
2212	1.97635e-12
2213	1.96956e-12
2214	1.96279e-12
2215	1.95604e-12
2216	1.94931e-12
2217	1.9426e-12
2218	1.93592e-12
2219	1.92926e-12
2220	1.92261e-12
2221	1.91599e-12
2222	1.9094e-12
2223	1.90282e-12
2224	1.89626e-12
2225	1.88973e-12
2226	1.88321e-12
2227	1.87672e-12
2228	1.87025e-12
2229	1.8638e-12
2230	1.85737e-12
2231	1.85096e-12
2232	1.84458e-12
2233	1.83821e-12
2234	1.83186e-12
2235	1.82554e-12
2236	1.81923e-12
2237	1.81295e-12
2238	1.80668e-12
2239	1.80044e-12
2240	1.79422e-12
2241	1.78801e-12
2242	1.78183e-12
2243	1.77567e-12
2244	1.76953e-12
2245	1.7634e-12
2246	1.7573e-12
2247	1.75122e-12
2248	1.74516e-12
2249	1.73911e-12
2250	1.73309e-12
2251	1.72709e-12
2252	1.7211e-12
2253	1.71514e-12
2254	1.70919e-12
2255	1.70327e-12
2256	1.69736e-12
2257	1.69148e-12
2258	1.68561e-12
2259	1.67976e-12
2260	1.67393e-12
2261	1.66812e-12
2262	1.66233e-12
2263	1.65656e-12
2264	1.6508e-12
2265	1.64507e-12
2266	1.63936e-12
2267	1.63366e-12
2268	1.62798e-12
2269	1.62232e-12
2270	1.61668e-12
2271	1.61106e-12
2272	1.60545e-12
2273	1.59987e-12
2274	1.5943e-12
2275	1.58875e-12
2276	1.58322e-12
2277	1.57771e-12
2278	1.57222e-12
2279	1.56674e-12
2280	1.56128e-12
2281	1.55584e-12
2282	1.55042e-12
2283	1.54502e-12
2284	1.53963e-12
2285	1.53426e-12
2286	1.52891e-12
2287	1.52358e-12
2288	1.51826e-12
2289	1.51296e-12
2290	1.50768e-12
2291	1.50242e-12
2292	1.49717e-12
2293	1.49194e-12
2294	1.48673e-12
2295	1.48154e-12
2296	1.47636e-12
2297	1.4712e-12
2298	1.46606e-12
2299	1.46093e-12
2300	1.45582e-12
2301	1.45073e-12
2302	1.44566e-12
2303	1.4406e-12
2304	1.43556e-12
2305	1.43053e-12
2306	1.42553e-12
2307	1.42053e-12
2308	1.41556e-12
2309	1.4106e-12
2310	1.40566e-12
2311	1.40073e-12
2312	1.39582e-12
2313	1.39093e-12
2314	1.38605e-12
2315	1.38119e-12
2316	1.37635e-12
2317	1.37152e-12
2318	1.36671e-12
2319	1.36191e-12
2320	1.35713e-12
2321	1.35237e-12
2322	1.34762e-12
2323	1.34289e-12
2324	1.33817e-12
2325	1.33347e-12
2326	1.32878e-12
2327	1.32411e-12
2328	1.31946e-12
2329	1.31482e-12
2330	1.3102e-12
2331	1.30559e-12
2332	1.301e-12
2333	1.29642e-12
2334	1.29186e-12
2335	1.28731e-12
2336	1.28278e-12
2337	1.27826e-12
2338	1.27376e-12
2339	1.26927e-12
2340	1.2648e-12
2341	1.26035e-12
2342	1.25591e-12
2343	1.25148e-12
2344	1.24707e-12
2345	1.24267e-12
2346	1.23829e-12
2347	1.23392e-12
2348	1.22957e-12
2349	1.22523e-12
2350	1.2209e-12
2351	1.2166e-12
2352	1.2123e-12
2353	1.20802e-12
2354	1.20375e-12
2355	1.1995e-12
2356	1.19526e-12
2357	1.19104e-12
2358	1.18683e-12
2359	1.18264e-12
2360	1.17846e-12
2361	1.17429e-12
2362	1.17014e-12
2363	1.166e-12
2364	1.16187e-12
2365	1.15776e-12
2366	1.15366e-12
2367	1.14958e-12
2368	1.14551e-12
2369	1.14145e-12
2370	1.13741e-12
2371	1.13338e-12
2372	1.12937e-12
2373	1.12537e-12
2374	1.12138e-12
2375	1.1174e-12
2376	1.11344e-12
2377	1.10949e-12
2378	1.10556e-12
2379	1.10164e-12
2380	1.09773e-12
2381	1.09383e-12
2382	1.08995e-12
2383	1.08608e-12
2384	1.08223e-12
2385	1.07838e-12
2386	1.07455e-12
2387	1.07074e-12
2388	1.06693e-12
2389	1.06314e-12
2390	1.05936e-12
2391	1.0556e-12
2392	1.05185e-12
2393	1.04811e-12
2394	1.04438e-12
2395	1.04066e-12
2396	1.03696e-12
2397	1.03327e-12
2398	1.0296e-12
2399	1.02593e-12
2400	1.02228e-12
2401	1.01864e-12
2402	1.01501e-12
2403	1.0114e-12
2404	1.00779e-12
2405	1.0042e-12
2406	1.00063e-12
2407	9.97059e-13
2408	9.93505e-13
2409	9.89963e-13
2410	9.86433e-13
2411	9.82915e-13
2412	9.79409e-13
2413	9.75915e-13
2414	9.72432e-13
2415	9.68962e-13
2416	9.65503e-13
2417	9.62057e-13
2418	9.58621e-13
2419	9.55198e-13
2420	9.51786e-13
2421	9.48386e-13
2422	9.44998e-13
2423	9.41621e-13
2424	9.38255e-13
2425	9.34901e-13
2426	9.31559e-13
2427	9.28227e-13
2428	9.24908e-13
2429	9.21599e-13
2430	9.18302e-13
2431	9.15016e-13
2432	9.11741e-13
2433	9.08478e-13
2434	9.05225e-13
2435	9.01984e-13
2436	8.98754e-13
2437	8.95535e-13
2438	8.92327e-13
2439	8.89129e-13
2440	8.85943e-13
2441	8.82768e-13
2442	8.79603e-13
2443	8.7645e-13
2444	8.73307e-13
2445	8.70175e-13
2446	8.67054e-13
2447	8.63943e-13
2448	8.60843e-13
2449	8.57754e-13
2450	8.54675e-13
2451	8.51607e-13
2452	8.48549e-13
2453	8.45502e-13
2454	8.42465e-13
2455	8.39439e-13
2456	8.36423e-13
2457	8.33417e-13
2458	8.30422e-13
2459	8.27437e-13
2460	8.24462e-13
2461	8.21498e-13
2462	8.18543e-13
2463	8.15599e-13
2464	8.12665e-13
2465	8.09741e-13
2466	8.06827e-13
2467	8.03924e-13
2468	8.0103e-13
2469	7.98146e-13
2470	7.95272e-13
2471	7.92408e-13
2472	7.89554e-13
2473	7.86709e-13
2474	7.83875e-13
2475	7.8105e-13
2476	7.78235e-13
2477	7.75429e-13
2478	7.72634e-13
2479	7.69848e-13
2480	7.67071e-13
2481	7.64304e-13
2482	7.61547e-13
2483	7.58799e-13
2484	7.56061e-13
2485	7.53332e-13
2486	7.50613e-13
2487	7.47903e-13
2488	7.45202e-13
2489	7.42511e-13
2490	7.39829e-13
2491	7.37156e-13
2492	7.34492e-13
2493	7.31838e-13
2494	7.29193e-13
2495	7.26557e-13
2496	7.2393e-13
2497	7.21312e-13
2498	7.18704e-13
2499	7.16104e-13
2500	7.13513e-13
2501	7.10932e-13
2502	7.08359e-13
2503	7.05795e-13
2504	7.0324e-13
2505	7.00694e-13
2506	6.98157e-13
2507	6.95629e-13
2508	6.93109e-13
2509	6.90598e-13
2510	6.88096e-13
2511	6.85602e-13
2512	6.83118e-13
2513	6.80641e-13
2514	6.78174e-13
2515	6.75715e-13
2516	6.73264e-13
2517	6.70822e-13
2518	6.68389e-13
2519	6.65964e-13
2520	6.63547e-13
2521	6.61139e-13
2522	6.58739e-13
2523	6.56348e-13
2524	6.53965e-13
2525	6.5159e-13
2526	6.49223e-13
2527	6.46865e-13
2528	6.44515e-13
2529	6.42173e-13
2530	6.39839e-13
2531	6.37514e-13
2532	6.35196e-13
2533	6.32887e-13
2534	6.30585e-13
2535	6.28292e-13
2536	6.26007e-13
2537	6.23729e-13
2538	6.2146e-13
2539	6.19198e-13
2540	6.16945e-13
2541	6.14699e-13
2542	6.12461e-13
2543	6.10231e-13
2544	6.08009e-13
2545	6.05794e-13
2546	6.03587e-13
2547	6.01388e-13
2548	5.99197e-13
2549	5.97013e-13
2550	5.94837e-13
2551	5.92669e-13
2552	5.90508e-13
2553	5.88355e-13
2554	5.86209e-13
2555	5.84071e-13
2556	5.8194e-13
2557	5.79817e-13
2558	5.77701e-13
2559	5.75592e-13
2560	5.73491e-13
2561	5.71398e-13
2562	5.69311e-13
2563	5.67232e-13
2564	5.65161e-13
2565	5.63096e-13
2566	5.61039e-13
2567	5.58989e-13
2568	5.56946e-13
2569	5.54911e-13
2570	5.52882e-13
2571	5.50861e-13
2572	5.48846e-13
2573	5.46839e-13
2574	5.44839e-13
2575	5.42846e-13
2576	5.4086e-13
2577	5.38881e-13
2578	5.36909e-13
2579	5.34944e-13
2580	5.32985e-13
2581	5.31034e-13
2582	5.29089e-13
2583	5.27152e-13
2584	5.25221e-13
2585	5.23297e-13
2586	5.21379e-13
2587	5.19469e-13
2588	5.17565e-13
2589	5.15668e-13
2590	5.13778e-13
2591	5.11894e-13
2592	5.10017e-13
2593	5.08146e-13
2594	5.06282e-13
2595	5.04425e-13
2596	5.02574e-13
2597	5.0073e-13
2598	4.98892e-13
2599	4.97061e-13
2600	4.95237e-13
2601	4.93418e-13
2602	4.91606e-13
2603	4.89801e-13
2604	4.88002e-13
2605	4.86209e-13
2606	4.84423e-13
2607	4.82642e-13
2608	4.80869e-13
2609	4.79101e-13
2610	4.7734e-13
2611	4.75585e-13
2612	4.73836e-13
2613	4.72093e-13
2614	4.70357e-13
2615	4.68627e-13
2616	4.66902e-13
2617	4.65184e-13
2618	4.63472e-13
2619	4.61766e-13
2620	4.60066e-13
2621	4.58373e-13
2622	4.56685e-13
2623	4.55003e-13
2624	4.53327e-13
2625	4.51657e-13
2626	4.49993e-13
2627	4.48335e-13
2628	4.46683e-13
2629	4.45036e-13
2630	4.43396e-13
2631	4.41761e-13
2632	4.40132e-13
2633	4.38509e-13
2634	4.36892e-13
2635	4.3528e-13
2636	4.33674e-13
2637	4.32074e-13
2638	4.30479e-13
2639	4.28891e-13
2640	4.27307e-13
2641	4.2573e-13
2642	4.24158e-13
2643	4.22592e-13
2644	4.21031e-13
2645	4.19476e-13
2646	4.17926e-13
2647	4.16382e-13
2648	4.14843e-13
2649	4.1331e-13
2650	4.11782e-13
2651	4.1026e-13
2652	4.08743e-13
2653	4.07232e-13
2654	4.05726e-13
2655	4.04225e-13
2656	4.0273e-13
2657	4.0124e-13
2658	3.99755e-13
2659	3.98276e-13
2660	3.96802e-13
2661	3.95333e-13
2662	3.93869e-13
2663	3.92411e-13
2664	3.90958e-13
2665	3.8951e-13
2666	3.88067e-13
2667	3.86629e-13
2668	3.85197e-13
2669	3.83769e-13
2670	3.82347e-13
2671	3.8093e-13
2672	3.79518e-13
2673	3.78111e-13
2674	3.76709e-13
2675	3.75312e-13
2676	3.7392e-13
2677	3.72533e-13
2678	3.7115e-13
2679	3.69773e-13
2680	3.68401e-13
2681	3.67034e-13
2682	3.65671e-13
2683	3.64314e-13
2684	3.62961e-13
2685	3.61613e-13
2686	3.6027e-13
2687	3.58932e-13
2688	3.57599e-13
2689	3.5627e-13
2690	3.54947e-13
2691	3.53628e-13
2692	3.52313e-13
2693	3.51004e-13
2694	3.49699e-13
2695	3.48398e-13
2696	3.47103e-13
2697	3.45812e-13
2698	3.44526e-13
2699	3.43244e-13
2700	3.41967e-13
2701	3.40695e-13
2702	3.39427e-13
2703	3.38163e-13
2704	3.36905e-13
2705	3.3565e-13
2706	3.344e-13
2707	3.33155e-13
2708	3.31914e-13
2709	3.30678e-13
2710	3.29446e-13
2711	3.28219e-13
2712	3.26996e-13
2713	3.25777e-13
2714	3.24563e-13
2715	3.23353e-13
2716	3.22148e-13
2717	3.20947e-13
2718	3.1975e-13
2719	3.18557e-13
2720	3.17369e-13
2721	3.16185e-13
2722	3.15005e-13
2723	3.1383e-13
2724	3.12659e-13
2725	3.11492e-13
2726	3.10329e-13
2727	3.09171e-13
2728	3.08016e-13
2729	3.06866e-13
2730	3.0572e-13
2731	3.04578e-13
2732	3.0344e-13
2733	3.02307e-13
2734	3.01177e-13
2735	3.00052e-13
2736	2.9893e-13
2737	2.97813e-13
2738	2.96699e-13
2739	2.9559e-13
2740	2.94485e-13
2741	2.93384e-13
2742	2.92286e-13
2743	2.91193e-13
2744	2.90104e-13
2745	2.89018e-13
2746	2.87937e-13
2747	2.86859e-13
2748	2.85785e-13
2749	2.84715e-13
2750	2.83649e-13
2751	2.82587e-13
2752	2.81529e-13
2753	2.80475e-13
2754	2.79424e-13
2755	2.78377e-13
2756	2.77334e-13
2757	2.76295e-13
2758	2.7526e-13
2759	2.74228e-13
2760	2.732e-13
2761	2.72176e-13
2762	2.71155e-13
2763	2.70139e-13
2764	2.69126e-13
2765	2.68116e-13
2766	2.6711e-13
2767	2.66108e-13
2768	2.6511e-13
2769	2.64115e-13
2770	2.63124e-13
2771	2.62136e-13
2772	2.61152e-13
2773	2.60172e-13
2774	2.59195e-13
2775	2.58221e-13
2776	2.57252e-13
2777	2.56285e-13
2778	2.55323e-13
2779	2.54363e-13
2780	2.53407e-13
2781	2.52455e-13
2782	2.51506e-13
2783	2.50561e-13
2784	2.49619e-13
2785	2.48681e-13
2786	2.47745e-13
2787	2.46814e-13
2788	2.45885e-13
2789	2.44961e-13
2790	2.44039e-13
2791	2.43121e-13
2792	2.42206e-13
2793	2.41295e-13
2794	2.40386e-13
2795	2.39481e-13
2796	2.3858e-13
2797	2.37682e-13
2798	2.36787e-13
2799	2.35895e-13
2800	2.35006e-13
2801	2.34121e-13
2802	2.33239e-13
2803	2.3236e-13
2804	2.31485e-13
2805	2.30612e-13
2806	2.29743e-13
2807	2.28877e-13
2808	2.28014e-13
2809	2.27155e-13
2810	2.26298e-13
2811	2.25445e-13
2812	2.24594e-13
2813	2.23747e-13
2814	2.22903e-13
2815	2.22062e-13
2816	2.21224e-13
2817	2.20389e-13
2818	2.19557e-13
2819	2.18729e-13
2820	2.17903e-13
2821	2.1708e-13
2822	2.1626e-13
2823	2.15444e-13
2824	2.1463e-13
2825	2.13819e-13
2826	2.13011e-13
2827	2.12207e-13
2828	2.11405e-13
2829	2.10606e-13
2830	2.0981e-13
2831	2.09017e-13
2832	2.08227e-13
2833	2.07439e-13
2834	2.06655e-13
2835	2.05873e-13
2836	2.05095e-13
2837	2.04319e-13
2838	2.03546e-13
2839	2.02776e-13
2840	2.02009e-13
2841	2.01244e-13
2842	2.00482e-13
2843	1.99724e-13
2844	1.98968e-13
2845	1.98214e-13
2846	1.97464e-13
2847	1.96716e-13
2848	1.95971e-13
2849	1.95229e-13
2850	1.94489e-13
2851	1.93752e-13
2852	1.93018e-13
2853	1.92287e-13
2854	1.91558e-13
2855	1.90832e-13
2856	1.90108e-13
2857	1.89388e-13
2858	1.8867e-13
2859	1.87954e-13
2860	1.87241e-13
2861	1.86531e-13
2862	1.85824e-13
2863	1.85119e-13
2864	1.84416e-13
2865	1.83717e-13
2866	1.83019e-13
2867	1.82325e-13
2868	1.81633e-13
2869	1.80943e-13
2870	1.80256e-13
2871	1.79572e-13
2872	1.7889e-13
2873	1.7821e-13
2874	1.77533e-13
2875	1.76859e-13
2876	1.76187e-13
2877	1.75518e-13
2878	1.74851e-13
2879	1.74186e-13
2880	1.73524e-13
2881	1.72865e-13
2882	1.72207e-13
2883	1.71553e-13
2884	1.709e-13
2885	1.7025e-13
2886	1.69603e-13
2887	1.68958e-13
2888	1.68315e-13
2889	1.67675e-13
2890	1.67037e-13
2891	1.66401e-13
2892	1.65768e-13
2893	1.65137e-13
2894	1.64508e-13
2895	1.63882e-13
2896	1.63258e-13
2897	1.62636e-13
2898	1.62017e-13
2899	1.614e-13
2900	1.60785e-13
2901	1.60172e-13
2902	1.59562e-13
2903	1.58954e-13
2904	1.58348e-13
2905	1.57745e-13
2906	1.57144e-13
2907	1.56545e-13
2908	1.55948e-13
2909	1.55353e-13
2910	1.54761e-13
2911	1.5417e-13
2912	1.53582e-13
2913	1.52997e-13
2914	1.52413e-13
2915	1.51831e-13
2916	1.51252e-13
2917	1.50675e-13
2918	1.501e-13
2919	1.49527e-13
2920	1.48956e-13
2921	1.48387e-13
2922	1.47821e-13
2923	1.47256e-13
2924	1.46694e-13
2925	1.46134e-13
2926	1.45576e-13
2927	1.45019e-13
2928	1.44465e-13
2929	1.43913e-13
2930	1.43363e-13
2931	1.42815e-13
2932	1.4227e-13
2933	1.41726e-13
2934	1.41184e-13
2935	1.40644e-13
2936	1.40106e-13
2937	1.39571e-13
2938	1.39037e-13
2939	1.38505e-13
2940	1.37975e-13
2941	1.37447e-13
2942	1.36921e-13
2943	1.36397e-13
2944	1.35875e-13
2945	1.35355e-13
2946	1.34837e-13
2947	1.34321e-13
2948	1.33807e-13
2949	1.33294e-13
2950	1.32784e-13
2951	1.32275e-13
2952	1.31769e-13
2953	1.31264e-13
2954	1.30761e-13
2955	1.3026e-13
2956	1.29761e-13
2957	1.29264e-13
2958	1.28768e-13
2959	1.28275e-13
2960	1.27783e-13
2961	1.27293e-13
2962	1.26805e-13
2963	1.26319e-13
2964	1.25834e-13
2965	1.25352e-13
2966	1.24871e-13
2967	1.24392e-13
2968	1.23915e-13
2969	1.23439e-13
2970	1.22965e-13
2971	1.22494e-13
2972	1.22023e-13
2973	1.21555e-13
2974	1.21088e-13
2975	1.20623e-13
2976	1.2016e-13
2977	1.19699e-13
2978	1.19239e-13
2979	1.18781e-13
2980	1.18325e-13
2981	1.1787e-13
2982	1.17417e-13
2983	1.16966e-13
2984	1.16517e-13
2985	1.16069e-13
2986	1.15623e-13
2987	1.15178e-13
2988	1.14736e-13
2989	1.14295e-13
2990	1.13855e-13
2991	1.13417e-13
2992	1.12981e-13
2993	1.12546e-13
2994	1.12113e-13
2995	1.11682e-13
2996	1.11252e-13
2997	1.10824e-13
2998	1.10398e-13
2999	1.09973e-13
