1	6.58639e-17
2	3.71428e-16
3	1.0205e-15
4	2.08882e-15
5	3.63862e-15
6	5.72353e-15
7	8.39101e-15
8	1.16838e-14
9	1.56409e-14
10	2.02983e-14
11	2.56889e-14
12	3.18439e-14
13	3.87922e-14
14	4.65608e-14
15	5.51754e-14
16	6.466e-14
17	7.50374e-14
18	8.63292e-14
19	9.8556e-14
20	1.11737e-13
21	1.25891e-13
22	1.41035e-13
23	1.57187e-13
24	1.74362e-13
25	1.92575e-13
26	2.11841e-13
27	2.32173e-13
28	2.53586e-13
29	2.76091e-13
30	2.99701e-13
31	3.24427e-13
32	3.5028e-13
33	3.7727e-13
34	4.05408e-13
35	4.34703e-13
36	4.65164e-13
37	4.96799e-13
38	5.29617e-13
39	5.63626e-13
40	5.98833e-13
41	6.35246e-13
42	6.72869e-13
43	7.11712e-13
44	7.51778e-13
45	7.93074e-13
46	8.35605e-13
47	8.79377e-13
48	9.24393e-13
49	9.70659e-13
50	1.01818e-12
51	1.06696e-12
52	1.11699e-12
53	1.1683e-12
54	1.22087e-12
55	1.27471e-12
56	1.32982e-12
57	1.38621e-12
58	1.44388e-12
59	1.50283e-12
60	1.56305e-12
61	1.62457e-12
62	1.68736e-12
63	1.75144e-12
64	1.81681e-12
65	1.88346e-12
66	1.95141e-12
67	2.02063e-12
68	2.09115e-12
69	2.16296e-12
70	2.23605e-12
71	2.31043e-12
72	2.3861e-12
73	2.46305e-12
74	2.54129e-12
75	2.62082e-12
76	2.70162e-12
77	2.78371e-12
78	2.86708e-12
79	2.95173e-12
80	3.03765e-12
81	3.12486e-12
82	3.21333e-12
83	3.30308e-12
84	3.39409e-12
85	3.48637e-12
86	3.57992e-12
87	3.67473e-12
88	3.77079e-12
89	3.86812e-12
90	3.96669e-12
91	4.06652e-12
92	4.16759e-12
93	4.26991e-12
94	4.37346e-12
95	4.47826e-12
96	4.58428e-12
97	4.69154e-12
98	4.80002e-12
99	4.90972e-12
100	5.02064e-12
101	5.13278e-12
102	5.24612e-12
103	5.36067e-12
104	5.47642e-12
105	5.59337e-12
106	5.71151e-12
107	5.83084e-12
108	5.95135e-12
109	6.07303e-12
110	6.1959e-12
111	6.31993e-12
112	6.44512e-12
113	6.57147e-12
114	6.69898e-12
115	6.82763e-12
116	6.95743e-12
117	7.08836e-12
118	7.22043e-12
119	7.35363e-12
120	7.48794e-12
121	7.62338e-12
122	7.75992e-12
123	7.89757e-12
124	8.03631e-12
125	8.17616e-12
126	8.31708e-12
127	8.45909e-12
128	8.60218e-12
129	8.74633e-12
130	8.89155e-12
131	9.03783e-12
132	9.18516e-12
133	9.33353e-12
134	9.48294e-12
135	9.63339e-12
136	9.78486e-12
137	9.93736e-12
138	1.00909e-11
139	1.02454e-11
140	1.04009e-11
141	1.05574e-11
142	1.07149e-11
143	1.08734e-11
144	1.10328e-11
145	1.11933e-11
146	1.13546e-11
147	1.1517e-11
148	1.16803e-11
149	1.18445e-11
150	1.20097e-11
151	1.21758e-11
152	1.23428e-11
153	1.25107e-11
154	1.26795e-11
155	1.28493e-11
156	1.30199e-11
157	1.31914e-11
158	1.33638e-11
159	1.35371e-11
160	1.37112e-11
161	1.38862e-11
162	1.4062e-11
163	1.42387e-11
164	1.44162e-11
165	1.45946e-11
166	1.47737e-11
167	1.49537e-11
168	1.51345e-11
169	1.53161e-11
170	1.54985e-11
171	1.56817e-11
172	1.58656e-11
173	1.60503e-11
174	1.62358e-11
175	1.64221e-11
176	1.66091e-11
177	1.67968e-11
178	1.69853e-11
179	1.71745e-11
180	1.73644e-11
181	1.7555e-11
182	1.77464e-11
183	1.79384e-11
184	1.81311e-11
185	1.83245e-11
186	1.85186e-11
187	1.87134e-11
188	1.89088e-11
189	1.91049e-11
190	1.93016e-11
191	1.94989e-11
192	1.96969e-11
193	1.98955e-11
194	2.00948e-11
195	2.02946e-11
196	2.0495e-11
197	2.06961e-11
198	2.08977e-11
199	2.10999e-11
200	2.13026e-11
201	2.1506e-11
202	2.17099e-11
203	2.19143e-11
204	2.21193e-11
205	2.23248e-11
206	2.25308e-11
207	2.27374e-11
208	2.29445e-11
209	2.31521e-11
210	2.33601e-11
211	2.35687e-11
212	2.37777e-11
213	2.39873e-11
214	2.41973e-11
215	2.44077e-11
216	2.46186e-11
217	2.483e-11
218	2.50418e-11
219	2.5254e-11
220	2.54666e-11
221	2.56797e-11
222	2.58932e-11
223	2.6107e-11
224	2.63213e-11
225	2.65359e-11
226	2.6751e-11
227	2.69664e-11
228	2.71822e-11
229	2.73983e-11
230	2.76148e-11
231	2.78316e-11
232	2.80487e-11
233	2.82662e-11
234	2.8484e-11
235	2.87022e-11
236	2.89206e-11
237	2.91393e-11
238	2.93583e-11
239	2.95777e-11
240	2.97972e-11
241	3.00171e-11
242	3.02372e-11
243	3.04576e-11
244	3.06782e-11
245	3.08991e-11
246	3.11202e-11
247	3.13416e-11
248	3.15631e-11
249	3.17849e-11
250	3.20069e-11
251	3.22291e-11
252	3.24515e-11
253	3.26741e-11
254	3.28968e-11
255	3.31197e-11
256	3.33428e-11
257	3.35661e-11
258	3.37895e-11
259	3.40131e-11
260	3.42368e-11
261	3.44606e-11
262	3.46846e-11
263	3.49086e-11
264	3.51328e-11
265	3.53571e-11
266	3.55815e-11
267	3.5806e-11
268	3.60306e-11
269	3.62552e-11
270	3.648e-11
271	3.67048e-11
272	3.69296e-11
273	3.71545e-11
274	3.73795e-11
275	3.76045e-11
276	3.78295e-11
277	3.80546e-11
278	3.82797e-11
279	3.85048e-11
280	3.87299e-11
281	3.8955e-11
282	3.91801e-11
283	3.94052e-11
284	3.96303e-11
285	3.98553e-11
286	4.00804e-11
287	4.03054e-11
288	4.05303e-11
289	4.07552e-11
290	4.09801e-11
291	4.12049e-11
292	4.14296e-11
293	4.16543e-11
294	4.18789e-11
295	4.21034e-11
296	4.23278e-11
297	4.25521e-11
298	4.27763e-11
299	4.30004e-11
300	4.32244e-11
301	4.34483e-11
302	4.3672e-11
303	4.38957e-11
304	4.41192e-11
305	4.43425e-11
306	4.45657e-11
307	4.47887e-11
308	4.50116e-11
309	4.52343e-11
310	4.54569e-11
311	4.56793e-11
312	4.59015e-11
313	4.61235e-11
314	4.63453e-11
315	4.65669e-11
316	4.67883e-11
317	4.70095e-11
318	4.72305e-11
319	4.74513e-11
320	4.76719e-11
321	4.78922e-11
322	4.81123e-11
323	4.83321e-11
324	4.85517e-11
325	4.87711e-11
326	4.89901e-11
327	4.9209e-11
328	4.94275e-11
329	4.96458e-11
330	4.98639e-11
331	5.00816e-11
332	5.02991e-11
333	5.05162e-11
334	5.07331e-11
335	5.09496e-11
336	5.11659e-11
337	5.13818e-11
338	5.15975e-11
339	5.18128e-11
340	5.20278e-11
341	5.22424e-11
342	5.24568e-11
343	5.26707e-11
344	5.28844e-11
345	5.30977e-11
346	5.33106e-11
347	5.35232e-11
348	5.37354e-11
349	5.39472e-11
350	5.41587e-11
351	5.43698e-11
352	5.45806e-11
353	5.47909e-11
354	5.50008e-11
355	5.52104e-11
356	5.54196e-11
357	5.56283e-11
358	5.58367e-11
359	5.60446e-11
360	5.62521e-11
361	5.64592e-11
362	5.66659e-11
363	5.68722e-11
364	5.7078e-11
365	5.72834e-11
366	5.74883e-11
367	5.76928e-11
368	5.78969e-11
369	5.81005e-11
370	5.83037e-11
371	5.85063e-11
372	5.87086e-11
373	5.89103e-11
374	5.91116e-11
375	5.93125e-11
376	5.95128e-11
377	5.97127e-11
378	5.9912e-11
379	6.01109e-11
380	6.03093e-11
381	6.05072e-11
382	6.07046e-11
383	6.09015e-11
384	6.10979e-11
385	6.12937e-11
386	6.14891e-11
387	6.16839e-11
388	6.18783e-11
389	6.20721e-11
390	6.22653e-11
391	6.24581e-11
392	6.26503e-11
393	6.28419e-11
394	6.30331e-11
395	6.32236e-11
396	6.34137e-11
397	6.36032e-11
398	6.37921e-11
399	6.39805e-11
400	6.41683e-11
401	6.43555e-11
402	6.45422e-11
403	6.47283e-11
404	6.49139e-11
405	6.50989e-11
406	6.52832e-11
407	6.54671e-11
408	6.56503e-11
409	6.58329e-11
410	6.6015e-11
411	6.61964e-11
412	6.63773e-11
413	6.65576e-11
414	6.67373e-11
415	6.69163e-11
416	6.70948e-11
417	6.72726e-11
418	6.74499e-11
419	6.76265e-11
420	6.78025e-11
421	6.79779e-11
422	6.81527e-11
423	6.83269e-11
424	6.85004e-11
425	6.86733e-11
426	6.88456e-11
427	6.90172e-11
428	6.91882e-11
429	6.93586e-11
430	6.95283e-11
431	6.96974e-11
432	6.98658e-11
433	7.00336e-11
434	7.02008e-11
435	7.03673e-11
436	7.05331e-11
437	7.06983e-11
438	7.08629e-11
439	7.10267e-11
440	7.119e-11
441	7.13525e-11
442	7.15144e-11
443	7.16756e-11
444	7.18362e-11
445	7.19961e-11
446	7.21553e-11
447	7.23138e-11
448	7.24717e-11
449	7.26289e-11
450	7.27854e-11
451	7.29412e-11
452	7.30963e-11
453	7.32508e-11
454	7.34046e-11
455	7.35577e-11
456	7.37101e-11
457	7.38618e-11
458	7.40128e-11
459	7.41631e-11
460	7.43127e-11
461	7.44616e-11
462	7.46099e-11
463	7.47574e-11
464	7.49042e-11
465	7.50503e-11
466	7.51958e-11
467	7.53405e-11
468	7.54845e-11
469	7.56278e-11
470	7.57704e-11
471	7.59123e-11
472	7.60534e-11
473	7.61939e-11
474	7.63336e-11
475	7.64726e-11
476	7.6611e-11
477	7.67486e-11
478	7.68854e-11
479	7.70216e-11
480	7.7157e-11
481	7.72917e-11
482	7.74257e-11
483	7.7559e-11
484	7.76915e-11
485	7.78233e-11
486	7.79544e-11
487	7.80848e-11
488	7.82144e-11
489	7.83433e-11
490	7.84715e-11
491	7.85989e-11
492	7.87256e-11
493	7.88516e-11
494	7.89769e-11
495	7.91014e-11
496	7.92252e-11
497	7.93482e-11
498	7.94705e-11
499	7.95921e-11
500	7.97129e-11
501	7.9833e-11
502	7.99524e-11
503	8.0071e-11
504	8.01889e-11
505	8.0306e-11
506	8.04224e-11
507	8.05381e-11
508	8.0653e-11
509	8.07672e-11
510	8.08806e-11
511	8.09933e-11
512	8.11052e-11
513	8.12164e-11
514	8.13269e-11
515	8.14366e-11
516	8.15456e-11
517	8.16538e-11
518	8.17613e-11
519	8.1868e-11
520	8.1974e-11
521	8.20793e-11
522	8.21838e-11
523	8.22876e-11
524	8.23906e-11
525	8.24928e-11
526	8.25944e-11
527	8.26951e-11
528	8.27952e-11
529	8.28944e-11
530	8.2993e-11
531	8.30908e-11
532	8.31878e-11
533	8.32841e-11
534	8.33797e-11
535	8.34745e-11
536	8.35685e-11
537	8.36618e-11
538	8.37544e-11
539	8.38462e-11
540	8.39373e-11
541	8.40277e-11
542	8.41172e-11
543	8.42061e-11
544	8.42942e-11
545	8.43815e-11
546	8.44681e-11
547	8.4554e-11
548	8.46391e-11
549	8.47235e-11
550	8.48071e-11
551	8.489e-11
552	8.49722e-11
553	8.50536e-11
554	8.51342e-11
555	8.52142e-11
556	8.52934e-11
557	8.53718e-11
558	8.54495e-11
559	8.55265e-11
560	8.56027e-11
561	8.56782e-11
562	8.57529e-11
563	8.58269e-11
564	8.59002e-11
565	8.59727e-11
566	8.60445e-11
567	8.61156e-11
568	8.61859e-11
569	8.62555e-11
570	8.63244e-11
571	8.63925e-11
572	8.64599e-11
573	8.65266e-11
574	8.65925e-11
575	8.66577e-11
576	8.67222e-11
577	8.67859e-11
578	8.68489e-11
579	8.69112e-11
580	8.69728e-11
581	8.70336e-11
582	8.70937e-11
583	8.71531e-11
584	8.72118e-11
585	8.72697e-11
586	8.73269e-11
587	8.73834e-11
588	8.74392e-11
589	8.74943e-11
590	8.75486e-11
591	8.76022e-11
592	8.76551e-11
593	8.77073e-11
594	8.77588e-11
595	8.78095e-11
596	8.78596e-11
597	8.79089e-11
598	8.79575e-11
599	8.80055e-11
600	8.80527e-11
601	8.80992e-11
602	8.81449e-11
603	8.819e-11
604	8.82344e-11
605	8.82781e-11
606	8.83211e-11
607	8.83633e-11
608	8.84049e-11
609	8.84458e-11
610	8.84859e-11
611	8.85254e-11
612	8.85642e-11
613	8.86023e-11
614	8.86397e-11
615	8.86764e-11
616	8.87124e-11
617	8.87477e-11
618	8.87823e-11
619	8.88163e-11
620	8.88495e-11
621	8.88821e-11
622	8.8914e-11
623	8.89452e-11
624	8.89757e-11
625	8.90055e-11
626	8.90347e-11
627	8.90632e-11
628	8.9091e-11
629	8.91181e-11
630	8.91446e-11
631	8.91704e-11
632	8.91955e-11
633	8.92199e-11
634	8.92437e-11
635	8.92668e-11
636	8.92892e-11
637	8.9311e-11
638	8.93321e-11
639	8.93526e-11
640	8.93724e-11
641	8.93915e-11
642	8.941e-11
643	8.94278e-11
644	8.9445e-11
645	8.94615e-11
646	8.94774e-11
647	8.94926e-11
648	8.95071e-11
649	8.9521e-11
650	8.95343e-11
651	8.95469e-11
652	8.95589e-11
653	8.95703e-11
654	8.9581e-11
655	8.9591e-11
656	8.96005e-11
657	8.96093e-11
658	8.96174e-11
659	8.96249e-11
660	8.96318e-11
661	8.96381e-11
662	8.96437e-11
663	8.96488e-11
664	8.96531e-11
665	8.96569e-11
666	8.96601e-11
667	8.96626e-11
668	8.96645e-11
669	8.96658e-11
670	8.96665e-11
671	8.96665e-11
672	8.9666e-11
673	8.96648e-11
674	8.96631e-11
675	8.96607e-11
676	8.96577e-11
677	8.96541e-11
678	8.96499e-11
679	8.96452e-11
680	8.96398e-11
681	8.96338e-11
682	8.96272e-11
683	8.96201e-11
684	8.96123e-11
685	8.9604e-11
686	8.9595e-11
687	8.95855e-11
688	8.95754e-11
689	8.95647e-11
690	8.95535e-11
691	8.95416e-11
692	8.95292e-11
693	8.95162e-11
694	8.95026e-11
695	8.94884e-11
696	8.94737e-11
697	8.94584e-11
698	8.94426e-11
699	8.94262e-11
700	8.94092e-11
701	8.93916e-11
702	8.93735e-11
703	8.93548e-11
704	8.93356e-11
705	8.93158e-11
706	8.92955e-11
707	8.92746e-11
708	8.92532e-11
709	8.92312e-11
710	8.92087e-11
711	8.91856e-11
712	8.9162e-11
713	8.91378e-11
714	8.91132e-11
715	8.90879e-11
716	8.90622e-11
717	8.90359e-11
718	8.9009e-11
719	8.89817e-11
720	8.89538e-11
721	8.89254e-11
722	8.88964e-11
723	8.8867e-11
724	8.8837e-11
725	8.88065e-11
726	8.87755e-11
727	8.87439e-11
728	8.87119e-11
729	8.86793e-11
730	8.86463e-11
731	8.86127e-11
732	8.85786e-11
733	8.8544e-11
734	8.8509e-11
735	8.84734e-11
736	8.84373e-11
737	8.84007e-11
738	8.83636e-11
739	8.83261e-11
740	8.8288e-11
741	8.82495e-11
742	8.82104e-11
743	8.81709e-11
744	8.81309e-11
745	8.80904e-11
746	8.80495e-11
747	8.8008e-11
748	8.79661e-11
749	8.79237e-11
750	8.78809e-11
751	8.78375e-11
752	8.77937e-11
753	8.77495e-11
754	8.77047e-11
755	8.76595e-11
756	8.76139e-11
757	8.75678e-11
758	8.75212e-11
759	8.74742e-11
760	8.74267e-11
761	8.73788e-11
762	8.73304e-11
763	8.72816e-11
764	8.72323e-11
765	8.71826e-11
766	8.71324e-11
767	8.70818e-11
768	8.70308e-11
769	8.69793e-11
770	8.69274e-11
771	8.6875e-11
772	8.68223e-11
773	8.67691e-11
774	8.67155e-11
775	8.66614e-11
776	8.66069e-11
777	8.6552e-11
778	8.64967e-11
779	8.6441e-11
780	8.63848e-11
781	8.63283e-11
782	8.62713e-11
783	8.62139e-11
784	8.61562e-11
785	8.6098e-11
786	8.60394e-11
787	8.59804e-11
788	8.5921e-11
789	8.58612e-11
790	8.5801e-11
791	8.57404e-11
792	8.56794e-11
793	8.5618e-11
794	8.55563e-11
795	8.54941e-11
796	8.54316e-11
797	8.53687e-11
798	8.53054e-11
799	8.52417e-11
800	8.51776e-11
801	8.51132e-11
802	8.50484e-11
803	8.49832e-11
804	8.49177e-11
805	8.48518e-11
806	8.47855e-11
807	8.47188e-11
808	8.46518e-11
809	8.45845e-11
810	8.45167e-11
811	8.44486e-11
812	8.43802e-11
813	8.43114e-11
814	8.42423e-11
815	8.41728e-11
816	8.41029e-11
817	8.40327e-11
818	8.39622e-11
819	8.38913e-11
820	8.38201e-11
821	8.37486e-11
822	8.36767e-11
823	8.36044e-11
824	8.35319e-11
825	8.3459e-11
826	8.33858e-11
827	8.33122e-11
828	8.32384e-11
829	8.31642e-11
830	8.30896e-11
831	8.30148e-11
832	8.29397e-11
833	8.28642e-11
834	8.27884e-11
835	8.27123e-11
836	8.26359e-11
837	8.25592e-11
838	8.24821e-11
839	8.24048e-11
840	8.23272e-11
841	8.22492e-11
842	8.2171e-11
843	8.20925e-11
844	8.20136e-11
845	8.19345e-11
846	8.18551e-11
847	8.17754e-11
848	8.16954e-11
849	8.16151e-11
850	8.15345e-11
851	8.14536e-11
852	8.13725e-11
853	8.12911e-11
854	8.12094e-11
855	8.11274e-11
856	8.10451e-11
857	8.09626e-11
858	8.08798e-11
859	8.07967e-11
860	8.07134e-11
861	8.06298e-11
862	8.05459e-11
863	8.04618e-11
864	8.03774e-11
865	8.02927e-11
866	8.02078e-11
867	8.01227e-11
868	8.00372e-11
869	7.99516e-11
870	7.98656e-11
871	7.97795e-11
872	7.9693e-11
873	7.96064e-11
874	7.95195e-11
875	7.94323e-11
876	7.93449e-11
877	7.92573e-11
878	7.91694e-11
879	7.90813e-11
880	7.8993e-11
881	7.89044e-11
882	7.88156e-11
883	7.87266e-11
884	7.86373e-11
885	7.85478e-11
886	7.84581e-11
887	7.83682e-11
888	7.8278e-11
889	7.81877e-11
890	7.80971e-11
891	7.80063e-11
892	7.79153e-11
893	7.7824e-11
894	7.77326e-11
895	7.7641e-11
896	7.75491e-11
897	7.74571e-11
898	7.73648e-11
899	7.72723e-11
900	7.71797e-11
901	7.70868e-11
902	7.69937e-11
903	7.69005e-11
904	7.6807e-11
905	7.67134e-11
906	7.66195e-11
907	7.65255e-11
908	7.64313e-11
909	7.63369e-11
910	7.62423e-11
911	7.61475e-11
912	7.60526e-11
913	7.59574e-11
914	7.58621e-11
915	7.57667e-11
916	7.5671e-11
917	7.55752e-11
918	7.54791e-11
919	7.5383e-11
920	7.52866e-11
921	7.51901e-11
922	7.50934e-11
923	7.49966e-11
924	7.48996e-11
925	7.48024e-11
926	7.47051e-11
927	7.46076e-11
928	7.45099e-11
929	7.44121e-11
930	7.43142e-11
931	7.42161e-11
932	7.41178e-11
933	7.40194e-11
934	7.39208e-11
935	7.38221e-11
936	7.37233e-11
937	7.36243e-11
938	7.35252e-11
939	7.34259e-11
940	7.33265e-11
941	7.32269e-11
942	7.31272e-11
943	7.30274e-11
944	7.29275e-11
945	7.28274e-11
946	7.27271e-11
947	7.26268e-11
948	7.25263e-11
949	7.24257e-11
950	7.2325e-11
951	7.22242e-11
952	7.21232e-11
953	7.20221e-11
954	7.19209e-11
955	7.18196e-11
956	7.17181e-11
957	7.16165e-11
958	7.15149e-11
959	7.14131e-11
960	7.13112e-11
961	7.12092e-11
962	7.11071e-11
963	7.10049e-11
964	7.09025e-11
965	7.08001e-11
966	7.06976e-11
967	7.05949e-11
968	7.04922e-11
969	7.03894e-11
970	7.02864e-11
971	7.01834e-11
972	7.00803e-11
973	6.99771e-11
974	6.98738e-11
975	6.97704e-11
976	6.96669e-11
977	6.95633e-11
978	6.94597e-11
979	6.93559e-11
980	6.92521e-11
981	6.91482e-11
982	6.90442e-11
983	6.89401e-11
984	6.8836e-11
985	6.87318e-11
986	6.86274e-11
987	6.85231e-11
988	6.84186e-11
989	6.83141e-11
990	6.82095e-11
991	6.81048e-11
992	6.80001e-11
993	6.78953e-11
994	6.77904e-11
995	6.76855e-11
996	6.75805e-11
997	6.74754e-11
998	6.73703e-11
999	6.72651e-11
1000	6.71599e-11
1001	6.70546e-11
1002	6.69492e-11
1003	6.68438e-11
1004	6.67383e-11
1005	6.66328e-11
1006	6.65272e-11
1007	6.64216e-11
1008	6.63159e-11
1009	6.62102e-11
1010	6.61044e-11
1011	6.59986e-11
1012	6.58928e-11
1013	6.57868e-11
1014	6.56809e-11
1015	6.55749e-11
1016	6.54689e-11
1017	6.53628e-11
1018	6.52567e-11
1019	6.51506e-11
1020	6.50444e-11
1021	6.49382e-11
1022	6.48319e-11
1023	6.47256e-11
1024	6.46193e-11
1025	6.4513e-11
1026	6.44066e-11
1027	6.43002e-11
1028	6.41938e-11
1029	6.40873e-11
1030	6.39809e-11
1031	6.38744e-11
1032	6.37678e-11
1033	6.36613e-11
1034	6.35547e-11
1035	6.34482e-11
1036	6.33415e-11
1037	6.32349e-11
1038	6.31283e-11
1039	6.30216e-11
1040	6.2915e-11
1041	6.28083e-11
1042	6.27016e-11
1043	6.25949e-11
1044	6.24882e-11
1045	6.23815e-11
1046	6.22747e-11
1047	6.2168e-11
1048	6.20612e-11
1049	6.19545e-11
1050	6.18477e-11
1051	6.1741e-11
1052	6.16342e-11
1053	6.15274e-11
1054	6.14207e-11
1055	6.13139e-11
1056	6.12072e-11
1057	6.11004e-11
1058	6.09937e-11
1059	6.08869e-11
1060	6.07802e-11
1061	6.06734e-11
1062	6.05667e-11
1063	6.046e-11
1064	6.03533e-11
1065	6.02465e-11
1066	6.01399e-11
1067	6.00332e-11
1068	5.99265e-11
1069	5.98199e-11
1070	5.97132e-11
1071	5.96066e-11
1072	5.95e-11
1073	5.93934e-11
1074	5.92868e-11
1075	5.91803e-11
1076	5.90737e-11
1077	5.89672e-11
1078	5.88607e-11
1079	5.87543e-11
1080	5.86478e-11
1081	5.85414e-11
1082	5.8435e-11
1083	5.83287e-11
1084	5.82223e-11
1085	5.8116e-11
1086	5.80097e-11
1087	5.79035e-11
1088	5.77972e-11
1089	5.7691e-11
1090	5.75849e-11
1091	5.74788e-11
1092	5.73727e-11
1093	5.72666e-11
1094	5.71606e-11
1095	5.70546e-11
1096	5.69486e-11
1097	5.68427e-11
1098	5.67368e-11
1099	5.6631e-11
1100	5.65252e-11
1101	5.64195e-11
1102	5.63137e-11
1103	5.62081e-11
1104	5.61024e-11
1105	5.59969e-11
1106	5.58913e-11
1107	5.57858e-11
1108	5.56804e-11
1109	5.5575e-11
1110	5.54696e-11
1111	5.53643e-11
1112	5.52591e-11
1113	5.51538e-11
1114	5.50487e-11
1115	5.49436e-11
1116	5.48385e-11
1117	5.47335e-11
1118	5.46286e-11
1119	5.45237e-11
1120	5.44189e-11
1121	5.43141e-11
1122	5.42093e-11
1123	5.41047e-11
1124	5.40001e-11
1125	5.38955e-11
1126	5.3791e-11
1127	5.36866e-11
1128	5.35822e-11
1129	5.34779e-11
1130	5.33736e-11
1131	5.32695e-11
1132	5.31653e-11
1133	5.30613e-11
1134	5.29573e-11
1135	5.28533e-11
1136	5.27495e-11
1137	5.26457e-11
1138	5.25419e-11
1139	5.24383e-11
1140	5.23347e-11
1141	5.22311e-11
1142	5.21277e-11
1143	5.20243e-11
1144	5.1921e-11
1145	5.18177e-11
1146	5.17145e-11
1147	5.16114e-11
1148	5.15084e-11
1149	5.14055e-11
1150	5.13026e-11
1151	5.11998e-11
1152	5.1097e-11
1153	5.09944e-11
1154	5.08918e-11
1155	5.07893e-11
1156	5.06869e-11
1157	5.05845e-11
1158	5.04823e-11
1159	5.03801e-11
1160	5.0278e-11
1161	5.0176e-11
1162	5.0074e-11
1163	4.99721e-11
1164	4.98704e-11
1165	4.97687e-11
1166	4.96671e-11
1167	4.95655e-11
1168	4.94641e-11
1169	4.93627e-11
1170	4.92614e-11
1171	4.91603e-11
1172	4.90592e-11
1173	4.89581e-11
1174	4.88572e-11
1175	4.87564e-11
1176	4.86556e-11
1177	4.8555e-11
1178	4.84544e-11
1179	4.83539e-11
1180	4.82535e-11
1181	4.81532e-11
1182	4.8053e-11
1183	4.79529e-11
1184	4.78529e-11
1185	4.77529e-11
1186	4.76531e-11
1187	4.75533e-11
1188	4.74537e-11
1189	4.73541e-11
1190	4.72547e-11
1191	4.71553e-11
1192	4.70561e-11
1193	4.69569e-11
1194	4.68578e-11
1195	4.67588e-11
1196	4.666e-11
1197	4.65612e-11
1198	4.64625e-11
1199	4.63639e-11
1200	4.62654e-11
1201	4.61671e-11
1202	4.60688e-11
1203	4.59706e-11
1204	4.58725e-11
1205	4.57745e-11
1206	4.56767e-11
1207	4.55789e-11
1208	4.54812e-11
1209	4.53837e-11
1210	4.52862e-11
1211	4.51889e-11
1212	4.50916e-11
1213	4.49945e-11
1214	4.48974e-11
1215	4.48005e-11
1216	4.47037e-11
1217	4.46069e-11
1218	4.45103e-11
1219	4.44138e-11
1220	4.43174e-11
1221	4.42211e-11
1222	4.41249e-11
1223	4.40289e-11
1224	4.39329e-11
1225	4.3837e-11
1226	4.37413e-11
1227	4.36457e-11
1228	4.35501e-11
1229	4.34547e-11
1230	4.33594e-11
1231	4.32642e-11
1232	4.31692e-11
1233	4.30742e-11
1234	4.29793e-11
1235	4.28846e-11
1236	4.279e-11
1237	4.26955e-11
1238	4.26011e-11
1239	4.25068e-11
1240	4.24126e-11
1241	4.23185e-11
1242	4.22246e-11
1243	4.21308e-11
1244	4.20371e-11
1245	4.19435e-11
1246	4.185e-11
1247	4.17566e-11
1248	4.16634e-11
1249	4.15702e-11
1250	4.14772e-11
1251	4.13843e-11
1252	4.12916e-11
1253	4.11989e-11
1254	4.11064e-11
1255	4.1014e-11
1256	4.09217e-11
1257	4.08295e-11
1258	4.07374e-11
1259	4.06455e-11
1260	4.05536e-11
1261	4.04619e-11
1262	4.03704e-11
1263	4.02789e-11
1264	4.01876e-11
1265	4.00964e-11
1266	4.00053e-11
1267	3.99143e-11
1268	3.98234e-11
1269	3.97327e-11
1270	3.96421e-11
1271	3.95516e-11
1272	3.94613e-11
1273	3.9371e-11
1274	3.92809e-11
1275	3.91909e-11
1276	3.9101e-11
1277	3.90113e-11
1278	3.89217e-11
1279	3.88322e-11
1280	3.87428e-11
1281	3.86536e-11
1282	3.85645e-11
1283	3.84755e-11
1284	3.83866e-11
1285	3.82979e-11
1286	3.82093e-11
1287	3.81208e-11
1288	3.80324e-11
1289	3.79442e-11
1290	3.78561e-11
1291	3.77681e-11
1292	3.76802e-11
1293	3.75925e-11
1294	3.75049e-11
1295	3.74174e-11
1296	3.73301e-11
1297	3.72429e-11
1298	3.71558e-11
1299	3.70688e-11
1300	3.6982e-11
1301	3.68953e-11
1302	3.68087e-11
1303	3.67223e-11
1304	3.66359e-11
1305	3.65497e-11
1306	3.64637e-11
1307	3.63778e-11
1308	3.6292e-11
1309	3.62063e-11
1310	3.61208e-11
1311	3.60353e-11
1312	3.59501e-11
1313	3.58649e-11
1314	3.57799e-11
1315	3.5695e-11
1316	3.56103e-11
1317	3.55256e-11
1318	3.54411e-11
1319	3.53568e-11
1320	3.52726e-11
1321	3.51885e-11
1322	3.51045e-11
1323	3.50206e-11
1324	3.49369e-11
1325	3.48534e-11
1326	3.47699e-11
1327	3.46866e-11
1328	3.46034e-11
1329	3.45204e-11
1330	3.44375e-11
1331	3.43547e-11
1332	3.42721e-11
1333	3.41896e-11
1334	3.41072e-11
1335	3.40249e-11
1336	3.39428e-11
1337	3.38608e-11
1338	3.3779e-11
1339	3.36973e-11
1340	3.36157e-11
1341	3.35342e-11
1342	3.34529e-11
1343	3.33717e-11
1344	3.32907e-11
1345	3.32098e-11
1346	3.3129e-11
1347	3.30483e-11
1348	3.29678e-11
1349	3.28875e-11
1350	3.28072e-11
1351	3.27271e-11
1352	3.26471e-11
1353	3.25673e-11
1354	3.24876e-11
1355	3.2408e-11
1356	3.23286e-11
1357	3.22493e-11
1358	3.21701e-11
1359	3.2091e-11
1360	3.20121e-11
1361	3.19334e-11
1362	3.18547e-11
1363	3.17763e-11
1364	3.16979e-11
1365	3.16197e-11
1366	3.15416e-11
1367	3.14636e-11
1368	3.13858e-11
1369	3.13081e-11
1370	3.12306e-11
1371	3.11531e-11
1372	3.10759e-11
1373	3.09987e-11
1374	3.09217e-11
1375	3.08448e-11
1376	3.07681e-11
1377	3.06915e-11
1378	3.0615e-11
1379	3.05387e-11
1380	3.04625e-11
1381	3.03864e-11
1382	3.03105e-11
1383	3.02347e-11
1384	3.0159e-11
1385	3.00835e-11
1386	3.00081e-11
1387	2.99328e-11
1388	2.98577e-11
1389	2.97827e-11
1390	2.97079e-11
1391	2.96332e-11
1392	2.95586e-11
1393	2.94842e-11
1394	2.94099e-11
1395	2.93357e-11
1396	2.92617e-11
1397	2.91878e-11
1398	2.9114e-11
1399	2.90404e-11
1400	2.89669e-11
1401	2.88935e-11
1402	2.88203e-11
1403	2.87472e-11
1404	2.86742e-11
1405	2.86014e-11
1406	2.85287e-11
1407	2.84562e-11
1408	2.83838e-11
1409	2.83115e-11
1410	2.82394e-11
1411	2.81673e-11
1412	2.80955e-11
1413	2.80237e-11
1414	2.79521e-11
1415	2.78807e-11
1416	2.78093e-11
1417	2.77381e-11
1418	2.76671e-11
1419	2.75961e-11
1420	2.75253e-11
1421	2.74547e-11
1422	2.73842e-11
1423	2.73138e-11
1424	2.72435e-11
1425	2.71734e-11
1426	2.71034e-11
1427	2.70336e-11
1428	2.69638e-11
1429	2.68943e-11
1430	2.68248e-11
1431	2.67555e-11
1432	2.66863e-11
1433	2.66173e-11
1434	2.65484e-11
1435	2.64796e-11
1436	2.64109e-11
1437	2.63424e-11
1438	2.6274e-11
1439	2.62058e-11
1440	2.61377e-11
1441	2.60697e-11
1442	2.60019e-11
1443	2.59342e-11
1444	2.58666e-11
1445	2.57992e-11
1446	2.57318e-11
1447	2.56647e-11
1448	2.55976e-11
1449	2.55307e-11
1450	2.54639e-11
1451	2.53973e-11
1452	2.53308e-11
1453	2.52644e-11
1454	2.51982e-11
1455	2.51321e-11
1456	2.50661e-11
1457	2.50002e-11
1458	2.49345e-11
1459	2.48689e-11
1460	2.48035e-11
1461	2.47382e-11
1462	2.4673e-11
1463	2.46079e-11
1464	2.4543e-11
1465	2.44782e-11
1466	2.44136e-11
1467	2.4349e-11
1468	2.42847e-11
1469	2.42204e-11
1470	2.41563e-11
1471	2.40923e-11
1472	2.40284e-11
1473	2.39647e-11
1474	2.39011e-11
1475	2.38376e-11
1476	2.37742e-11
1477	2.3711e-11
1478	2.36479e-11
1479	2.3585e-11
1480	2.35222e-11
1481	2.34595e-11
1482	2.33969e-11
1483	2.33345e-11
1484	2.32722e-11
1485	2.321e-11
1486	2.3148e-11
1487	2.30861e-11
1488	2.30243e-11
1489	2.29626e-11
1490	2.29011e-11
1491	2.28397e-11
1492	2.27784e-11
1493	2.27173e-11
1494	2.26563e-11
1495	2.25954e-11
1496	2.25347e-11
1497	2.2474e-11
1498	2.24136e-11
1499	2.23532e-11
1500	2.2293e-11
1501	2.22329e-11
1502	2.21729e-11
1503	2.2113e-11
1504	2.20533e-11
1505	2.19937e-11
1506	2.19342e-11
1507	2.18749e-11
1508	2.18157e-11
1509	2.17566e-11
1510	2.16976e-11
1511	2.16388e-11
1512	2.15801e-11
1513	2.15215e-11
1514	2.14631e-11
1515	2.14047e-11
1516	2.13465e-11
1517	2.12885e-11
1518	2.12305e-11
1519	2.11727e-11
1520	2.1115e-11
1521	2.10574e-11
1522	2.1e-11
1523	2.09427e-11
1524	2.08855e-11
1525	2.08284e-11
1526	2.07715e-11
1527	2.07147e-11
1528	2.0658e-11
1529	2.06014e-11
1530	2.0545e-11
1531	2.04886e-11
1532	2.04324e-11
1533	2.03764e-11
1534	2.03204e-11
1535	2.02646e-11
1536	2.02089e-11
1537	2.01533e-11
1538	2.00979e-11
1539	2.00425e-11
1540	1.99873e-11
1541	1.99323e-11
1542	1.98773e-11
1543	1.98225e-11
1544	1.97677e-11
1545	1.97132e-11
1546	1.96587e-11
1547	1.96043e-11
1548	1.95501e-11
1549	1.9496e-11
1550	1.9442e-11
1551	1.93882e-11
1552	1.93344e-11
1553	1.92808e-11
1554	1.92273e-11
1555	1.91739e-11
1556	1.91207e-11
1557	1.90675e-11
1558	1.90145e-11
1559	1.89616e-11
1560	1.89089e-11
1561	1.88562e-11
1562	1.88037e-11
1563	1.87513e-11
1564	1.8699e-11
1565	1.86468e-11
1566	1.85947e-11
1567	1.85428e-11
1568	1.8491e-11
1569	1.84393e-11
1570	1.83877e-11
1571	1.83362e-11
1572	1.82849e-11
1573	1.82337e-11
1574	1.81826e-11
1575	1.81316e-11
1576	1.80807e-11
1577	1.803e-11
1578	1.79793e-11
1579	1.79288e-11
1580	1.78784e-11
1581	1.78281e-11
1582	1.77779e-11
1583	1.77279e-11
1584	1.7678e-11
1585	1.76281e-11
1586	1.75784e-11
1587	1.75289e-11
1588	1.74794e-11
1589	1.743e-11
1590	1.73808e-11
1591	1.73317e-11
1592	1.72827e-11
1593	1.72338e-11
1594	1.7185e-11
1595	1.71363e-11
1596	1.70878e-11
1597	1.70393e-11
1598	1.6991e-11
1599	1.69428e-11
1600	1.68947e-11
1601	1.68467e-11
1602	1.67989e-11
1603	1.67511e-11
1604	1.67035e-11
1605	1.66559e-11
1606	1.66085e-11
1607	1.65612e-11
1608	1.6514e-11
1609	1.6467e-11
1610	1.642e-11
1611	1.63732e-11
1612	1.63264e-11
1613	1.62798e-11
1614	1.62333e-11
1615	1.61869e-11
1616	1.61406e-11
1617	1.60944e-11
1618	1.60483e-11
1619	1.60024e-11
1620	1.59565e-11
1621	1.59108e-11
1622	1.58651e-11
1623	1.58196e-11
1624	1.57742e-11
1625	1.57289e-11
1626	1.56837e-11
1627	1.56386e-11
1628	1.55937e-11
1629	1.55488e-11
1630	1.5504e-11
1631	1.54594e-11
1632	1.54149e-11
1633	1.53704e-11
1634	1.53261e-11
1635	1.52819e-11
1636	1.52378e-11
1637	1.51938e-11
1638	1.51499e-11
1639	1.51061e-11
1640	1.50624e-11
1641	1.50189e-11
1642	1.49754e-11
1643	1.49321e-11
1644	1.48888e-11
1645	1.48457e-11
1646	1.48026e-11
1647	1.47597e-11
1648	1.47169e-11
1649	1.46742e-11
1650	1.46315e-11
1651	1.4589e-11
1652	1.45466e-11
1653	1.45043e-11
1654	1.44621e-11
1655	1.442e-11
1656	1.43781e-11
1657	1.43362e-11
1658	1.42944e-11
1659	1.42527e-11
1660	1.42111e-11
1661	1.41697e-11
1662	1.41283e-11
1663	1.40871e-11
1664	1.40459e-11
1665	1.40048e-11
1666	1.39639e-11
1667	1.3923e-11
1668	1.38823e-11
1669	1.38416e-11
1670	1.38011e-11
1671	1.37607e-11
1672	1.37203e-11
1673	1.36801e-11
1674	1.36399e-11
1675	1.35999e-11
1676	1.356e-11
1677	1.35201e-11
1678	1.34804e-11
1679	1.34408e-11
1680	1.34012e-11
1681	1.33618e-11
1682	1.33224e-11
1683	1.32832e-11
1684	1.32441e-11
1685	1.3205e-11
1686	1.31661e-11
1687	1.31273e-11
1688	1.30885e-11
1689	1.30499e-11
1690	1.30113e-11
1691	1.29729e-11
1692	1.29345e-11
1693	1.28963e-11
1694	1.28581e-11
1695	1.28201e-11
1696	1.27821e-11
1697	1.27442e-11
1698	1.27065e-11
1699	1.26688e-11
1700	1.26312e-11
1701	1.25938e-11
1702	1.25564e-11
1703	1.25191e-11
1704	1.24819e-11
1705	1.24448e-11
1706	1.24078e-11
1707	1.23709e-11
1708	1.23341e-11
1709	1.22974e-11
1710	1.22608e-11
1711	1.22243e-11
1712	1.21878e-11
1713	1.21515e-11
1714	1.21152e-11
1715	1.20791e-11
1716	1.2043e-11
1717	1.20071e-11
1718	1.19712e-11
1719	1.19354e-11
1720	1.18998e-11
1721	1.18642e-11
1722	1.18287e-11
1723	1.17933e-11
1724	1.1758e-11
1725	1.17228e-11
1726	1.16876e-11
1727	1.16526e-11
1728	1.16177e-11
1729	1.15828e-11
1730	1.1548e-11
1731	1.15134e-11
1732	1.14788e-11
1733	1.14443e-11
1734	1.14099e-11
1735	1.13756e-11
1736	1.13414e-11
1737	1.13072e-11
1738	1.12732e-11
1739	1.12393e-11
1740	1.12054e-11
1741	1.11716e-11
1742	1.1138e-11
1743	1.11044e-11
1744	1.10709e-11
1745	1.10374e-11
1746	1.10041e-11
1747	1.09709e-11
1748	1.09377e-11
1749	1.09047e-11
1750	1.08717e-11
1751	1.08388e-11
1752	1.0806e-11
1753	1.07733e-11
1754	1.07407e-11
1755	1.07081e-11
1756	1.06757e-11
1757	1.06433e-11
1758	1.0611e-11
1759	1.05788e-11
1760	1.05467e-11
1761	1.05147e-11
1762	1.04828e-11
1763	1.04509e-11
1764	1.04191e-11
1765	1.03875e-11
1766	1.03559e-11
1767	1.03243e-11
1768	1.02929e-11
1769	1.02616e-11
1770	1.02303e-11
1771	1.01991e-11
1772	1.0168e-11
1773	1.0137e-11
1774	1.01061e-11
1775	1.00753e-11
1776	1.00445e-11
1777	1.00138e-11
1778	9.98323e-12
1779	9.95272e-12
1780	9.92229e-12
1781	9.89195e-12
1782	9.86168e-12
1783	9.8315e-12
1784	9.8014e-12
1785	9.77138e-12
1786	9.74144e-12
1787	9.71158e-12
1788	9.68181e-12
1789	9.65211e-12
1790	9.6225e-12
1791	9.59296e-12
1792	9.56351e-12
1793	9.53413e-12
1794	9.50484e-12
1795	9.47563e-12
1796	9.44649e-12
1797	9.41744e-12
1798	9.38846e-12
1799	9.35956e-12
1800	9.33075e-12
1801	9.30201e-12
1802	9.27335e-12
1803	9.24477e-12
1804	9.21626e-12
1805	9.18784e-12
1806	9.15949e-12
1807	9.13122e-12
1808	9.10303e-12
1809	9.07491e-12
1810	9.04687e-12
1811	9.01891e-12
1812	8.99103e-12
1813	8.96322e-12
1814	8.93549e-12
1815	8.90784e-12
1816	8.88026e-12
1817	8.85276e-12
1818	8.82533e-12
1819	8.79798e-12
1820	8.7707e-12
1821	8.74351e-12
1822	8.71638e-12
1823	8.68933e-12
1824	8.66236e-12
1825	8.63546e-12
1826	8.60863e-12
1827	8.58188e-12
1828	8.55521e-12
1829	8.5286e-12
1830	8.50207e-12
1831	8.47562e-12
1832	8.44924e-12
1833	8.42293e-12
1834	8.3967e-12
1835	8.37053e-12
1836	8.34445e-12
1837	8.31843e-12
1838	8.29249e-12
1839	8.26662e-12
1840	8.24082e-12
1841	8.21509e-12
1842	8.18944e-12
1843	8.16385e-12
1844	8.13834e-12
1845	8.1129e-12
1846	8.08753e-12
1847	8.06223e-12
1848	8.03701e-12
1849	8.01185e-12
1850	7.98677e-12
1851	7.96175e-12
1852	7.93681e-12
1853	7.91193e-12
1854	7.88713e-12
1855	7.86239e-12
1856	7.83773e-12
1857	7.81313e-12
1858	7.78861e-12
1859	7.76415e-12
1860	7.73976e-12
1861	7.71544e-12
1862	7.69119e-12
1863	7.66701e-12
1864	7.6429e-12
1865	7.61885e-12
1866	7.59488e-12
1867	7.57097e-12
1868	7.54712e-12
1869	7.52335e-12
1870	7.49964e-12
1871	7.476e-12
1872	7.45243e-12
1873	7.42893e-12
1874	7.40549e-12
1875	7.38212e-12
1876	7.35881e-12
1877	7.33557e-12
1878	7.3124e-12
1879	7.28929e-12
1880	7.26625e-12
1881	7.24328e-12
1882	7.22037e-12
1883	7.19752e-12
1884	7.17474e-12
1885	7.15203e-12
1886	7.12938e-12
1887	7.1068e-12
1888	7.08428e-12
1889	7.06182e-12
1890	7.03943e-12
1891	7.0171e-12
1892	6.99484e-12
1893	6.97264e-12
1894	6.95051e-12
1895	6.92844e-12
1896	6.90643e-12
1897	6.88448e-12
1898	6.8626e-12
1899	6.84078e-12
1900	6.81903e-12
1901	6.79733e-12
1902	6.7757e-12
1903	6.75413e-12
1904	6.73263e-12
1905	6.71118e-12
1906	6.6898e-12
1907	6.66848e-12
1908	6.64722e-12
1909	6.62602e-12
1910	6.60489e-12
1911	6.58381e-12
1912	6.5628e-12
1913	6.54184e-12
1914	6.52095e-12
1915	6.50012e-12
1916	6.47935e-12
1917	6.45863e-12
1918	6.43798e-12
1919	6.41739e-12
1920	6.39686e-12
1921	6.37639e-12
1922	6.35598e-12
1923	6.33562e-12
1924	6.31533e-12
1925	6.29509e-12
1926	6.27492e-12
1927	6.2548e-12
1928	6.23474e-12
1929	6.21474e-12
1930	6.1948e-12
1931	6.17492e-12
1932	6.15509e-12
1933	6.13533e-12
1934	6.11562e-12
1935	6.09597e-12
1936	6.07637e-12
1937	6.05683e-12
1938	6.03735e-12
1939	6.01793e-12
1940	5.99857e-12
1941	5.97926e-12
1942	5.96001e-12
1943	5.94081e-12
1944	5.92167e-12
1945	5.90259e-12
1946	5.88356e-12
1947	5.86459e-12
1948	5.84567e-12
1949	5.82681e-12
1950	5.80801e-12
1951	5.78926e-12
1952	5.77057e-12
1953	5.75193e-12
1954	5.73335e-12
1955	5.71482e-12
1956	5.69634e-12
1957	5.67792e-12
1958	5.65956e-12
1959	5.64125e-12
1960	5.62299e-12
1961	5.60479e-12
1962	5.58664e-12
1963	5.56855e-12
1964	5.55051e-12
1965	5.53252e-12
1966	5.51458e-12
1967	5.4967e-12
1968	5.47887e-12
1969	5.4611e-12
1970	5.44338e-12
1971	5.42571e-12
1972	5.40809e-12
1973	5.39052e-12
1974	5.37301e-12
1975	5.35555e-12
1976	5.33814e-12
1977	5.32079e-12
1978	5.30348e-12
1979	5.28623e-12
1980	5.26903e-12
1981	5.25187e-12
1982	5.23477e-12
1983	5.21773e-12
1984	5.20073e-12
1985	5.18378e-12
1986	5.16689e-12
1987	5.15004e-12
1988	5.13325e-12
1989	5.1165e-12
1990	5.09981e-12
1991	5.08316e-12
1992	5.06657e-12
1993	5.05002e-12
1994	5.03353e-12
1995	5.01708e-12
1996	5.00068e-12
1997	4.98434e-12
1998	4.96804e-12
1999	4.95179e-12
2000	4.93559e-12
2001	4.91944e-12
2002	4.90333e-12
2003	4.88728e-12
2004	4.87127e-12
2005	4.85531e-12
2006	4.8394e-12
2007	4.82354e-12
2008	4.80773e-12
2009	4.79196e-12
2010	4.77624e-12
2011	4.76057e-12
2012	4.74495e-12
2013	4.72937e-12
2014	4.71384e-12
2015	4.69836e-12
2016	4.68292e-12
2017	4.66753e-12
2018	4.65219e-12
2019	4.63689e-12
2020	4.62164e-12
2021	4.60644e-12
2022	4.59128e-12
2023	4.57617e-12
2024	4.5611e-12
2025	4.54608e-12
2026	4.53111e-12
2027	4.51618e-12
2028	4.5013e-12
2029	4.48646e-12
2030	4.47166e-12
2031	4.45692e-12
2032	4.44221e-12
2033	4.42755e-12
2034	4.41294e-12
2035	4.39837e-12
2036	4.38385e-12
2037	4.36937e-12
2038	4.35493e-12
2039	4.34054e-12
2040	4.32619e-12
2041	4.31188e-12
2042	4.29762e-12
2043	4.28341e-12
2044	4.26923e-12
2045	4.2551e-12
2046	4.24102e-12
2047	4.22697e-12
2048	4.21297e-12
2049	4.19901e-12
2050	4.1851e-12
2051	4.17122e-12
2052	4.15739e-12
2053	4.14361e-12
2054	4.12986e-12
2055	4.11616e-12
2056	4.1025e-12
2057	4.08888e-12
2058	4.0753e-12
2059	4.06176e-12
2060	4.04827e-12
2061	4.03482e-12
2062	4.02141e-12
2063	4.00804e-12
2064	3.99471e-12
2065	3.98142e-12
2066	3.96818e-12
2067	3.95497e-12
2068	3.9418e-12
2069	3.92868e-12
2070	3.9156e-12
2071	3.90255e-12
2072	3.88955e-12
2073	3.87659e-12
2074	3.86366e-12
2075	3.85078e-12
2076	3.83794e-12
2077	3.82514e-12
2078	3.81237e-12
2079	3.79965e-12
2080	3.78696e-12
2081	3.77432e-12
2082	3.76171e-12
2083	3.74914e-12
2084	3.73662e-12
2085	3.72413e-12
2086	3.71168e-12
2087	3.69927e-12
2088	3.68689e-12
2089	3.67456e-12
2090	3.66226e-12
2091	3.65e-12
2092	3.63778e-12
2093	3.6256e-12
2094	3.61346e-12
2095	3.60135e-12
2096	3.58928e-12
2097	3.57725e-12
2098	3.56526e-12
2099	3.5533e-12
2100	3.54138e-12
2101	3.5295e-12
2102	3.51766e-12
2103	3.50585e-12
2104	3.49408e-12
2105	3.48234e-12
2106	3.47065e-12
2107	3.45899e-12
2108	3.44736e-12
2109	3.43578e-12
2110	3.42422e-12
2111	3.41271e-12
2112	3.40123e-12
2113	3.38979e-12
2114	3.37838e-12
2115	3.36701e-12
2116	3.35567e-12
2117	3.34437e-12
2118	3.33311e-12
2119	3.32188e-12
2120	3.31068e-12
2121	3.29952e-12
2122	3.2884e-12
2123	3.27731e-12
2124	3.26626e-12
2125	3.25524e-12
2126	3.24425e-12
2127	3.2333e-12
2128	3.22239e-12
2129	3.2115e-12
2130	3.20066e-12
2131	3.18984e-12
2132	3.17907e-12
2133	3.16832e-12
2134	3.15761e-12
2135	3.14693e-12
2136	3.13629e-12
2137	3.12568e-12
2138	3.1151e-12
2139	3.10456e-12
2140	3.09405e-12
2141	3.08358e-12
2142	3.07313e-12
2143	3.06272e-12
2144	3.05235e-12
2145	3.042e-12
2146	3.03169e-12
2147	3.02141e-12
2148	3.01117e-12
2149	3.00095e-12
2150	2.99077e-12
2151	2.98062e-12
2152	2.9705e-12
2153	2.96042e-12
2154	2.95037e-12
2155	2.94035e-12
2156	2.93036e-12
2157	2.9204e-12
2158	2.91047e-12
2159	2.90058e-12
2160	2.89072e-12
2161	2.88089e-12
2162	2.87109e-12
2163	2.86132e-12
2164	2.85158e-12
2165	2.84187e-12
2166	2.8322e-12
2167	2.82255e-12
2168	2.81294e-12
2169	2.80336e-12
2170	2.7938e-12
2171	2.78428e-12
2172	2.77479e-12
2173	2.76533e-12
2174	2.7559e-12
2175	2.7465e-12
2176	2.73713e-12
2177	2.72778e-12
2178	2.71847e-12
2179	2.70919e-12
2180	2.69994e-12
2181	2.69072e-12
2182	2.68153e-12
2183	2.67236e-12
2184	2.66323e-12
2185	2.65412e-12
2186	2.64505e-12
2187	2.636e-12
2188	2.62699e-12
2189	2.618e-12
2190	2.60904e-12
2191	2.60011e-12
2192	2.59121e-12
2193	2.58233e-12
2194	2.57349e-12
2195	2.56467e-12
2196	2.55588e-12
2197	2.54712e-12
2198	2.53839e-12
2199	2.52969e-12
2200	2.52101e-12
2201	2.51237e-12
2202	2.50375e-12
2203	2.49516e-12
2204	2.48659e-12
2205	2.47806e-12
2206	2.46955e-12
2207	2.46107e-12
2208	2.45261e-12
2209	2.44418e-12
2210	2.43579e-12
2211	2.42741e-12
2212	2.41907e-12
2213	2.41075e-12
2214	2.40246e-12
2215	2.39419e-12
2216	2.38596e-12
2217	2.37774e-12
2218	2.36956e-12
2219	2.3614e-12
2220	2.35327e-12
2221	2.34516e-12
2222	2.33708e-12
2223	2.32903e-12
2224	2.32101e-12
2225	2.313e-12
2226	2.30503e-12
2227	2.29708e-12
2228	2.28916e-12
2229	2.28126e-12
2230	2.27339e-12
2231	2.26554e-12
2232	2.25772e-12
2233	2.24993e-12
2234	2.24216e-12
2235	2.23441e-12
2236	2.22669e-12
2237	2.219e-12
2238	2.21133e-12
2239	2.20368e-12
2240	2.19606e-12
2241	2.18847e-12
2242	2.1809e-12
2243	2.17336e-12
2244	2.16583e-12
2245	2.15834e-12
2246	2.15087e-12
2247	2.14342e-12
2248	2.136e-12
2249	2.1286e-12
2250	2.12122e-12
2251	2.11387e-12
2252	2.10655e-12
2253	2.09925e-12
2254	2.09197e-12
2255	2.08471e-12
2256	2.07748e-12
2257	2.07027e-12
2258	2.06309e-12
2259	2.05593e-12
2260	2.04879e-12
2261	2.04168e-12
2262	2.03459e-12
2263	2.02752e-12
2264	2.02048e-12
2265	2.01346e-12
2266	2.00646e-12
2267	1.99949e-12
2268	1.99254e-12
2269	1.98561e-12
2270	1.9787e-12
2271	1.97182e-12
2272	1.96496e-12
2273	1.95812e-12
2274	1.9513e-12
2275	1.94451e-12
2276	1.93774e-12
2277	1.93099e-12
2278	1.92426e-12
2279	1.91756e-12
2280	1.91088e-12
2281	1.90422e-12
2282	1.89758e-12
2283	1.89096e-12
2284	1.88437e-12
2285	1.87779e-12
2286	1.87124e-12
2287	1.86471e-12
2288	1.85821e-12
2289	1.85172e-12
2290	1.84525e-12
2291	1.83881e-12
2292	1.83239e-12
2293	1.82599e-12
2294	1.81961e-12
2295	1.81325e-12
2296	1.80691e-12
2297	1.80059e-12
2298	1.7943e-12
2299	1.78802e-12
2300	1.78177e-12
2301	1.77553e-12
2302	1.76932e-12
2303	1.76313e-12
2304	1.75696e-12
2305	1.7508e-12
2306	1.74467e-12
2307	1.73856e-12
2308	1.73247e-12
2309	1.7264e-12
2310	1.72035e-12
2311	1.71432e-12
2312	1.70831e-12
2313	1.70232e-12
2314	1.69635e-12
2315	1.6904e-12
2316	1.68447e-12
2317	1.67856e-12
2318	1.67267e-12
2319	1.6668e-12
2320	1.66094e-12
2321	1.65511e-12
2322	1.6493e-12
2323	1.6435e-12
2324	1.63773e-12
2325	1.63197e-12
2326	1.62624e-12
2327	1.62052e-12
2328	1.61482e-12
2329	1.60914e-12
2330	1.60348e-12
2331	1.59784e-12
2332	1.59222e-12
2333	1.58662e-12
2334	1.58103e-12
2335	1.57547e-12
2336	1.56992e-12
2337	1.56439e-12
2338	1.55888e-12
2339	1.55339e-12
2340	1.54791e-12
2341	1.54246e-12
2342	1.53702e-12
2343	1.5316e-12
2344	1.5262e-12
2345	1.52082e-12
2346	1.51545e-12
2347	1.51011e-12
2348	1.50478e-12
2349	1.49947e-12
2350	1.49417e-12
2351	1.4889e-12
2352	1.48364e-12
2353	1.4784e-12
2354	1.47318e-12
2355	1.46797e-12
2356	1.46278e-12
2357	1.45761e-12
2358	1.45246e-12
2359	1.44733e-12
2360	1.44221e-12
2361	1.43711e-12
2362	1.43202e-12
2363	1.42696e-12
2364	1.42191e-12
2365	1.41687e-12
2366	1.41186e-12
2367	1.40686e-12
2368	1.40188e-12
2369	1.39691e-12
2370	1.39196e-12
2371	1.38703e-12
2372	1.38211e-12
2373	1.37722e-12
2374	1.37233e-12
2375	1.36747e-12
2376	1.36262e-12
2377	1.35779e-12
2378	1.35297e-12
2379	1.34817e-12
2380	1.34338e-12
2381	1.33862e-12
2382	1.33386e-12
2383	1.32913e-12
2384	1.32441e-12
2385	1.3197e-12
2386	1.31502e-12
2387	1.31034e-12
2388	1.30569e-12
2389	1.30105e-12
2390	1.29642e-12
2391	1.29181e-12
2392	1.28722e-12
2393	1.28264e-12
2394	1.27808e-12
2395	1.27353e-12
2396	1.269e-12
2397	1.26448e-12
2398	1.25998e-12
2399	1.2555e-12
2400	1.25102e-12
2401	1.24657e-12
2402	1.24213e-12
2403	1.2377e-12
2404	1.23329e-12
2405	1.2289e-12
2406	1.22452e-12
2407	1.22015e-12
2408	1.2158e-12
2409	1.21147e-12
2410	1.20714e-12
2411	1.20284e-12
2412	1.19855e-12
2413	1.19427e-12
2414	1.19001e-12
2415	1.18576e-12
2416	1.18152e-12
2417	1.17731e-12
2418	1.1731e-12
2419	1.16891e-12
2420	1.16473e-12
2421	1.16057e-12
2422	1.15642e-12
2423	1.15229e-12
2424	1.14817e-12
2425	1.14406e-12
2426	1.13997e-12
2427	1.1359e-12
2428	1.13183e-12
2429	1.12778e-12
2430	1.12375e-12
2431	1.11972e-12
2432	1.11571e-12
2433	1.11172e-12
2434	1.10774e-12
2435	1.10377e-12
2436	1.09982e-12
2437	1.09588e-12
2438	1.09195e-12
2439	1.08804e-12
2440	1.08414e-12
2441	1.08025e-12
2442	1.07638e-12
2443	1.07252e-12
2444	1.06867e-12
2445	1.06484e-12
2446	1.06101e-12
2447	1.05721e-12
2448	1.05341e-12
2449	1.04963e-12
2450	1.04586e-12
2451	1.04211e-12
2452	1.03836e-12
2453	1.03463e-12
2454	1.03092e-12
2455	1.02721e-12
2456	1.02352e-12
2457	1.01984e-12
2458	1.01618e-12
2459	1.01252e-12
2460	1.00888e-12
2461	1.00525e-12
2462	1.00164e-12
2463	9.98032e-13
2464	9.94441e-13
2465	9.90862e-13
2466	9.87295e-13
2467	9.83741e-13
2468	9.80199e-13
2469	9.76669e-13
2470	9.73151e-13
2471	9.69645e-13
2472	9.66151e-13
2473	9.6267e-13
2474	9.592e-13
2475	9.55743e-13
2476	9.52297e-13
2477	9.48863e-13
2478	9.45441e-13
2479	9.42031e-13
2480	9.38633e-13
2481	9.35246e-13
2482	9.31871e-13
2483	9.28508e-13
2484	9.25156e-13
2485	9.21816e-13
2486	9.18487e-13
2487	9.1517e-13
2488	9.11865e-13
2489	9.08571e-13
2490	9.05288e-13
2491	9.02016e-13
2492	8.98756e-13
2493	8.95507e-13
2494	8.9227e-13
2495	8.89043e-13
2496	8.85828e-13
2497	8.82624e-13
2498	8.79431e-13
2499	8.76249e-13
2500	8.73078e-13
2501	8.69919e-13
2502	8.6677e-13
2503	8.63632e-13
2504	8.60504e-13
2505	8.57388e-13
2506	8.54283e-13
2507	8.51188e-13
2508	8.48104e-13
2509	8.45031e-13
2510	8.41968e-13
2511	8.38916e-13
2512	8.35875e-13
2513	8.32844e-13
2514	8.29824e-13
2515	8.26814e-13
2516	8.23815e-13
2517	8.20826e-13
2518	8.17847e-13
2519	8.14879e-13
2520	8.11922e-13
2521	8.08974e-13
2522	8.06037e-13
2523	8.0311e-13
2524	8.00193e-13
2525	7.97286e-13
2526	7.9439e-13
2527	7.91503e-13
2528	7.88627e-13
2529	7.85761e-13
2530	7.82904e-13
2531	7.80058e-13
2532	7.77221e-13
2533	7.74395e-13
2534	7.71578e-13
2535	7.68771e-13
2536	7.65974e-13
2537	7.63187e-13
2538	7.60409e-13
2539	7.57641e-13
2540	7.54883e-13
2541	7.52134e-13
2542	7.49395e-13
2543	7.46666e-13
2544	7.43946e-13
2545	7.41236e-13
2546	7.38535e-13
2547	7.35843e-13
2548	7.33161e-13
2549	7.30489e-13
2550	7.27825e-13
2551	7.25171e-13
2552	7.22527e-13
2553	7.19891e-13
2554	7.17265e-13
2555	7.14648e-13
2556	7.1204e-13
2557	7.09441e-13
2558	7.06852e-13
2559	7.04271e-13
2560	7.017e-13
2561	6.99137e-13
2562	6.96584e-13
2563	6.94039e-13
2564	6.91504e-13
2565	6.88977e-13
2566	6.86459e-13
2567	6.8395e-13
2568	6.8145e-13
2569	6.78959e-13
2570	6.76476e-13
2571	6.74002e-13
2572	6.71537e-13
2573	6.69081e-13
2574	6.66633e-13
2575	6.64194e-13
2576	6.61763e-13
2577	6.59341e-13
2578	6.56927e-13
2579	6.54522e-13
2580	6.52125e-13
2581	6.49737e-13
2582	6.47357e-13
2583	6.44986e-13
2584	6.42622e-13
2585	6.40268e-13
2586	6.37921e-13
2587	6.35583e-13
2588	6.33253e-13
2589	6.30931e-13
2590	6.28618e-13
2591	6.26312e-13
2592	6.24015e-13
2593	6.21726e-13
2594	6.19445e-13
2595	6.17172e-13
2596	6.14906e-13
2597	6.12649e-13
2598	6.104e-13
2599	6.08159e-13
2600	6.05926e-13
2601	6.03701e-13
2602	6.01483e-13
2603	5.99274e-13
2604	5.97072e-13
2605	5.94878e-13
2606	5.92691e-13
2607	5.90513e-13
2608	5.88342e-13
2609	5.86179e-13
2610	5.84023e-13
2611	5.81876e-13
2612	5.79735e-13
2613	5.77603e-13
2614	5.75477e-13
2615	5.7336e-13
2616	5.7125e-13
2617	5.69147e-13
2618	5.67052e-13
2619	5.64964e-13
2620	5.62884e-13
2621	5.60811e-13
2622	5.58745e-13
2623	5.56687e-13
2624	5.54636e-13
2625	5.52592e-13
2626	5.50556e-13
2627	5.48527e-13
2628	5.46504e-13
2629	5.4449e-13
2630	5.42482e-13
2631	5.40481e-13
2632	5.38488e-13
2633	5.36501e-13
2634	5.34522e-13
2635	5.3255e-13
2636	5.30585e-13
2637	5.28626e-13
2638	5.26675e-13
2639	5.24731e-13
2640	5.22793e-13
2641	5.20863e-13
2642	5.18939e-13
2643	5.17022e-13
2644	5.15112e-13
2645	5.13209e-13
2646	5.11312e-13
2647	5.09423e-13
2648	5.0754e-13
2649	5.05663e-13
2650	5.03794e-13
2651	5.01931e-13
2652	5.00075e-13
2653	4.98225e-13
2654	4.96382e-13
2655	4.94545e-13
2656	4.92715e-13
2657	4.90892e-13
2658	4.89075e-13
2659	4.87265e-13
2660	4.85461e-13
2661	4.83663e-13
2662	4.81872e-13
2663	4.80088e-13
2664	4.78309e-13
2665	4.76537e-13
2666	4.74772e-13
2667	4.73012e-13
2668	4.71259e-13
2669	4.69513e-13
2670	4.67772e-13
2671	4.66038e-13
2672	4.6431e-13
2673	4.62588e-13
2674	4.60872e-13
2675	4.59162e-13
2676	4.57459e-13
2677	4.55761e-13
2678	4.5407e-13
2679	4.52385e-13
2680	4.50706e-13
2681	4.49032e-13
2682	4.47365e-13
2683	4.45704e-13
2684	4.44049e-13
2685	4.42399e-13
2686	4.40756e-13
2687	4.39118e-13
2688	4.37487e-13
2689	4.35861e-13
2690	4.34241e-13
2691	4.32627e-13
2692	4.31018e-13
2693	4.29416e-13
2694	4.27819e-13
2695	4.26228e-13
2696	4.24642e-13
2697	4.23063e-13
2698	4.21489e-13
2699	4.1992e-13
2700	4.18358e-13
2701	4.16801e-13
2702	4.15249e-13
2703	4.13703e-13
2704	4.12163e-13
2705	4.10628e-13
2706	4.09098e-13
2707	4.07575e-13
2708	4.06056e-13
2709	4.04543e-13
2710	4.03036e-13
2711	4.01534e-13
2712	4.00037e-13
2713	3.98546e-13
2714	3.9706e-13
2715	3.9558e-13
2716	3.94105e-13
2717	3.92635e-13
2718	3.9117e-13
2719	3.89711e-13
2720	3.88257e-13
2721	3.86808e-13
2722	3.85365e-13
2723	3.83926e-13
2724	3.82493e-13
2725	3.81065e-13
2726	3.79643e-13
2727	3.78225e-13
2728	3.76812e-13
2729	3.75405e-13
2730	3.74003e-13
2731	3.72605e-13
2732	3.71213e-13
2733	3.69826e-13
2734	3.68443e-13
2735	3.67066e-13
2736	3.65694e-13
2737	3.64327e-13
2738	3.62964e-13
2739	3.61607e-13
2740	3.60254e-13
2741	3.58907e-13
2742	3.57564e-13
2743	3.56226e-13
2744	3.54893e-13
2745	3.53565e-13
2746	3.52242e-13
2747	3.50923e-13
2748	3.49609e-13
2749	3.483e-13
2750	3.46996e-13
2751	3.45696e-13
2752	3.44401e-13
2753	3.43111e-13
2754	3.41825e-13
2755	3.40545e-13
2756	3.39268e-13
2757	3.37997e-13
2758	3.3673e-13
2759	3.35467e-13
2760	3.34209e-13
2761	3.32956e-13
2762	3.31708e-13
2763	3.30463e-13
2764	3.29224e-13
2765	3.27989e-13
2766	3.26758e-13
2767	3.25532e-13
2768	3.2431e-13
2769	3.23093e-13
2770	3.2188e-13
2771	3.20671e-13
2772	3.19467e-13
2773	3.18267e-13
2774	3.17072e-13
2775	3.15881e-13
2776	3.14694e-13
2777	3.13512e-13
2778	3.12334e-13
2779	3.1116e-13
2780	3.09991e-13
2781	3.08826e-13
2782	3.07665e-13
2783	3.06508e-13
2784	3.05355e-13
2785	3.04207e-13
2786	3.03063e-13
2787	3.01923e-13
2788	3.00787e-13
2789	2.99655e-13
2790	2.98528e-13
2791	2.97404e-13
2792	2.96285e-13
2793	2.95169e-13
2794	2.94058e-13
2795	2.92951e-13
2796	2.91848e-13
2797	2.90749e-13
2798	2.89654e-13
2799	2.88562e-13
2800	2.87475e-13
2801	2.86392e-13
2802	2.85313e-13
2803	2.84238e-13
2804	2.83166e-13
2805	2.82099e-13
2806	2.81035e-13
2807	2.79976e-13
2808	2.7892e-13
2809	2.77868e-13
2810	2.7682e-13
2811	2.75776e-13
2812	2.74735e-13
2813	2.73699e-13
2814	2.72666e-13
2815	2.71637e-13
2816	2.70612e-13
2817	2.6959e-13
2818	2.68572e-13
2819	2.67558e-13
2820	2.66548e-13
2821	2.65541e-13
2822	2.64538e-13
2823	2.63539e-13
2824	2.62543e-13
2825	2.61551e-13
2826	2.60563e-13
2827	2.59578e-13
2828	2.58597e-13
2829	2.5762e-13
2830	2.56646e-13
2831	2.55675e-13
2832	2.54708e-13
2833	2.53745e-13
2834	2.52785e-13
2835	2.51829e-13
2836	2.50877e-13
2837	2.49927e-13
2838	2.48982e-13
2839	2.48039e-13
2840	2.47101e-13
2841	2.46165e-13
2842	2.45233e-13
2843	2.44305e-13
2844	2.4338e-13
2845	2.42458e-13
2846	2.4154e-13
2847	2.40625e-13
2848	2.39713e-13
2849	2.38805e-13
2850	2.379e-13
2851	2.36999e-13
2852	2.361e-13
2853	2.35206e-13
2854	2.34314e-13
2855	2.33426e-13
2856	2.32541e-13
2857	2.31659e-13
2858	2.3078e-13
2859	2.29905e-13
2860	2.29033e-13
2861	2.28164e-13
2862	2.27298e-13
2863	2.26436e-13
2864	2.25576e-13
2865	2.2472e-13
2866	2.23867e-13
2867	2.23017e-13
2868	2.2217e-13
2869	2.21327e-13
2870	2.20486e-13
2871	2.19649e-13
2872	2.18814e-13
2873	2.17983e-13
2874	2.17155e-13
2875	2.1633e-13
2876	2.15508e-13
2877	2.14689e-13
2878	2.13873e-13
2879	2.1306e-13
2880	2.1225e-13
2881	2.11443e-13
2882	2.10639e-13
2883	2.09838e-13
2884	2.09039e-13
2885	2.08244e-13
2886	2.07452e-13
2887	2.06663e-13
2888	2.05876e-13
2889	2.05093e-13
2890	2.04312e-13
2891	2.03535e-13
2892	2.0276e-13
2893	2.01988e-13
2894	2.01219e-13
2895	2.00453e-13
2896	1.99689e-13
2897	1.98929e-13
2898	1.98171e-13
2899	1.97416e-13
2900	1.96664e-13
2901	1.95914e-13
2902	1.95168e-13
2903	1.94424e-13
2904	1.93683e-13
2905	1.92944e-13
2906	1.92209e-13
2907	1.91476e-13
2908	1.90746e-13
2909	1.90018e-13
2910	1.89293e-13
2911	1.88571e-13
2912	1.87852e-13
2913	1.87135e-13
2914	1.86421e-13
2915	1.8571e-13
2916	1.85001e-13
2917	1.84295e-13
2918	1.83591e-13
2919	1.8289e-13
2920	1.82192e-13
2921	1.81496e-13
2922	1.80803e-13
2923	1.80112e-13
2924	1.79424e-13
2925	1.78739e-13
2926	1.78056e-13
2927	1.77376e-13
2928	1.76698e-13
2929	1.76022e-13
2930	1.7535e-13
2931	1.74679e-13
2932	1.74011e-13
2933	1.73346e-13
2934	1.72683e-13
2935	1.72023e-13
2936	1.71365e-13
2937	1.70709e-13
2938	1.70056e-13
2939	1.69406e-13
2940	1.68757e-13
2941	1.68112e-13
2942	1.67468e-13
2943	1.66827e-13
2944	1.66189e-13
2945	1.65552e-13
2946	1.64918e-13
2947	1.64287e-13
2948	1.63658e-13
2949	1.63031e-13
2950	1.62407e-13
2951	1.61784e-13
2952	1.61165e-13
2953	1.60547e-13
2954	1.59932e-13
2955	1.59319e-13
2956	1.58708e-13
2957	1.581e-13
2958	1.57494e-13
2959	1.5689e-13
2960	1.56288e-13
2961	1.55689e-13
2962	1.55092e-13
2963	1.54497e-13
2964	1.53905e-13
2965	1.53314e-13
2966	1.52726e-13
2967	1.5214e-13
2968	1.51556e-13
2969	1.50974e-13
2970	1.50395e-13
2971	1.49818e-13
2972	1.49242e-13
2973	1.48669e-13
2974	1.48098e-13
2975	1.4753e-13
2976	1.46963e-13
2977	1.46399e-13
2978	1.45836e-13
2979	1.45276e-13
2980	1.44718e-13
2981	1.44162e-13
2982	1.43608e-13
2983	1.43056e-13
2984	1.42506e-13
2985	1.41958e-13
2986	1.41412e-13
2987	1.40869e-13
2988	1.40327e-13
2989	1.39787e-13
2990	1.3925e-13
2991	1.38714e-13
2992	1.3818e-13
2993	1.37649e-13
2994	1.37119e-13
2995	1.36591e-13
2996	1.36066e-13
2997	1.35542e-13
2998	1.3502e-13
2999	1.34501e-13
