1.4712	0.000667068
1.52215	0.000769685
1.57283	0.000894774
1.62335	0.00103864
1.67374	0.00119587
1.72399	0.00136622
1.77363	0.00157693
1.82431	0.00175386
1.87361	0.0020269
1.92391	0.00224503
1.97366	0.00253845
2.0229	0.00287404
2.07237	0.00318051
2.12136	0.00357705
2.17058	0.00394644
2.21937	0.00440174
2.26838	0.00483436
2.31697	0.00536173
2.36519	0.00591283
2.41303	0.00654052
2.46113	0.00708795
2.50887	0.00778496
2.55573	0.00865012
2.60286	0.00934287
2.65023	0.0100791
2.69678	0.0110973
2.74359	0.0118924
2.78962	0.0130378
2.83592	0.0140051
2.88147	0.0152997
2.92731	0.0162832
2.97292	0.0175475
3.01785	0.0190695
3.06306	0.0203285
3.10808	0.0218082
3.15246	0.0235982
3.19713	0.0249107
3.24162	0.0267056
3.28596	0.0284235
3.3297	0.0306751
3.37374	0.0323453
3.41721	0.0346259
3.46096	0.0364401
3.50418	0.0390395
3.54768	0.041134
3.59065	0.0438449
3.63352	0.0465278
3.67667	0.0486108
3.71932	0.0519894
3.76187	0.0547025
3.80433	0.0576984
3.84669	0.0607974
3.88897	0.0642228
3.93115	0.0673714
3.97326	0.0710661
4.01492	0.0752903
4.05651	0.0790354
4.09839	0.081998
4.13984	0.0869688
4.18157	0.0903826
4.22289	0.0951631
4.26415	0.0995996
4.30535	0.104499
4.3465	0.108925
4.38725	0.115052
4.42829	0.118832
4.46927	0.124073
4.50988	0.130443
4.55045	0.136392
4.59129	0.140642
4.63176	0.147662
4.6722	0.15373
4.7126	0.160461
4.75265	0.167669
4.79267	0.17428
4.83296	0.180353
4.87291	0.188735
4.91284	0.195989
4.95273	0.203413
4.9926	0.210447
5.03244	0.218301
5.07225	0.227051
5.11175	0.236961
5.1515	0.243798
5.19096	0.254292
5.23039	0.26248
5.2698	0.272478
5.3092	0.281038
5.34857	0.290698
5.38766	0.302609
5.42779	0.304671
5.46499	0.339093
5.50456	0.32922
5.54385	0.343438
5.58287	0.355882
5.62161	0.370798
5.66009	0.383833
5.70085	0.375351
5.73879	0.415364
5.77649	0.429324
5.81643	0.419135
5.85363	0.461832
5.89305	0.450434
5.93221	0.467141
5.97111	0.482724
6.00735	0.534143
6.04576	0.516904
6.08631	0.506041
6.12424	0.554804
6.16192	0.57378
6.19938	0.595021
6.23894	0.578017
6.27594	0.634577
6.31501	0.619559
6.35384	0.640712
6.39018	0.702594
6.42856	0.681143
6.46671	0.705693
6.50464	0.728663
6.54235	0.749852
6.57984	0.773696
6.6193	0.757071
6.65636	0.82664
6.69322	0.849476
6.73202	0.827934
6.76846	0.903099
6.80683	0.879491
6.84499	0.906716
6.88294	0.934573
6.92067	0.962861
6.95821	0.994665
6.99554	1.02117
7.03267	1.05108
7.06961	1.08491
7.10839	1.05548
7.14494	1.146
7.18332	1.11769
7.21949	1.21272
7.25747	1.1856
7.29525	1.21964
7.33284	1.2504
7.37024	1.28941
7.40745	1.32133
7.44447	1.3618
7.48131	1.39893
7.51797	1.43225
7.55445	1.47054
7.59266	1.44007
7.62879	1.55562
7.66663	1.51333
7.70428	1.55893
7.74176	1.59573
7.77719	1.72741
7.81431	1.67875
7.85126	1.72744
7.88987	1.68429
7.92646	1.81368
7.96289	1.85937
8.00096	1.82248
8.03705	1.95525
8.07477	1.90965
8.11053	2.06036
8.14791	2.01139
8.18512	2.06171
8.22216	2.11281
8.25903	2.16451
8.29574	2.21055
8.33229	2.27046
8.36868	2.31778
8.40491	2.3727
8.4427	2.32016
8.47862	2.48746
8.51608	2.43866
8.55338	2.4969
8.58884	2.66712
8.62582	2.61321
8.66265	2.67423
8.69932	2.73569
8.73584	2.79009
8.7722	2.85335
8.81006	2.80138
8.84612	2.99427
8.88203	3.05128
8.91942	2.98527
8.95504	3.19865
8.99213	3.11868
9.02907	3.18842
9.06585	3.25887
9.10249	3.33054
9.13898	3.41314
9.17532	3.47655
9.21152	3.55088
9.24758	3.62647
9.28506	3.56184
9.32083	3.79487
9.35802	3.71508
9.39505	3.78341
9.43041	4.04076
9.46717	3.95383
9.50378	4.02456
9.54025	4.12054
9.57658	4.19291
9.61278	4.27869
9.65034	4.19386
9.68625	4.45694
9.72204	4.55967
9.75918	4.45379
9.7947	4.73103
9.83156	4.63396
9.86829	4.7273
9.90488	4.83628
9.94134	4.91779
9.97766	5.02968
10.0138	5.11261
10.0499	5.22778
10.0873	5.12678
10.1231	5.43448
10.1602	5.31199
10.1957	5.62924
10.2325	5.53426
10.2692	5.64081
10.3044	5.97528
10.3409	5.83695
10.3786	5.74732
10.4148	6.06257
10.4508	6.19405
10.4868	6.30862
10.5239	6.19019
10.5596	6.5459
10.5966	6.42132
10.632	6.76827
10.6687	6.65767
10.7053	6.75967
10.7417	6.90405
10.778	7.0291
10.8142	7.15552
10.8503	7.26152
10.8875	7.13074
10.9234	7.54814
10.9591	7.68019
10.996	7.53909
11.0328	7.65076
11.0694	7.78693
11.1047	8.23792
11.1411	8.05852
11.1774	8.19907
11.2149	8.08138
11.2509	8.51449
11.2869	8.63407
11.324	8.48217
11.3597	8.93375
11.3966	8.77458
11.4334	8.92552
11.4688	9.42529
11.5053	9.25428
11.5417	9.38272
11.578	9.53993
11.6142	9.69874
11.6515	9.53508
11.6875	10.0566
11.7245	9.85568
11.7603	10.3614
11.7971	10.1822
11.8327	10.7352
11.8693	10.5473
11.9058	10.688
11.9422	10.8614
11.9785	11.0702
12.0159	10.857
12.052	11.4328
12.0879	11.6142
12.125	11.387
12.1619	11.5711
12.1976	12.18
12.2343	11.9747
12.2709	12.1283
12.3074	12.3565
12.3438	12.5501
12.3801	12.7074
12.4174	12.5436
12.4535	13.1086
12.4895	13.349
12.5265	13.0944
12.5634	13.2982
12.599	13.9757
12.6357	13.7479
12.6723	13.9594
12.7088	14.1729
12.7463	13.951
12.7826	14.605
12.8188	14.8243
12.856	14.5518
12.892	15.2756
12.9289	15.037
12.9658	15.2641
13.0026	15.4858
13.0393	15.7168
13.0758	15.95
13.1123	16.1367
13.1487	16.3733
13.1849	16.6119
13.2222	16.363
13.2583	17.1538
13.2953	16.8433
13.3323	17.0901
13.3691	17.383
13.4059	17.6348
13.4425	17.8351
13.4791	18.1448
13.5155	18.403
13.5529	18.1366
13.5892	18.9335
13.6264	18.6005
13.6635	18.8666
13.6995	19.75
13.7364	19.4563
13.7732	19.6708
13.8099	19.9458
13.8466	20.2839
13.8841	19.9399
13.9206	20.7924
13.9579	20.5596
13.9942	21.4352
14.0314	21.0652
14.0684	21.3562
14.1054	21.6496
14.1423	21.9453
14.1791	22.2434
14.2158	22.5439
14.2534	22.3032
14.2899	23.1602
14.3273	22.9095
14.3636	23.8579
14.4008	23.4551
14.438	23.7699
14.475	24.0873
14.5119	24.407
14.5488	24.8036
14.5865	24.4755
14.6232	25.4662
14.6607	25.1258
14.6982	25.3931
14.7346	26.4154
14.7719	26.135
14.809	26.3967
14.8461	26.8196
14.8841	26.3977
14.921	27.4411
14.9578	27.875
14.9955	27.5133
15.0321	28.595
15.0696	28.2312
15.107	28.5076
15.1443	28.8712
15.1815	29.2375
15.2186	29.6954
15.2566	29.3247
15.2936	30.362
15.3304	30.8435
15.3681	30.4524
15.4057	30.8362
15.4433	31.1293
15.4807	31.6122
15.518	32.0165
15.5553	32.4117
15.5925	32.8096
15.6305	32.409
15.6675	33.6239
15.7053	33.1222
15.743	33.631
15.7797	34.8852
15.8173	34.3454
15.8557	34.0452
15.893	35.2049
15.9303	35.6277
15.9684	35.204
16.0055	36.4924
16.0435	36.1755
16.0813	36.6114
16.1181	37.9446
16.1558	37.482
16.1943	36.9565
16.2318	38.2843
16.2692	38.7341
16.3074	38.2987
16.3446	39.7868
16.3826	39.2032
16.4205	39.6793
16.4584	40.1447
16.4961	40.6132
16.5338	41.2082
16.5714	41.6989
16.6098	41.1061
16.6472	42.5444
16.6854	42.0751
16.7235	42.6906
16.7616	43.0684
16.7995	43.6934
16.8374	44.1923
16.8751	44.5758
16.9137	44.088
16.9513	45.7354
16.9896	45.2453
17.0288	44.6419
17.0627	51.8809
17.1051	42.0147
17.1389	53.215
17.181	42.9753
17.2147	54.2634
17.2567	44.0804
17.2985	44.4862
17.332	56.1627
17.3737	45.4786
17.407	57.5826
17.4485	46.4836
17.4899	47.0388
17.5229	59.5688
17.5642	48.0632
17.5971	60.6783
17.6382	49.2477
17.6791	49.6889
17.72	50.2656
17.7527	63.6371
17.7934	51.4833
17.834	52.0889
17.8664	65.5216
17.9069	53.0163
17.9472	53.6146
17.9875	54.3965
18.0277	55.0043
18.0597	69.4028
18.0998	55.9566
18.1397	56.5909
18.1795	57.2116
18.2193	57.8538
18.2589	58.6579
18.2985	59.1326
18.3301	74.5892
18.3696	60.4789
18.4089	60.9595
18.4482	61.7917
18.4873	62.4635
18.5264	62.9503
18.5654	63.8003
18.6044	64.2912
18.6432	64.958
18.682	65.6481
18.7207	66.5415
18.7593	67.0208
18.7978	67.9265
18.8363	68.4295
18.8746	69.3274
18.9206	58.4764
18.9588	70.6954
18.9969	71.3983
19.0349	72.126
19.0729	72.8579
19.1108	73.7936
19.1486	74.3126
19.1939	62.8461
19.2316	76.1598
19.2692	76.6849
19.3067	77.6747
19.3516	65.4606
19.3889	79.099
19.4262	80.1093
19.4634	80.6441
19.508	68.1536
19.545	82.3386
19.582	83.376
19.6263	70.0503
19.6631	85.1044
19.6999	85.6505
19.7439	72.3836
19.7805	87.4265
19.8244	73.8771
19.8608	89.1983
19.8972	90.292
19.9408	75.8317
19.9771	92.123
20.0205	77.5945
20.0566	93.9491
20.0998	79.1252
20.1358	95.8206
20.1789	80.4524
20.2218	81.557
20.2576	98.4576
20.3004	83.1522
20.336	100.65
20.3786	84.742
20.4212	85.3722
20.4566	103.663
20.499	87.0056
20.5413	87.9041
20.5765	106.405
20.6187	89.5638
20.6607	90.4767
20.6957	109.807
20.7376	92.4155
20.7794	93.066
20.8212	93.9983
20.8559	113.752
20.8975	95.7195
20.939	96.9565
20.9804	97.6181
21.0218	98.8711
21.063	99.8361
21.1042	100.504
21.1384	121.595
21.1795	102.289
21.2204	103.581
21.2613	104.571
21.3021	105.249
21.3428	106.565
21.3835	107.57
21.424	108.581
21.4645	109.268
21.5049	110.616
21.5453	111.308
21.5855	112.673
21.6257	113.368
21.6725	98.3876
21.7111	120.048
21.7494	121.609
21.7944	104.673
21.8325	124.118
21.8772	107.16
21.9217	108.105
21.9662	109.374
22.0039	129.555
22.0481	111.448
22.0922	112.246
22.1364	113.401
22.1804	114.711
22.2242	115.862
22.2681	116.327
22.3118	118.176
22.3554	118.819
22.399	120.156
22.4425	121.525
22.4924	106.387
22.5356	124.067
22.5789	124.515
22.6284	110.103
22.6714	127.104
22.7207	112.38
22.7635	129.863
22.8126	114.007
22.8552	132.483
22.9041	116.624
22.9529	118.062
22.9953	136.124
23.0438	120.375
23.0924	121.28
23.1407	122.917
23.189	123.802
23.2372	125.126
23.2852	126.175
23.3332	127.268
23.381	128.736
23.4288	130.106
23.4764	131.352
23.524	132.71
23.5776	118.863
23.6249	135.715
23.6721	136.628
23.7254	121.894
23.7724	139.923
23.8254	125.132
23.8723	142.39
23.9251	127.525
23.9717	145.556
24.0242	130.293
24.0767	130.958
24.129	132.754
24.1754	150.784
24.2275	135.39
24.2794	136.611
24.3313	137.977
24.3831	139.115
24.4348	140.947
24.4862	142.778
24.5379	143.446
24.595	130.348
24.6461	147.192
24.6973	148.22
24.7484	149.741
24.8051	135.934
24.8559	152.406
24.9123	138.548
24.963	155.887
25.0191	141.866
25.0695	159.171
25.1255	144.442
25.1758	161.669
25.2315	146.949
25.2872	148.336
25.3428	150.364
25.3981	151.689
25.4534	153.08
25.5086	154.963
25.5638	155.905
25.6186	158.198
25.6736	158.948
25.7282	161.71
25.7829	162.261
25.8375	164.595
25.8974	151.044
25.9517	168.139
26.0114	153.463
26.0656	171.203
26.125	157.358
26.179	174.065
26.2381	160.178
26.2919	178.225
26.351	162.855
26.4098	165.279
26.4687	166.873
26.5273	168.107
26.5804	187.256
26.639	171.549
26.6972	174.077
26.7607	160.304
26.819	176.456
26.8768	179.468
26.9348	180.588
26.9925	182.692
27.0554	168.647
27.1129	186.022
27.1756	172.532
27.2329	190.259
27.2954	175.891
27.3523	194.489
27.4146	178.801
27.4767	180.698
27.5387	182.887
27.5952	201.575
27.6569	186.603
27.7185	188.652
27.7798	191.372
27.8463	177.333
27.9075	194.39
27.9686	196.527
28.0295	198.418
28.0901	201.333
28.156	187.08
28.2165	205.082
28.282	190.684
28.3422	209.405
28.4076	194.162
28.4726	196.775
28.5375	198.64
28.5974	217.721
28.662	203.587
28.7265	204.863
28.7909	206.959
28.8552	209.242
28.9243	196.904
28.9882	214.354
29.052	215.615
29.1157	218.792
29.1842	204.381
29.2477	222.136
29.3158	209.428
29.379	227.136
29.4468	213.133
29.5145	216.058
29.5821	218.377
29.6496	219.481
29.7121	239.358
29.7792	224.569
29.851	212.277
29.9178	230.086
29.9845	232.206
30.0511	233.613
30.1221	221.93
30.1884	238.937
30.2593	225.774
30.3253	244.666
30.3958	230.838
30.4661	233.331
30.5317	252.201
30.6018	237.407
30.6717	240.714
30.7414	243.211
30.8156	230.598
30.885	248.496
30.9542	251.123
31.0233	252.936
31.0969	239.435
31.1657	259.182
31.2389	244.802
31.3073	264.716
31.3804	250.105
31.4531	253.444
31.5255	255.742
31.598	258.208
31.6702	260.828
31.7423	263.613
31.8142	266.027
31.8904	253.488
31.9619	272.944
32.0378	259.355
32.109	277.938
32.1845	264.453
32.2556	283.107
32.3306	271.112
32.4056	272.874
32.4806	275.124
32.5551	279.974
32.6295	281.668
32.7084	268.324
32.7824	288.222
32.8563	291.7
32.9346	277.041
33.0125	280.678
33.0858	301.578
33.1636	286.81
33.2409	290.629
33.318	294.128
33.3952	295.28
33.4721	299.132
33.5487	303.209
33.6296	289.216
33.7059	309.823
33.7862	296.684
33.8623	315.106
33.9423	303.086
34.0221	305.468
34.1017	309.669
34.1813	312.187
34.2604	315.763
34.3395	319.695
34.4184	322.122
34.5014	309.583
34.5798	329.503
34.6623	316.044
34.7404	336.176
34.8225	322.82
34.9044	326.331
34.9862	329.045
35.0677	333.358
35.153	322.378
35.2341	340.713
35.315	344.317
35.3998	331.527
35.4805	351.9
35.5649	339.646
35.649	343.36
35.733	347.095
35.8168	350.843
35.9003	355.003
35.9876	342.218
36.0708	361.286
36.1577	348.667
36.2405	369.162
36.327	357.291
36.4134	360.128
36.4995	363.991
36.5854	367.945
36.6711	371.909
36.7566	377.029
36.846	363.78
36.9311	384.153
37.0199	371.423
37.1085	376.639
37.193	396.728
37.2811	384.725
37.3729	371.736
37.4606	393.301
37.5481	396.331
37.639	384.934
37.7261	404.937
37.8167	392.325
37.9072	396.642
37.9974	400.982
38.0874	405.347
38.1773	409.735
38.2706	397.682
38.36	418.785
38.4529	407.627
38.5455	410.904
38.6343	433.879
38.7266	419.28
38.8223	409.419
38.9141	430.458
39.0054	434.854
39.1004	421.733
39.1951	427.707
39.2861	449.511
39.3804	437.003
39.4745	440.391
39.572	430.099
39.6655	450.762
39.7625	439.679
39.8557	461.531
39.9522	447.988
40.0485	452.936
40.1446	457.906
40.2404	464.286
40.3358	470.483
40.4347	456.205
40.53	477.698
40.6285	466.291
40.7267	472.808
40.8247	478.068
40.9224	481.858
41.0231	471.56
41.1204	492.505
41.221	480.301
41.3213	486.221
41.4213	493.076
41.521	496.94
41.6203	505.156
41.723	491.134
41.8221	515.152
41.9244	501.394
42.0264	509.096
42.1278	514.4
42.2293	518.804
42.3339	509.179
42.4349	531.979
42.5391	519.934
42.6429	524.758
42.7463	533.437
42.8496	536.421
42.9527	543.847
43.0588	531.229
43.1648	538.18
43.2702	544.406
43.3756	549.205
43.4807	556.94
43.5856	563.042
43.6934	552.101
43.7976	574.543
43.905	562.634
44.0153	553.891
44.1221	575.363
44.2284	584.803
44.3381	570.306
44.4473	579.122
44.5563	583.76
44.665	592.067
44.7732	599.943
44.8846	588.037
44.9927	609.33
45.1035	599.311
45.2172	589.309
45.3272	614.434
45.4372	621.597
45.5502	608.498
45.6628	617.975
45.7748	626.325
45.8869	629.919
46.0017	619.822
46.1134	645.237
46.2274	637.011
46.3414	640.855
46.4552	649.933
46.5717	639.989
46.685	663.788
46.8007	655.846
46.9163	661.66
47.0317	669.12
47.1498	659.351
47.2675	667.593
47.382	691.901
47.5023	662.917
47.6192	687.431
47.7356	696.694
47.8551	684.584
47.9742	693.12
48.0929	703.069
48.2111	710.434
48.3323	701.327
48.4532	708.538
48.5737	717.351
48.6937	727.135
48.8165	714.078
48.9362	741.848
49.0586	731.494
49.1805	738.435
49.3047	731.146
49.4261	757.339
49.55	748.287
49.6736	754.437
49.7996	748.799
49.9226	771.615
50.0481	764.968
50.1733	771.311
50.2979	784.215
50.4255	772.843
50.5525	782.536
50.6765	809.206
50.8055	782.361
50.9316	806.922
51.0604	797.429
51.1887	807.462
51.3167	819.029
51.4468	812.604
51.5769	820.094
51.7068	825.948
51.8363	838.87
51.9651	847.655
52.0967	837.293
52.2279	849.651
52.3616	840.898
52.4919	871.187
52.6248	858.525
52.7574	868.154
52.8923	860.677
53.0241	889.231
53.1584	883.081
53.2923	890.393
53.4286	885.712
53.5615	915.671
53.6945	923.768
53.8272	932.988
53.9595	941.529
54.1175	796.427
54.249	964.619
54.3803	977.86
54.5114	987.395
54.6681	834.368
54.798	1011.68
54.9279	1020.03
55.0834	863.166
55.2129	1045.77
55.3673	882.518
55.4958	1071.54
55.6498	901.067
55.7777	1092.73
55.9307	925.256
56.058	1121.06
56.2104	945.304
56.3623	956.934
56.4883	1159.8
56.6397	977.067
56.7905	989.869
56.9409	1001.76
57.0906	1012.94
57.2153	1225.13
57.3646	1032.46
57.5137	1046.46
57.6622	1059.85
57.81	1071.35
57.9578	1084.42
58.1051	1096.87
58.2523	1108.1
58.4231	962.254
58.5693	1136.84
58.7151	1149.58
58.8606	1162.4
59.0053	1174.34
59.1744	1015.83
59.3187	1199.91
59.4627	1212.77
59.63	1057.72
59.7732	1241.37
59.9401	1079.18
60.0826	1274.32
60.2481	1104.57
60.3898	1303.8
60.5548	1127.46
60.7195	1140.15
60.8599	1353.04
61.0236	1167.13
61.1869	1184.65
61.3497	1195.33
61.5121	1209.6
61.6508	1427.22
61.8124	1235.95
61.9736	1250.46
62.1344	1268.84
62.2944	1282.58
62.4773	1136.55
62.6368	1315.64
62.7959	1330.44
62.9542	1344.51
63.1124	1356.54
63.2928	1202.02
63.4504	1387.67
63.6071	1407.73
63.7861	1248.19
63.9423	1442.33
64.1204	1277.55
64.2758	1471.66
64.4527	1308.73
64.6073	1510.51
64.7835	1333.55
64.9592	1353.88
65.1342	1368.99
65.2871	1582.84
65.4617	1395.43
65.6356	1413.46
65.8087	1433.51
65.9817	1451.58
66.1543	1463.98
66.3265	1484.02
66.4982	1502.87
66.669	1523.5
66.8611	1364.34
67.0314	1557.38
67.2012	1574.79
67.3916	1414.7
67.5606	1608.05
67.7291	1625.68
67.9182	1467.38
68.0854	1672.8
68.2735	1497.31
68.4613	1514.2
68.6276	1724.1
68.8138	1554.03
68.9999	1569.35
69.1855	1588.4
69.3708	1610.5
69.555	1635.1
69.7391	1645.92
69.9228	1664.85
70.106	1684.64
70.2882	1707.96
70.4706	1721.88
70.6523	1748.78
70.8537	1593.69
71.0341	1790.08
71.2143	1811.53
71.4141	1645.55
71.5937	1852.55
71.792	1688.03
71.9902	1710.6
72.1681	1921.63
72.3652	1745.05
72.5614	1769.96
72.7577	1790.92
72.9533	1814.51
73.1483	1836.28
73.3424	1862.02
73.5364	1874.13
73.7301	1899.38
73.9226	1922.46
74.1151	1946.12
74.3262	1791.21
74.5177	1987.64
74.7084	2018.18
74.9178	1855.37
75.1077	2064.39
75.3161	1899.48
75.5234	1921.3
75.712	2129.84
75.9187	1961.82
76.1244	1989.83
76.33	2015.43
76.535	2039.7
76.7395	2057.16
76.9432	2090.5
77.1466	2106.07
77.3679	1955.13
77.5697	2162.85
77.7714	2182.53
77.9911	2029.86
78.1913	2247.24
78.4096	2080.64
78.6092	2295.51
78.8264	2129.67
79.0427	2158.02
79.2586	2182.1
79.474	2201.93
79.6884	2232.73
79.9026	2261.65
80.1164	2278.97
80.329	2320.36
80.5415	2335.54
80.7711	2189.09
80.9824	2392.52
81.2105	2244.64
81.4207	2449.91
81.6478	2296.3
81.8564	2513.48
82.0826	2340.99
82.3078	2379.31
82.532	2405.71
82.756	2436.89
82.9795	2465.87
83.2021	2498.15
83.4243	2524.67
83.663	2373.93
83.8835	2592.24
84.104	2616.59
84.341	2457.2
84.5766	2488.02
84.7952	2712.84
85.03	2542.02
85.2637	2578.24
85.4975	2609.11
85.7303	2643.44
85.9621	2672.78
86.1937	2698.51
86.425	2727.49
86.6713	2585.88
86.9011	2797.44
87.1466	2643.59
87.3746	2879.83
87.6189	2712.25
87.8619	2745.85
88.1047	2773.66
88.3307	3005.26
88.5719	2841.64
88.8288	2703.08
89.069	2918.29
89.308	2950.28
89.5471	2975.03
89.8007	2832.86
90.0382	3060.1
90.2909	2895.45
90.5424	2937.16
90.7939	2963.58
91.044	3018.39
91.2939	3039.35
91.5432	3075.87
91.7915	3125.16
92.0393	3149.82
92.3014	3007.25
92.5479	3236.46
92.8094	3080.42
93.054	3311.53
93.3138	3157.88
93.5723	3193.44
93.8309	3231.8
94.0881	3270.48
94.345	3313.35
94.6162	3159.48
94.8714	3388.86
95.1263	3424.48
95.3948	3291
95.6633	3311.87
95.9155	3569.62
96.1823	3404.52
96.4478	3442.63
96.7135	3483.6
96.9923	3352.34
97.2561	3574.26
97.5188	3612.54
97.7961	3454.54
98.0723	3511.88
98.3327	3758.27
98.6077	3581.38
98.8811	3636.14
99.1543	3683.73
99.4262	3735.72
99.7125	3571.87
99.9828	3816.65
100.267	3674
100.536	3917.57
100.819	3770.77
101.101	3808.94
101.381	3863.58
101.662	3886.62
101.941	3957.34
102.234	3796.05
102.512	4038.44
102.803	3889.75
103.079	4153.44
103.369	3983.11
103.657	4036.54
103.945	4089.96
104.232	4130.32
104.532	3996.12
104.817	4244.88
105.115	4097.74
105.399	4343.9
105.696	4210.38
105.991	4248.32
106.286	4300.08
106.593	4177.54
106.887	4411.49
107.179	4454.38
107.483	4331.19
107.788	4375.93
108.09	4438.33
108.393	4474.48
108.694	4537.79
108.994	4588.2
109.295	4628.54
109.606	4504.01
109.917	4560.21
110.228	4602.45
110.524	4874.33
110.845	4552.65
111.153	4786.42
111.459	4844.47
111.777	4722.14
112.083	4946.47
112.399	4822.26
112.715	4881.19
113.03	4925.18
113.357	4809.26
113.669	5078.17
113.994	4922.58
114.306	5175.56
114.629	5061.53
114.951	5118.98
115.272	5176.3
115.604	5041.79
115.924	5308.85
116.254	5165.27
116.584	5233.91
116.901	5488
117.241	5165.54
117.568	5421.54
117.894	5486.48
118.231	5372.24
118.567	5438.16
118.891	5684.02
119.237	5379.37
119.57	5617.27
119.903	5677.66
120.246	5561.67
120.577	5840.58
120.918	5696.98
121.258	5765.34
121.609	5654.62
121.948	5896.28
122.297	5799.56
122.634	6046
122.981	5922.49
123.327	5993.7
123.684	5884.93
124.028	6141.66
124.383	6029.27
124.737	6078.52
125.09	6165.29
125.441	6232.75
125.792	6315.18
126.153	6211.92
126.502	6481.28
126.861	6342.89
127.219	6413.09
127.587	6321.64
127.942	6578.77
128.309	6449.71
128.674	6556.01
129.038	6609.36
129.4	6695.93
129.762	6794.83
130.134	6650.62
130.504	6752.74
130.874	6834.74
131.243	6923.88
131.61	7007.77
131.988	6862.37
132.364	6974.43
132.739	7051.69
133.113	7122.72
133.486	7208.56
133.868	7101.75
134.25	7180.77
134.631	7283.15
135.01	7378.68
135.399	7267.44
135.776	7526.95
136.162	7435.71
136.548	7524.68
136.943	7424.55
137.326	7686.81
137.718	7598.71
138.109	7674.91
138.5	7782.32
138.888	7877.26
139.287	7744.9
139.684	7870.96
140.08	7948.57
140.475	8060.7
140.879	7924.77
141.281	8068.52
141.683	8126.04
142.083	8257.45
142.482	8347.43
142.89	8225.43
143.297	8341.97
143.703	8426
144.107	8542.8
144.52	8450.46
144.933	8518.65
145.343	8656.62
145.753	8724.07
146.171	8659.25
146.589	8755.63
147.005	8842.11
147.419	8957.59
147.843	8861.35
148.254	9175.34
148.684	8891.09
149.104	9193.07
149.522	9312.03
149.949	9196.8
150.374	9294.8
150.808	9224.33
151.231	9551.53
151.662	9463.08
152.091	9569.28
152.529	9459.47
152.956	9800.01
153.392	9696.14
153.827	9819.98
154.269	9742.66
154.71	9849.61
155.149	9949.45
155.587	10057.8
156.024	10187.4
156.469	10118.2
156.913	10209.7
157.365	10134.8
157.806	10483.8
158.255	10378
158.702	10542.4
159.157	10419.6
159.611	10564.6
160.063	10669.1
160.515	10818.6
160.973	10720.7
161.431	10873.9
161.888	10958.4
162.342	11121.6
162.804	11010.2
163.265	11150.9
163.733	11086.3
164.192	11404.2
164.658	11337.8
165.131	11308.4
165.594	11640.6
166.064	11542.7
166.532	11680.6
167.009	11594.9
167.483	11745.5
167.957	11858.7
168.429	12071.7
168.883	12581.8
169.386	11518.3
169.887	11637.8
170.387	11770
170.801	14335.9
171.299	12008.1
171.795	12178.7
172.289	12372.7
172.782	12509.4
173.273	12658.2
173.763	12780.2
174.251	12914
174.739	13103.9
175.224	13255.5
175.709	13378.4
176.192	13516.3
176.754	11735.4
177.235	13855.3
177.714	14008.9
178.19	14206
178.746	12290
179.22	14532.9
179.694	14700.7
180.245	12756.1
180.715	15085.6
181.263	13016.9
181.73	15407.2
182.275	13358.6
182.819	13485.4
183.282	15935.1
183.822	13815.5
184.361	13997.5
184.821	16523.5
185.356	14337.6
185.89	14435.2
186.422	14679.6
186.952	14851.4
187.481	15024.2
188.009	15184
188.535	15327.8
189.059	15503.9
189.582	15662.9
190.104	15905.4
190.624	16063.4
191.143	16208.4
191.734	14358.2
192.249	16632.9
192.763	16777.8
193.35	14888.9
193.861	17162.4
194.444	15252.6
194.951	17596
195.458	17795.6
196.037	15699.7
196.612	15973.5
197.115	18413.4
197.688	16256.3
198.259	16465.6
198.757	18995.5
199.325	16858.9
199.891	17070.3
200.456	17246.2
201.019	17465.4
201.581	17643.5
202.14	17814.6
202.699	18041.1
203.254	18279.1
203.811	18422.3
204.363	18685.2
204.916	18845.9
205.534	16932.1
206.084	19206.8
206.631	19476.1
207.246	17522.3
207.789	19981.3
208.399	17957.2
208.941	20298.9
209.548	18358.1
210.085	20816.5
210.689	18667.2
211.291	18967
211.824	21573.6
212.422	19325.6
213.02	19562.5
213.614	19822
214.207	20052.8
214.799	20262.9
215.388	20439.3
215.976	20708.6
216.564	20826.4
217.149	21101.6
217.732	21399.3
218.313	21623.7
218.893	21826.2
219.536	19827.9
220.111	22313.6
220.686	22563.4
221.324	20462.7
221.896	22988.4
222.53	20971.1
223.097	23594.2
223.727	21430.7
224.356	21646.6
224.982	21938
225.544	24528.7
226.167	22308.4
226.787	22581.4
227.407	22839.5
228.025	23040.6
228.64	23380.8
229.255	23508.8
229.867	23782.9
230.478	24106.8
231.087	24283
231.754	22422.5
232.359	24809.1
232.963	25060.8
233.626	23090.2
234.225	25735.6
234.885	23551.8
235.481	26247
236.135	24121.1
236.728	26789.9
237.381	24467.1
238.03	24798.8
238.676	25143.5
239.322	25383.3
239.907	28120
240.548	25858.3
241.189	26071.2
241.885	24194.9
242.523	26680.3
243.157	27012.6
243.789	27310.7
244.421	27545.9
245.107	25556.6
245.734	28125.5
246.418	26029.4
247.041	28766.1
247.719	26532
248.339	29347.3
249.015	27091.5
249.632	29890
250.301	27658.3
250.972	27932.4
251.64	28135.6
252.304	28510.7
252.969	28703.6
253.63	29048.9
254.289	29334.8
254.947	29717.3
255.604	29963.2
256.313	27871.2
256.965	30646
257.614	30877.5
258.319	28665.8
258.965	31457.2
259.665	29291.8
260.308	32070.1
261.002	29924.4
261.695	30259.9
262.331	33185.6
263.022	30797.5
263.709	31159.4
264.395	31371.5
265.076	31783.2
265.757	31976.9
266.437	32378.8
267.115	32622.6
267.789	32967.9
268.516	30942.7
269.187	33710.5
269.909	31453.5
270.577	34217.9
271.242	34603.7
271.958	32338.6
272.67	32883.4
273.33	35661.1
274.04	33386.7
274.747	33682.8
275.453	33920.6
276.155	34425.7
276.856	34746.7
277.555	35058.6
278.253	35238.7
278.947	35639.4
279.641	35989
280.382	33949.1
281.069	36828.9
281.757	36921.7
282.492	34878.6
283.174	37802.6
283.904	35551.8
284.633	35887.4
285.31	38782.3
286.035	36521
286.756	36830.4
287.475	37238.8
288.194	37409.3
288.909	37905.7
289.621	38324.8
290.334	38525.7
291.092	36491.8
291.799	39198.8
292.502	39633.4
293.254	37463.8
293.955	40410.2
294.701	38170.4
295.398	41111.1
296.14	38868.8
296.88	39174.6
297.571	42113.9
298.306	39756.2
299.038	40316.5
299.77	40574.2
300.499	40961.9
301.226	41192.6
301.998	39048.1
302.719	42017.3
303.439	42432.8
304.204	40094.1
304.92	43034
305.679	40870.1
306.39	43939.4
307.145	41556.1
307.898	41986
308.603	44960.6
309.351	42765.4
310.097	43070.4
310.84	43397.1
311.582	43708.1
312.322	43998.5
313.103	41993.3
313.836	45041.2
314.571	45231
315.343	43248.3
316.072	46075.2
316.841	43769.4
317.565	46875.1
318.331	44414
319.093	45017.1
319.853	45237.6
320.612	45551.5
321.368	45908.4
322.122	46465.9
322.871	47003.9
323.621	47045.3
324.367	47669.6
325.111	47959.8
325.895	45688.7
326.636	48717.3
327.415	46521.7
328.192	46961.8
328.924	50044
329.697	47465.9
330.467	48027.6
331.234	48453.1
332	48769
332.762	49248.4
333.522	49462.6
334.28	49976
335.034	50258.9
335.829	47996.3
336.58	51098.9
337.369	48907.8
338.115	51996.4
338.9	49461.6
339.681	50057.6
340.421	52967.1
341.196	50743.3
341.97	51037.5
342.743	51506.5
343.512	51988.8
344.319	49764.2
345.084	52756.4
345.846	53178.6
346.643	50865.4
347.402	53875.4
348.194	51778.1
348.947	54516.7
349.735	52499.5
350.521	52869.5
351.306	53004.1
352.086	53504.8
352.865	53958.6
353.641	54256.2
354.413	54916.3
355.184	55169.6
355.992	52743.1
356.757	56027.2
357.558	53747.5
358.318	56662.5
359.115	54432.2
359.907	54782.1
360.698	55101
361.487	55446.9
362.272	55924.8
363.053	56385.6
363.834	56655.5
364.612	57190.3
365.423	55035.4
366.196	57831.1
367.002	55629.5
367.769	58625.2
368.569	56582.9
369.368	56869.2
370.165	57183.3
370.918	60527.1
371.747	55232.2
372.535	58243.8
373.318	58952.1
374.099	59126.8
374.916	56712.6
375.692	60073.3
376.501	57643.8
377.272	60807.5
378.077	58412.2
378.878	58751.4
379.677	59200.3
380.472	59512.8
381.264	59940.6
382.053	60466.1
382.841	60732.3
383.661	58505
384.443	61611.1
385.257	59081.6
386.031	62285.3
386.839	60065.6
387.645	60331.3
388.447	60751.2
389.246	61177.1
390.043	61329.9
390.835	61840.5
391.626	62263.5
392.449	59974.1
393.233	63123.8
394.047	60852.4
394.826	63575.9
395.638	61211.5
396.445	61640
397.248	62140.1
398.049	62374.1
398.848	62679.7
399.641	63276.3
400.469	60932.5
401.258	63843.4
402.077	61870.5
402.86	64545.2
403.674	62282.7
404.482	62990.9
405.291	63002.6
406.094	63694.2
406.895	63705.2
407.693	63996.6
408.521	62035.2
409.312	65009.8
410.134	62707.7
410.919	65524.9
411.734	63170
412.545	63672.8
413.355	63756.5
414.159	64504.7
414.963	64588.6
415.762	65069.5
416.588	62831.4
417.381	65544.2
418.202	63367.4
419.021	63633.6
419.804	66605.6
420.616	64280.7
421.424	64613.7
422.228	65289.9
423.061	62793.9
423.862	65432.7
424.689	63589.2
425.48	66489.6
426.301	63981.6
427.118	64550.9
427.901	67150
428.711	65127.9
429.547	62980.6
430.35	65533.7
431.153	65658
431.978	64046.1
432.773	66228.4
433.592	64606.8
434.408	64646.1
435.224	64639.6
436.034	65291
436.842	65522.4
437.646	65828.3
438.444	66072.7
439.273	63842.9
440.065	66623.3
440.885	64477.8
441.702	64795.3
442.515	64803.2
443.325	65088.9
444.132	65512.1
444.935	65594.2
445.765	63467.9
446.561	66107.4
447.381	64332.8
448.199	64420.4
448.987	66850
449.798	64784.3
450.605	65136.1
451.439	62880.5
452.241	65292.3
453.039	65562.5
453.861	63757
454.681	63895
455.466	66416
456.279	64100.5
457.091	64142.4
457.896	64705.5
458.725	62640.5
459.523	65096.8
460.347	62983.1
461.139	65264.9
461.953	63587
462.765	63575.7
463.576	63590.2
464.38	63862.7
465.183	64033.5
465.981	64063.8
466.804	62041.6
467.597	64274.8
468.413	62532.5
469.197	64913
470.004	62896.7
470.811	62596.2
471.611	63193.7
472.437	61107.9
473.232	63049.9
474.024	63423
474.836	61463.2
475.65	61138.1
476.431	63744.5
477.233	61886.5
478.037	61422
478.832	62103.7
479.653	59743.8
480.443	61901.8
481.231	61928.4
482.04	60060.6
482.819	62406.8
483.623	60278.9
484.422	60247.2
485.221	60191
486.011	60473.2
486.802	60235.5
487.588	60350.2
488.396	58422.6
489.177	60523.5
489.976	58638.7
490.749	60601.9
491.544	58474.2
492.337	58436.3
493.125	58513.7
493.908	58600.2
494.69	58596.5
495.469	58562.4
496.273	56378.3
497.043	58681.7
497.837	56506.9
498.603	58282.9
499.391	56334.7
500.149	58237.1
500.932	56341.1
501.709	56221.1
502.483	56409.6
503.254	56037.9
504.023	55917.6
504.789	55976.6
505.552	55697.9
506.31	55799.5
507.069	55329.5
507.823	55486.3
508.572	55580.7
509.319	55295.4
510.065	55036
510.807	54848.9
511.789	41356.4
512.524	54808.7
513.255	54586.7
513.989	54021.9
514.715	54220.9
515.443	53620.8
516.163	53807.7
516.884	53506.6
517.603	53294.7
518.315	53170.8
519.263	39673.8
519.973	52751.5
520.684	52081.6
521.387	52345.6
522.089	51851.3
522.79	51621.8
523.489	51333.6
524.185	50925
525.108	38248.8
525.802	50379.2
526.488	50478
527.175	49774.4
527.864	49223
528.544	49445.5
529.225	48745.6
529.905	48565.1
530.808	36088.4
531.484	47745
532.157	47422.4
532.825	47385.9
533.494	46738
534.165	46031.5
534.828	46201.5
535.493	45445.4
536.155	45076.6
536.817	44727.4
537.477	44347.6
538.354	32912.4
539.01	43465.7
539.664	43059.1
540.317	42567.9
540.97	42163.3
541.621	41654.8
542.269	41362.7
542.918	40721.4
543.562	40560.8
544.207	39783.6
544.854	39260.8
545.495	39070.8
546.138	38412.1
546.779	37877.1
547.419	37457.5
547.844	55318.8
548.482	36292.6
549.121	35841.7
549.759	35292.5
550.395	34869.5
551.031	34213.4
551.662	33869.4
552.087	49425.9
552.719	32801.5
553.353	32061
553.985	31681.7
554.407	46470.1
555.039	30451.2
555.671	29973.1
556.303	29354.4
556.726	43139.7
557.354	28379.5
557.776	41528.5
558.411	26986.7
559.039	26780.7
559.463	38759.6
560.095	25496.3
560.515	37406.6
561.149	24375.3
561.575	35442
561.998	34773.5
562.631	22706.3
563.062	32619.7
563.487	32321.4
564.121	21154.6
564.55	30438
564.981	29549.3
565.413	28641.1
566.048	19030.1
566.482	27082
566.916	26288.8
567.352	25502.7
567.789	24805.2
568.227	24029.1
568.665	23287.2
569.103	22639
569.548	21592.9
569.787	38927.3
570.232	20179
570.678	19535.3
571.125	18860.1
571.375	32410.9
571.825	17489.1
572.277	16714.8
572.532	28618
572.987	15433.6
573.242	26514.8
573.704	14063.8
573.966	23826.6
574.426	13058.2
574.696	21280.2
574.961	20768.1
575.232	19449.3
575.705	10629.9
575.977	17664.9
576.254	16492.5
576.538	15354.4
576.816	14846.3
577.101	13787.6
577.387	12982.6
577.677	12131.1
577.773	34584.7
578.066	10611.4
578.363	9881.98
578.466	26665.6
578.767	8548.34
579.071	7912.46
579.185	19825.6
579.493	6740.91
579.61	16418.2
579.731	14609.1
580.049	5139.29
580.174	11976
580.303	10567
580.434	9475.87
580.568	8419.42
580.705	7341.09
580.846	6355.49
580.989	5565.59
581.135	4815.04
581.284	4084.38
581.436	3479.46
581.556	6330.81
581.688	3829.71
581.832	2125.68
581.991	984.884
