0.1	4.33037e+10
0.11	3.49967e+10
0.121	3.49967e+10
0.1331	3.49967e+10
0.14641	3.49967e+10
0.161051	3.49967e+10
0.177156	3.49967e+10
0.194872	3.49967e+10
0.214359	3.49967e+10
0.235795	3.49967e+10
0.259374	3.49967e+10
0.285312	3.49967e+10
0.313843	3.49967e+10
0.345227	3.49967e+10
0.37975	3.49967e+10
0.417725	3.49967e+10
0.459497	3.49967e+10
0.505447	3.49967e+10
0.555992	3.49967e+10
0.611591	3.49967e+10
0.67275	3.49967e+10
0.740025	3.49967e+10
0.814027	3.49967e+10
0.89543	3.49967e+10
0.984973	3.49967e+10
1.08347	3.49967e+10
1.19182	3.49967e+10
1.311	3.49967e+10
1.4421	3.49967e+10
1.58631	3.49967e+10
1.74494	3.49967e+10
1.91943	3.49967e+10
2.11138	3.49967e+10
2.32252	3.49967e+10
2.55477	3.49967e+10
2.81024	3.49967e+10
3.09127	3.49967e+10
3.40039	3.49967e+10
3.74043	3.49967e+10
4.11448	3.49967e+10
4.52593	3.49967e+10
4.97852	3.49967e+10
5.47637	3.49967e+10
6.02401	3.49967e+10
6.62641	3.49967e+10
7.28905	3.49967e+10
8.01795	3.49967e+10
8.81975	3.49967e+10
9.70172	3.49967e+10
10.6719	3.49967e+10
11.7391	3.49967e+10
12.913	3.49967e+10
14.2043	3.49967e+10
15.6247	3.49967e+10
17.1872	3.49967e+10
18.9059	3.49967e+10
20.7965	3.49967e+10
22.8762	3.49967e+10
25.1638	3.49967e+10
27.6801	3.49967e+10
30.4482	3.49967e+10
33.493	3.49967e+10
36.8423	3.49967e+10
40.5265	3.49967e+10
44.5792	3.49967e+10
49.0371	3.49967e+10
53.9408	3.49967e+10
59.3349	3.49967e+10
65.2683	3.49967e+10
71.7952	3.49967e+10
78.9747	3.49967e+10
86.8722	3.49967e+10
95.5594	3.49967e+10
105.115	3.49967e+10
115.627	3.49967e+10
127.19	3.49967e+10
139.908	3.49967e+10
153.899	3.49967e+10
169.289	3.49967e+10
186.218	3.49967e+10
204.84	3.49967e+10
225.324	3.49967e+10
247.856	3.49967e+10
272.642	3.49967e+10
299.906	3.49967e+10
329.897	3.49967e+10
362.887	3.49967e+10
399.175	3.49967e+10
439.093	3.49967e+10
483.002	3.49967e+10
531.302	3.49967e+10
584.432	3.49967e+10
642.876	3.49967e+10
707.163	3.49967e+10
777.88	3.49967e+10
855.668	3.49967e+10
941.234	3.49967e+10
1035.36	3.49967e+10
1138.89	3.49967e+10
1252.78	3.49967e+10
1378.06	3.49967e+10
1515.87	3.49967e+10
1667.45	3.49967e+10
1834.2	3.49966e+10
2017.62	3.49966e+10
2219.38	3.49966e+10
2441.32	3.49966e+10
2685.45	3.49966e+10
2954	3.49966e+10
3249.4	3.49966e+10
3574.34	3.49965e+10
3931.77	3.49965e+10
4324.95	3.49965e+10
4757.44	3.49965e+10
5233.19	3.49964e+10
5756.5	3.49964e+10
6332.15	3.49963e+10
6965.37	3.49963e+10
7661.91	3.49962e+10
8428.1	3.49961e+10
9270.91	3.4996e+10
