9.083291402603463212e+03
9.083394575469976189e+03
9.083535086282963675e+03
9.080594715981693298e+03
9.080731530974881025e+03
9.077884774770222066e+03
9.080972934874367638e+03
9.078133336683520611e+03
9.078326863326405146e+03
9.075522162161041706e+03
9.075751704791700831e+03
9.072982972031846657e+03
9.073154665520274648e+03
9.070418563906292547e+03
9.067693066757730776e+03
9.064989804533342976e+03
9.065228283424024994e+03
9.062558609322979464e+03
9.059910267191206003e+03
9.060204910938347894e+03
9.057579278851300842e+03
9.054866578998409750e+03
9.052257056715812723e+03
9.049685703875393301e+03
9.047012133169746448e+03
9.044469940389726617e+03
9.041822688610045589e+03
9.036263749239213212e+03
9.036707358591791490e+03
9.031162025483983598e+03
9.028567218145555671e+03
9.026105290330899152e+03
9.023535777985365712e+03
9.018041279928349468e+03
9.015484638161231487e+03
9.012998207818292940e+03
9.007483079058572912e+03
9.004968965501548155e+03
8.999569261011916751e+03
8.993939482137271625e+03
8.991450810364111021e+03
8.986078476137827238e+03
8.983561463183270462e+03
8.978042621082935511e+03
8.975587282615462755e+03
8.967049560390581973e+03
8.964648515769591540e+03
8.959104423135870093e+03
8.956676952146655822e+03
8.951132652388378119e+03
8.942669968697329750e+03
8.940252742289501839e+03
8.934716637093379177e+03
8.929166575544193620e+03
8.923629678041035731e+03
8.921287005080028393e+03
8.915696933833442017e+03
8.907272091539720350e+03
8.901741225304696854e+03
8.896196568567802387e+03
8.890658885587119585e+03
8.885116542094405304e+03
8.879574447339588005e+03
8.874028538120779558e+03
8.865301481521399182e+03
8.859744084637872220e+03
8.854179337108997061e+03
8.848627529737108489e+03
8.839850181406984120e+03
8.837251973077460207e+03
8.831633776441003647e+03
8.822809335670501241e+03
8.817267932102189661e+03
8.811673413806056487e+03
8.802786449718025324e+03
8.797230031136125035e+03
8.788361218575177190e+03
8.785643851369737604e+03
8.776787528310786001e+03
8.767826008678210201e+03
8.762179576907024966e+03
8.753266584739709288e+03
8.750524877892028599e+03
8.741547108647298955e+03
8.732528413694733899e+03
8.723519123296040561e+03
8.720730548018351328e+03
8.711667762755507283e+03
8.702598844877606098e+03
8.696468508460371595e+03
8.690662951410684400e+03
8.681572420230630087e+03
8.675342421857038062e+03
8.666178881878562606e+03
8.656962305785169519e+03
8.650652390110726628e+03
8.641419251315021029e+03
8.635540176651038564e+03
8.629180729299478116e+03
8.619872094695578198e+03
8.613453428856140818e+03
8.604132805906776412e+03
8.597632503528986490e+03
8.588219499317210648e+03
8.578825682956370656e+03
8.572276336455817727e+03
8.562781795707287529e+03
8.556189275228927727e+03
8.546627544155717260e+03
8.539984652847435427e+03
8.530377445927275403e+03
8.523681175616857217e+03
8.513466773110369104e+03
8.503759502969744062e+03
8.496952449251095459e+03
8.487190688796443283e+03
8.480324020274787472e+03
8.470549673531553708e+03
8.463579407228984564e+03
8.453689724065721748e+03
8.446752378449547905e+03
8.439723857899274662e+03
8.429722723987868449e+03
8.419034512727826950e+03
8.411909016647621684e+03
8.401825877770717852e+03
8.394666194971634468e+03
8.384463176566203401e+03
8.377188484372163657e+03
8.369932298302017443e+03
8.359624175487249886e+03
8.348604512157404315e+03
8.341194021299334054e+03
8.330801570329658716e+03
8.323315769889199146e+03
8.315805390575718775e+03
8.308256042752555004e+03
8.297680039585602572e+03
8.290051599893826278e+03
8.278596904728576192e+03
8.267984190869863596e+03
8.260214956397332571e+03
8.252404140442213247e+03
8.244599757412690451e+03
8.233727866968954913e+03
8.225843266702655455e+03
8.217835131730354988e+03
8.209866210027372290e+03
8.198883235989358582e+03
8.186896322323214918e+03
8.178761900524230441e+03
8.170568896862775546e+03
8.162331810942147968e+03
8.151149827453508806e+03
8.142822216118472170e+03
8.134419796526940445e+03
8.126030393375537642e+03
8.117574096373728935e+03
8.109071229639546800e+03
8.097573172850778064e+03
8.088980208454760032e+03
8.080365686061457382e+03
8.071681626149683325e+03
8.062927316944649647e+03
8.054553050045796226e+03
8.042753167223865603e+03
8.034276497862055294e+03
8.025351822559429820e+03
8.016796659548383104e+03
8.007719215841278128e+03
7.999050401141602379e+03
7.990322057851175487e+03
7.978632109319874871e+03
7.969803706240906649e+03
7.960919672059321783e+03
7.952003080766522544e+03
7.943440626276808871e+03
7.934460377159661221e+03
7.925802567363833077e+03
7.916676644360492901e+03
7.907920276307648237e+03
7.899111007763842281e+03
7.887326629325324575e+03
7.878374955203589707e+03
7.869430542228069498e+03
7.860416838928368634e+03
7.851807612472320216e+03
7.842697456150995095e+03
7.833961888492444814e+03
7.825179237210701103e+03
7.815903229064505467e+03
7.807043599698163234e+03
7.798072328010518504e+03
7.789109467170882454e+03
7.780515479280865293e+03
7.768391538183219382e+03
7.759291162004039506e+03
7.750520666841585808e+03
7.741696199311178134e+03
7.732395927266822582e+03
7.723504868893901403e+03
7.714512775095198776e+03
7.705504539812513940e+03
7.696887851511715780e+03
7.687772104044013759e+03
7.679032560157034823e+03
7.669806735559625849e+03
7.660972645160682987e+03
7.652075645094037100e+03
7.643174691706271915e+03
7.634151661474546017e+03
7.625104204454204591e+03
7.616055059295932551e+03
7.607361032714221437e+03
7.598146184081138017e+03
7.589366832256902853e+03
7.577082672080452539e+03
7.568184255038117954e+03
7.559199271348084949e+03
7.550185454446728727e+03
7.541639854068464956e+03
7.532521213938563051e+03
7.523371567328933452e+03
7.514624276710933373e+03
7.505817577321618046e+03
7.496498517135142720e+03
7.487595243319783549e+03
7.478674823221961560e+03
7.470113648781072698e+03
7.461054933087692007e+03
7.451969749007902465e+03
7.443294862371917588e+03
7.434069970103997548e+03
7.425281866868599536e+03
7.416452997079619308e+03
7.407547577550420101e+03
7.398603815252769891e+03
7.389612173608717967e+03
7.380559459522386533e+03
7.371995327162074318e+03
7.362788352954934453e+03
7.354115459478681259e+03
7.345352722870855359e+03
7.336544702461082125e+03
7.327679031712552387e+03
7.318712052150996897e+03
7.309771962821314446e+03
7.300782812433290019e+03
7.292186213102841975e+03
7.280047499472874733e+03
7.271336831148889360e+03
7.262606025402793421e+03
7.253340192419106643e+03
7.244511996260232081e+03
7.236149398679048318e+03
7.227216247831372129e+03
7.218206694433316443e+03
7.209711194939780398e+03
7.200605982127280186e+03
7.191958115720538444e+03
7.182746976035270563e+03
7.174054042512596425e+03
7.165263136827968083e+03
7.156447120288574297e+03
7.148109947848175580e+03
7.139163414760389969e+03
7.130177948966552322e+03
7.121674719388448466e+03
7.112612563306707671e+03
7.104010777562184558e+03
7.095326091184486359e+03
7.083576274029152046e+03
7.074782607496746095e+03
7.065998757777427272e+03
7.057116534351464907e+03
7.048763797239332234e+03
7.039783793926488215e+03
7.031321090850638939e+03
7.022231112311378638e+03
7.013647676208255689e+03
7.005021690768355256e+03
6.996374853986207199e+03
6.987605451311359502e+03
6.978858967844762446e+03
6.970005824985883010e+03
6.961683377431952067e+03
6.949667412661144226e+03
6.941239484429367621e+03
6.932145940287814483e+03
6.923635799162960211e+03
6.915035829457771797e+03
6.906396903493324317e+03
6.897729402323011527e+03
6.888982173679677544e+03
6.880165718742169702e+03
6.871890929284629237e+03
6.862999889601392169e+03
6.851569211068200275e+03
6.842531137018469963e+03
6.834049384209579330e+03
6.825546187118577109e+03
6.816958578314271108e+03
6.808339009723696108e+03
6.799643232827676911e+03
6.790894253259768448e+03
6.782111647906239341e+03
6.770800905274434626e+03
6.761878625212204497e+03
6.753561721902729005e+03
6.744531739323015245e+03
6.736090370695160345e+03
6.727617311481035358e+03
6.719096060107393896e+03
6.707398067511309819e+03
6.698738248727622704e+03
6.690049851491218760e+03
6.681280615791805758e+03
6.673113462227282980e+03
6.664281223635372953e+03
6.656023586686174895e+03
6.643913967146909272e+03
6.635572626303428478e+03
6.627184624067983350e+03
6.618703033360550762e+03
6.609521326168525775e+03
6.601671941585614150e+03
6.589890358618464234e+03
6.581216519049124145e+03
6.572523067933218044e+03
6.564409278655669368e+03
6.555604036049139722e+03
6.544272518748471157e+03
6.535356218471457396e+03
6.527050711205502921e+03
6.518698365556580939e+03
6.510338210049187182e+03
6.498756024675735716e+03
6.490251162212014606e+03
6.481718558785663845e+03
6.473138937148903096e+03
6.464482584020266586e+03
6.453340865389624014e+03
6.444609801703256380e+03
6.436521776112954285e+03
6.427675588773721756e+03
6.416311136359927332e+03
6.408095090389200777e+03
6.399817403967134851e+03
6.391469275250938153e+03
6.383087493698201797e+03
6.371493400912681864e+03
6.363003696813971146e+03
6.354485286762846044e+03
6.346601357978216583e+03
6.334829347943619723e+03
6.326846828384893342e+03
6.317194886733040221e+03
6.308501545012889437e+03
6.299450403108410683e+03
6.289609598301527512e+03
6.280453906985115282e+03
6.271556491194764931e+03
6.262302452129609264e+03
6.253033024703558112e+03
6.244413832384790112e+03
6.235016282261244669e+03
6.225543616400717838e+03
6.216814208518437226e+03
6.207256151821293315e+03
6.198392637663041569e+03
6.188738813037977707e+03
6.179807706516852704e+03
6.170815663061396663e+03
6.161459115977737383e+03
6.152374490609900931e+03
6.143222603147072732e+03
6.134034172853626842e+03
6.124474809754421585e+03
6.115167791982540621e+03
6.106302671346178613e+03
6.096921739366720431e+03
6.087466511301530772e+03
6.078426261750013509e+03
6.068891187310677196e+03
6.059748723417345900e+03
6.050593313358680462e+03
6.041673271552353071e+03
6.032444505596959061e+03
6.023109760023266972e+03
6.014039481420373704e+03
6.004609405273555240e+03
5.995142797871482799e+03
5.985632413666366119e+03
5.976365229326800545e+03
5.967555752232494342e+03
5.957892572609130184e+03
5.948976746774585081e+03
5.939230294723593943e+03
5.930201783306516518e+03
5.921175327248269241e+03
5.911257607609200022e+03
5.902091653979579860e+03
5.892898346684163698e+03
5.883348834989626994e+03
5.874040345905279537e+03
5.864706265363472085e+03
5.856166982019016359e+03
5.846392820198864683e+03
5.836909293443956813e+03
5.828230063704221720e+03
5.818321966130381952e+03
5.809543857146404662e+03
5.799500882708097379e+03
5.790621081587263689e+03
5.781406064309991962e+03
5.771525975097820265e+03
5.762184643756536389e+03
5.753104620979783249e+03
5.743658084520647208e+03
5.734182971258437647e+03
5.724947890658363576e+03
5.716258220664873079e+03
5.706609652799746073e+03
5.696911178479382215e+03
5.688071438702465457e+03
5.678275245053159779e+03
5.669668523296595595e+03
5.659760806403769493e+03
5.650762596883130755e+03
5.641680772544114006e+03
5.631621151245391957e+03
5.622101737575138941e+03
5.612899931542281593e+03
5.603628991156330812e+03
5.594280356709697116e+03
5.584918570022568929e+03
5.575518746565095171e+03
5.565720312368447594e+03
5.557128259122296186e+03
5.547555503385506199e+03
5.537608562669552157e+03
5.528915519278202737e+03
5.518860207574226479e+03
5.510044588631789338e+03
5.501218004104367537e+03
5.491020926859067913e+03
5.481729712233698592e+03
5.472733615026686493e+03
5.463348047920124372e+03
5.454253993291635197e+03
5.444796109122518828e+03
5.435291098182052338e+03
5.425703331888326829e+03
5.416419012756769916e+03
5.406733102395306560e+03
5.398024567991144977e+03
5.388278553719345837e+03
5.378445805648033456e+03
5.369614093250482256e+03
5.360713811530983548e+03
5.350729439819978325e+03
5.341755747202199018e+03
5.331662301541998204e+03
5.322596485662232226e+03
5.313458359721862507e+03
5.304263643253353621e+03
5.295023196581213597e+03
5.285788701514762579e+03
5.276135566179101261e+03
5.266748093584112212e+03
5.257295012123781817e+03
5.248594604593444274e+03
5.239065644811110360e+03
5.229502302312041138e+03
5.220645229956941876e+03
5.210951315847932165e+03
5.202002673041017260e+03
5.192187617680029689e+03
5.183165576862405942e+03
5.174394893781229257e+03
5.164137288889308365e+03
5.154920452425981239e+03
5.146008091754462839e+03
5.136725498255179446e+03
5.127390655570615309e+03
5.118302358994720635e+03
5.108893467593791684e+03
5.099394680754995534e+03
5.089840663603645226e+03
5.080290006720401834e+03
5.071795402524515339e+03
5.062097480952296792e+03
5.053539537957014545e+03
5.043761874080626512e+03
5.035115739702740939e+03
5.025208209164408800e+03
5.016444856056607932e+03
5.006469367511942437e+03
4.997604873334898912e+03
4.988717532388141990e+03
4.979769595215941990e+03
4.970741138428699742e+03
4.960193313337512336e+03
4.951094057564758259e+03
4.941968470831984632e+03
4.933669112281360867e+03
4.924426610798462207e+03
4.915144949454088419e+03
4.905498243496891519e+03
4.896085427954858460e+03
4.887573221508238930e+03
4.878105108101454789e+03
4.869503709849748702e+03
4.859889320140280688e+03
4.851216666987133067e+03
4.841203888850594012e+03
4.832723123079345896e+03
4.823881002667055327e+03
4.813743746109210406e+03
4.805129974992208190e+03
4.796149126536347467e+03
4.787121452252763447e+03
4.778041388099778487e+03
4.768933098037272430e+03
4.760075729331392722e+03
4.750847394918983809e+03
4.741604373695391587e+03
4.732281612349477655e+03
4.724239763254385252e+03
4.714843827924574725e+03
4.705366230727366201e+03
4.695858536190954510e+03
4.687652244188398072e+03
4.677720947511366830e+03
4.669409415721581354e+03
4.659694222965689733e+03
4.651293944053527412e+03
4.642868219947439684e+03
4.633016488009896420e+03
4.624146116651427292e+03
4.615565963524111794e+03
4.606947065002884301e+03
4.597958711213491370e+03
4.589212693576327183e+03
4.580129614108996066e+03
4.571322473197232284e+03
4.562462191772356164e+03
4.553250602620762038e+03
4.544294029280926225e+03
4.534957336002064039e+03
4.525595803490218714e+03
4.517921948049393905e+03
4.508456833895868840e+03
4.499244742351163950e+03
4.491138441263051391e+03
4.481542028046244923e+03
4.473623017526674630e+03
4.463929080127497400e+03
4.455656645069273509e+03
4.445831012814407586e+03
4.437467416938693532e+03
4.429020629048898627e+03
4.419387974872627638e+03
4.410863556214442724e+03
4.402324076894721657e+03
4.393695337902398023e+03
4.385067205034637482e+03
4.376369869998148715e+03
4.367637119434956730e+03
4.358852481826497751e+03
4.350029431516447403e+03
4.341147914171881894e+03
4.331919381544214957e+03
4.322951928177984882e+03
4.315485046746175612e+03
4.306431561481887002e+03
4.297325534917191362e+03
4.289416745886211174e+03
4.280233610408632558e+03
4.270969832774732822e+03
4.263257280408739462e+03
4.255215198913027052e+03
4.245830795305355423e+03
4.237686254054677192e+03
4.228190126574023452e+03
4.220274535141301385e+03
4.211997651518924613e+03
4.202374193077716882e+03
4.194018618167724526e+03
4.185611769921160885e+03
4.177489027911250560e+03
4.168994593964257547e+03
4.160782939585242275e+03
4.152222419302061098e+03
4.143598462698015283e+03
4.135255266967712487e+03
4.126562728748831432e+03
4.117821946169928196e+03
4.109326335139256116e+03
4.100501743679095853e+03
4.093321341677029977e+03
4.084386181568656866e+03
4.075425589859687989e+03
4.068144100844243894e+03
4.059074384505908256e+03
4.050264189847810940e+03
4.042884940384772563e+03
4.033680346307667151e+03
4.026210857177320122e+03
4.016912396191021344e+03
4.009334045164108829e+03
4.001744963768229809e+03
3.992007994244210749e+03
3.984349440535784652e+03
3.976621645136835923e+03
3.968856839874707930e+03
3.959235266225539362e+03
3.951380808329462980e+03
3.943196188070907283e+03
3.935263030792536938e+03
3.927292274493075183e+03
3.919278236485138223e+03
3.910936779529548403e+03
3.902845466604984267e+03
3.894712268429022060e+03
3.886245862764110825e+03
3.878024360564452763e+03
3.869742310832094063e+03
3.863041864009717756e+03
3.854695223927933966e+03
3.846020030024736570e+03
3.837588856108871369e+03
3.829944786153886071e+03
3.822209249726116013e+03
3.814098412676830321e+03
3.805973183699803940e+03
3.798098872354793457e+03
3.790088740572231472e+03
3.782335576592555299e+03
3.774431010720170434e+03
3.766298665755925413e+03
3.758618632082633667e+03
3.750781294353678732e+03
3.742728971253526197e+03
3.734832513293169995e+03
3.726883527023363058e+03
3.719422473672629621e+03
3.711592009816764858e+03
3.703739093045900972e+03
3.695837635326628970e+03
3.688098893074625266e+03
3.680332457317271746e+03
3.672510929638133803e+03
3.664668931374745171e+03
3.656996798502625552e+03
3.649579447793455074e+03
3.642016612977078239e+03
3.633925734486409965e+03
3.626293011352301164e+03
3.618617166983287461e+03
3.611132095460789060e+03
3.603595227393626374e+03
3.596034888395513008e+03
3.588417183364749235e+03
3.580779422736613924e+03
3.573296306018516134e+03
3.565481860095015236e+03
3.558149917817956975e+03
3.550576148182020916e+03
3.543170040385350603e+03
3.535440359716257717e+03
3.528178652896240692e+03
3.520654941958413474e+03
3.513016656392649566e+03
3.505658102622020579e+03
3.498471558791470670e+03
3.490950272834061707e+03
3.483461764137959108e+03
3.476111974758432552e+03
3.468760699455684517e+03
3.461334145710483426e+03
3.454145652803417761e+03
3.446632456667624865e+03
3.439376158325631877e+03
3.432017499351761671e+03
3.424922472476228450e+03
3.417494543144040108e+03
3.410325562914630609e+03
3.403055235078471469e+03
3.395757399374558645e+03
3.388707297292088242e+03
3.381334366031212994e+03
3.374161327874375274e+03
3.367248623435767968e+03
3.360005957752985523e+03
3.352741642217645676e+03
3.345703978268386891e+03
3.338590930140360342e+03
3.331445710750121179e+03
3.324268171870862261e+03
3.317041510802715493e+03
3.310055286806354616e+03
3.303286113730960551e+03
3.296213057387256413e+03
3.289123193622441704e+03
3.282216821415363029e+03
3.275034723953172033e+03
3.268055854535853541e+03
3.261075450473290857e+03
3.254278975193597034e+03
3.247213314102199092e+03
3.240366085999365168e+03
3.233472683128384688e+03
3.226554054337515026e+03
3.219609175705680173e+03
3.212878843938608497e+03
3.206115598158385183e+03
3.199306392870953459e+03
3.192478763020745191e+03
3.185320422130572297e+03
3.178688376562960912e+03
3.172018575751054414e+03
3.165307820821234145e+03
3.158592140700465279e+03
3.151814171728882229e+03
3.144991811291491103e+03
3.138426543024912462e+03
3.131817110517149558e+03
3.125186695227170276e+03
3.118224163799000962e+03
3.111799380887619009e+03
3.105067689969590447e+03
3.098279499985188522e+03
3.091753447384715855e+03
3.085177085732841988e+03
3.078589661112157955e+03
3.072246187516921509e+03
3.065575013853779637e+03
3.059167788353533979e+03
3.052432634625156425e+03
3.045948659201771534e+03
3.039443462245646970e+03
3.032894758166547490e+03
3.026327879027251583e+03
3.020011335489669818e+03
3.013655197149030755e+03
3.007275008780684402e+03
3.000856336763573836e+03
2.994400339892737520e+03
2.987932647832374187e+03
2.981437874993918285e+03
2.975466107524462586e+03
2.968907515176563720e+03
2.962591966402203525e+03
2.956533252776674544e+03
2.949881797489956625e+03
2.943782386853793469e+03
2.937638313639717580e+03
2.931191476992991284e+03
2.924987695911934679e+03
2.918777528424149750e+03
2.912513554933498654e+03
2.906536188583789681e+03
2.900223194962652997e+03
2.893895631518148093e+03
2.887830530128816918e+03
2.881442379168515799e+03
2.875591847592583235e+03
2.869440405461513365e+03
2.863263319095839506e+03
2.857361834810288656e+03
2.851120040313811387e+03
2.845177026406806817e+03
2.838884266117257994e+03
2.832856063749344685e+03
2.826824790465885144e+03
2.820764574819370864e+03
2.814966057731085129e+03
2.808847944910866772e+03
2.803022186039016105e+03
2.797142774810649371e+03
2.790929374648693738e+03
2.785344441178859142e+03
2.779379737377520996e+03
2.773409886409793671e+03
2.767408864240021558e+03
2.761687279809860684e+03
2.755693074154653914e+03
2.749923660381027730e+03
2.744129977107414561e+03
2.738319709094767404e+03
2.732469398099933642e+03
2.726604679834415492e+03
2.720766380319668315e+03
2.715170865126331137e+03
2.709219760844794109e+03
2.703558307568961482e+03
2.697622646033199999e+03
2.691930744598142610e+03
2.686531963852537956e+03
2.680514020225715740e+03
2.675069461280860196e+03
2.669255502976482148e+03
2.663493554138947275e+03
2.657985975350774879e+03
2.652440381964913286e+03
2.646594296196348751e+03
2.641356858834365539e+03
2.635727191275776022e+03
2.630165984681965710e+03
2.624475708372422559e+03
2.618871706887661730e+03
2.613483568929690591e+03
2.607828451824607782e+03
2.602394372137611299e+03
2.596686215732285746e+03
2.591572200180586606e+03
2.585796145105508458e+03
2.580638644681477217e+03
2.574800840703985614e+03
2.569592159336367786e+03
2.564083500360746257e+03
2.558822269259826953e+03
2.553252485358703780e+03
2.548056919147556982e+03
2.542708689105999383e+03
2.537061534228867458e+03
2.531785863080623585e+03
2.526740128634577559e+03
2.521037637738068042e+03
2.515668130106695116e+03
2.510557236833258230e+03
2.505150216067941528e+03
2.500120374712058492e+03
2.494913352264863988e+03
2.489443806466155365e+03
2.484325416759135805e+03
2.479190416033910424e+03
2.473891772683924955e+03
2.468704395472569558e+03
2.463499731461754436e+03
2.458254370218520762e+03
2.453006844698082205e+03
2.447980119669576652e+03
2.443084373660769870e+03
2.437740785134293674e+03
2.432788517732154560e+03
2.427414810284335999e+03
2.422415919450275396e+03
2.417393840945325337e+03
2.412602850188429784e+03
2.407533614521759773e+03
2.402452910263095873e+03
2.397323192638865294e+03
2.392194758281953000e+03
2.387029551058628840e+03
2.382260085025247008e+03
2.377059294865688571e+03
2.372232536397143122e+03
2.367408457112338965e+03
2.362549313680933210e+03
2.357237508686834644e+03
2.352334555222820654e+03
2.347833547382985216e+03
2.342882271916183072e+03
2.337919812171837293e+03
2.332912957135577471e+03
2.328084426382876245e+03
2.323040336112188470e+03
2.318408253627500926e+03
2.313328507207661005e+03
2.308644319243209338e+03
2.303947017797111585e+03
2.299242627948276549e+03
2.294504039343076784e+03
2.289481835648632114e+03
2.284707684460609016e+03
2.279900749712396646e+03
2.275524551550719480e+03
2.270685512799986554e+03
2.265551729657069700e+03
2.261109918435462532e+03
2.256659940828613344e+03
2.251717623885956073e+03
2.246964052082398666e+03
2.242442948535449432e+03
2.237895042656067289e+03
2.233328073716184008e+03
2.228501786190921393e+03
2.223891766116709277e+03
2.219250123296705169e+03
2.214825788293876940e+03
2.210150671668680843e+03
2.205928085196032498e+03
2.200963825366441597e+03
2.196702429757708160e+03
2.191688896451721121e+03
2.187386225727889268e+03
2.183074399678855116e+03
2.178474920446352826e+03
2.174111190640594486e+03
2.169488725678973424e+03
2.165083245640930272e+03
2.160410314843988544e+03
2.155963162043533430e+03
2.151491777853008443e+03
2.147252931218749382e+03
2.142742049508913169e+03
2.138476975395786667e+03
2.133915849643373804e+03
2.129597570853373327e+03
2.125519391644667394e+03
2.120658399161066882e+03
2.116281243262887529e+03
2.112134780318618141e+03
2.107717757567222634e+03
2.103529524993793075e+03
2.099077153172851922e+03
2.094858867886113785e+03
2.090366873074571231e+03
2.086365414030977263e+03
2.082087908496033378e+03
2.077536014878146943e+03
2.073732506145005573e+03
2.069140790074687629e+03
2.065058694406458471e+03
2.061200350246298058e+03
2.056546539694043531e+03
2.052408416769331780e+03
2.048504499562390265e+03
2.044318901432075336e+03
2.040125585360325886e+03
2.035924757372413751e+03
2.031934732322478339e+03
2.027685380499338180e+03
2.023406262952391899e+03
2.019365838641270784e+03
2.015058424178475207e+03
2.011283366305648087e+03
2.006938780085230746e+03
2.002821553908669557e+03
1.998987955183309850e+03
1.994584827711313892e+03
1.990724219922958127e+03
1.986856568293478631e+03
1.982631262360821665e+03
1.978717645338950661e+03
1.974778825740594129e+03
1.970841122413874018e+03
1.966875553852634084e+03
1.962888032513553981e+03
1.958887119315930477e+03
1.955114728489945037e+03
1.951069836941695485e+03
1.947014270466717335e+03
1.942938148601509511e+03
1.938855948391423226e+03
1.935334103907368217e+03
1.931198409670917499e+03
1.927051155736512328e+03
1.923484316825496762e+03
1.919300967321904636e+03
1.915695205900453402e+03
1.912075300831529603e+03
1.907839777897677777e+03
1.904184145336027996e+03
1.900514289650650426e+03
1.896220040206009799e+03
1.892525705826652484e+03
1.888805329605879479e+03
1.885060944066428419e+03
1.881304764327391695e+03
1.877534172183224882e+03
1.873756366844831064e+03
1.869949452666190609e+03
1.866119452119188054e+03
1.862906466046479409e+03
1.859058660207734647e+03
1.855185856161661604e+03
1.851295312566435086e+03
1.848021291408702609e+03
1.844098734043794366e+03
1.840792448445190985e+03
1.836833289259207277e+03
1.833267148001860278e+03
1.829272808808452510e+03
1.825912262606939748e+03
1.822522332324340823e+03
1.818475651706776944e+03
1.815062930900671518e+03
1.811644028741467537e+03
1.807970689995305747e+03
1.804512411548617592e+03
1.800367603849847910e+03
1.796885574010891560e+03
1.793378062171318106e+03
1.789854956731269567e+03
1.786086821440173480e+03
1.783202373942300710e+03
1.779633048828613028e+03
1.776047498745478833e+03
1.772216987939767705e+03
1.768598000626619068e+03
1.765653215062219033e+03
1.761996148294483191e+03
1.758101052354892090e+03
1.755106416110189230e+03
1.751416374132376632e+03
1.748394142006962966e+03
1.744426370536980130e+03
1.741373682462134639e+03
1.737615341981487745e+03
1.734309092348148852e+03
1.731216128576578058e+03
1.727392438811290276e+03
1.724053043784889951e+03
1.720916627175014810e+03
1.717766134070445332e+03
1.714376018415366843e+03
1.710484891128979143e+03
1.707282464753938257e+03
1.703847925412086852e+03
1.700621708594970187e+03
1.697391533038575517e+03
1.693913394597928118e+03
1.690636212666049687e+03
1.687128677203717871e+03
1.684567602535863216e+03
1.681264902592486123e+03
1.677713854569764635e+03
1.674369424568858221e+03
1.670781514825116346e+03
1.668166249958434264e+03
1.664556371884292048e+03
1.661152007952085341e+03
1.658489466075754763e+03
1.654833908158694840e+03
1.652143349870929114e+03
1.648458359550942987e+03
1.645745297939836291e+03
1.642038366617055544e+03
1.639290832381302152e+03
1.635544677177138055e+03
1.632779122995927310e+03
1.629788174473156005e+03
1.626217147419182538e+03
1.623184630459310483e+03
1.620363873794010487e+03
1.617313326146681447e+03
1.613688135919372826e+03
1.610610004261489621e+03
1.607512854640408932e+03
1.604627302850670731e+03
1.601518536539483193e+03
1.598527708551220940e+03
1.595384295815871155e+03
1.592447285061612320e+03
1.589360665948685437e+03
1.586394800410047310e+03
1.583278433493101829e+03
1.580150453585540617e+03
1.577317818711974041e+03
1.574156988698256328e+03
1.571290090727018423e+03
1.568187689830310546e+03
1.565167386840969812e+03
1.562344257726946125e+03
1.559284038361432977e+03
1.556217338192623401e+03
1.553361257009733208e+03
1.550352552557201761e+03
1.547330943556174361e+03
1.544506447060021173e+03
1.541544985929966970e+03
1.538493303576687367e+03
1.535806867009397820e+03
1.532807543035826711e+03
1.529789566843170860e+03
1.527075362905415659e+03
1.524124766893403830e+03
1.521161254421947206e+03
1.518486577857353950e+03
1.515500283876158846e+03
1.512587256180927398e+03
1.509877106964948098e+03
1.507025748908085234e+03
1.504083427121865952e+03
1.501209711420287931e+03
1.498530756061781631e+03
1.495721932866950738e+03
1.492811731954210472e+03
1.489986597154925448e+03
1.487354008364313813e+03
1.484491606980736606e+03
1.481621102819185126e+03
1.478839069292665044e+03
1.476250757226468522e+03
1.473437362456353867e+03
1.470605762527318120e+03
1.467867144140789833e+03
1.465108639861113488e+03
1.462460209621609692e+03
1.459773101032119484e+03
1.456983026934088684e+03
1.454179104179742353e+03
1.451457309363544255e+03
1.448934107757434731e+03
1.446196405814258242e+03
1.443529102117232696e+03
1.440760508954580018e+03
1.438075978432315196e+03
1.435380143179206243e+03
1.432888618623490629e+03
1.430260469987862962e+03
1.427530019625884734e+03
1.424885114369666098e+03
1.422236090738343364e+03
1.419568312556181354e+03
1.416882119085074009e+03
1.414290106425875138e+03
1.411904508612497693e+03
1.409191336007876544e+03
1.406565676901082725e+03
1.404020724647983343e+03
1.401372877142721109e+03
1.398819290177636049e+03
1.396249246314175025e+03
1.393667046490343182e+03
1.391075090686237900e+03
1.388675454300814863e+03
1.386169442367137890e+03
1.383645916055017096e+03
1.381007432262519387e+03
1.378462171360803495e+03
1.376010692335102704e+03
1.373443767669642739e+03
1.370969222808744007e+03
1.368484333228095466e+03
1.365988768272716925e+03
1.363488086968047355e+03
1.360965757635567570e+03
1.358437840696445392e+03
1.356002923721952811e+03
1.353559308713669225e+03
1.351112307332721230e+03
1.348647406756809232e+03
1.346166881142996317e+03
1.343788044820724053e+03
1.341290055923225054e+03
1.338890471953094220e+03
1.336487767274708631e+03
1.334067451698171453e+03
1.331631636041932552e+03
1.329299733685045567e+03
1.326848434000057068e+03
1.324503066526591056e+03
1.322139194996400420e+03
1.319766813598492263e+03
1.317384205826421521e+03
1.314986102790697942e+03
1.312692958296173629e+03
1.310286404635992540e+03
1.307974553809666304e+03
1.305652585015071736e+03
1.303318856626339993e+03
1.300976731279607293e+03
1.298733036771302068e+03
1.296369574361120840e+03
1.294118255296706138e+03
1.291849923734525873e+03
1.289572264968206809e+03
1.287284904271105006e+03
1.284987629433697748e+03
1.282796271452765950e+03
1.280479192638241784e+03
1.278270327339394044e+03
1.275931841943490554e+03
1.273498288253708097e+03
1.271258802439390820e+03
1.269126342534720379e+03
1.266867647405186517e+03
1.264599141196592200e+03
1.262446392010087948e+03
1.260277743360863042e+03
1.257979888830715709e+03
1.255787126989100898e+03
1.253710380270645146e+03
1.251503738616451983e+03
1.249085218162663296e+03
1.246981076230414146e+03
1.244744337227237565e+03
1.242621657691940527e+03
1.240489785649497207e+03
1.238348654613059125e+03
1.236198193139610339e+03
1.234038330358144322e+03
1.231791593208597078e+03
1.229619568910290354e+03
1.227556569508911480e+03
1.225484635908944256e+03
1.223277936461831814e+03
1.221187410669271912e+03
1.219214384340278457e+03
1.217105983103010885e+03
1.214787538957908282e+03
1.212788351335927700e+03
1.210646160621646231e+03
1.208629251501579347e+03
1.206603580721347043e+03
1.204569286090674041e+03
1.202325795017902237e+03
1.200273561192851275e+03
1.198212254506877571e+03
1.196272834580438484e+03
1.194193668478190830e+03
1.192236854703987547e+03
1.190139559239688424e+03
1.187970219426048970e+03
1.185987262407903927e+03
1.183995741145322654e+03
1.181995389095305427e+03
1.179986210828740468e+03
1.177897037835800575e+03
1.175870731997812072e+03
1.173970324593339683e+03
1.172061848104133105e+03
1.170013483354844766e+03
1.168087807717203304e+03
1.165950132865180422e+03
1.164007360518342693e+03
1.162055999199399821e+03
1.160233983467340977e+03
1.158265703906719182e+03
1.156233565884356494e+03
1.154242079767741643e+03
1.152387659487035080e+03
1.150525021439651027e+03
1.148658777507364675e+03
1.146575425855974345e+03
1.144687892915686461e+03
1.142793627878548705e+03
1.140890782703785590e+03
1.139119113386513845e+03
1.137000871642080028e+03
1.135214801072964065e+03
1.133275552091065720e+03
1.131473323869284286e+03
1.129663465092473871e+03
1.127643691069661372e+03
1.125822008743187553e+03
1.123987862267638320e+03
1.122139560347138286e+03
1.120440186461313033e+03
1.118384530255619211e+03
1.116513535311895339e+03
1.114786645724025448e+03
1.113057394252944277e+03
1.111160135003322466e+03
1.109213515334875410e+03
1.107461030382254876e+03
1.105689609150911110e+03
1.103915684836143328e+03
1.102138237972982552e+03
1.100299863071040363e+03
1.098503953706183211e+03
1.096851322871100137e+03
1.095037050912598261e+03
1.093174253802671501e+03
1.091346181237339579e+03
1.089662092621783131e+03
1.087972846163550685e+03
1.086275287911093983e+03
1.084368179560590988e+03
1.082660425003291039e+03
1.080939996298509868e+03
1.079205547392396511e+03
1.077630978245191045e+03
1.075691737136192160e+03
1.074099990278617270e+03
1.072339613430503960e+03
1.070731968985839330e+03
1.069118788828708148e+03
1.067301290560747020e+03
1.065513016054049103e+03
1.063876344822021110e+03
1.062234897665627159e+03
1.060387935137765226e+03
1.058888951170350765e+03
1.057223707392521192e+03
1.055551720132401215e+03
1.054034748422049233e+03
1.052147942716348325e+03
1.050618620329721125e+03
1.048922859365649629e+03
1.047375201470434149e+03
1.045824345453403112e+03
1.044072014661786170e+03
1.042339407904496511e+03
1.040769491343808340e+03
1.039361094618065636e+03
1.037771116426005392e+03
1.035984643709616876e+03
1.034384558582519958e+03
1.032777910086309703e+03
1.031335827010821504e+03
1.029717482852986677e+03
1.028257714391768786e+03
1.026426170029183595e+03
1.024959030294736067e+03
1.023483263363501578e+03
1.022003341046860783e+03
1.020340267978052339e+03
1.018840244543070185e+03
1.017143269307102514e+03
1.015635505021098652e+03
1.014121615429625422e+03
1.012772537547400361e+03
1.011243893507281200e+03
1.009710137728211066e+03
1.007967783326283666e+03
1.006599058770515853e+03
1.005042747708584557e+03
1.003661516762982728e+03
1.002087993655884361e+03
1.000698589421422525e+03
9.992979121912670735e+02
9.978880030338126517e+02
9.962790695546868847e+02
9.946716405984568610e+02
9.932509958342500340e+02
9.918143752371789788e+02
9.903757570295430241e+02
9.891159660205079263e+02
9.876653190017746056e+02
9.862022211884145690e+02
9.847331230169313585e+02
9.834555612184813072e+02
9.817786070538608101e+02
9.804831396068454978e+02
9.789916952925069609e+02
9.776852579395063003e+02
9.761807239015487312e+02
9.748615846768889242e+02
9.735313688913124679e+02
9.722032748542332001e+02
9.708628577392768193e+02
9.693238980958427646e+02
9.679781338607954240e+02
9.666141928695944898e+02
9.654514132716882386e+02
9.640801579286209062e+02
9.627037278564147300e+02
9.613192401143750203e+02
9.599280853586647027e+02
9.587292822908771086e+02
9.573312709140573133e+02
9.561195182966861239e+02
9.547067575186295016e+02
9.534822636744779629e+02
9.520525125519484391e+02
9.508211718999541517e+02
9.493787903676682163e+02
9.481337118058062288e+02
9.468802134331740490e+02
9.456268932876434974e+02
9.443584716685833200e+02
9.430950713917827670e+02
9.420110257959781848e+02
9.407293105490836069e+02
9.394412823256234333e+02
9.381498645806674404e+02
9.368493616298818552e+02
9.355421021657037954e+02
9.342290475827832097e+02
9.331186228940526917e+02
9.317931509054084245e+02
9.306755526139810399e+02
9.295381022376286637e+02
9.284082184723731643e+02
9.270623784732204058e+02
9.259202526492736069e+02
9.245580661525069672e+02
9.234064667446480144e+02
9.222472143495035652e+02
9.212873971421696524e+02
9.199026803275070279e+02
9.187235235174136960e+02
9.175482191349987033e+02
9.163628323082358520e+02
9.153711163805916158e+02
9.141769157888269319e+02
9.129795697833767463e+02
9.117708460543050251e+02
9.107819909079951231e+02
9.097611628697227388e+02
9.085362906805239618e+02
9.073091222306024974e+02
9.065039598953084123e+02
9.052626961453918284e+02
9.042434558290150335e+02
9.029939208056193820e+02
9.021689177622391753e+02
9.009002789772162032e+02
8.998647519664269794e+02
8.990247660946405404e+02
8.977417552836001278e+02
8.966881709986608939e+02
8.958327419388294857e+02
8.947695661003665464e+02
8.939039316000688586e+02
8.928295256846365646e+02
8.917529378178127217e+02
8.908708027676111669e+02
8.897791764777647359e+02
8.888910617281143232e+02
8.877888876917716061e+02
8.868892954685480845e+02
8.860193325010785657e+02
8.851107626219934446e+02
8.839880576639612855e+02
8.833123406191452887e+02
8.821802521500143257e+02
8.814956655989507226e+02
8.803574692536705015e+02
8.796616201861438640e+02
8.787146859367481966e+02
8.778057078041009618e+02
8.771004623338380952e+02
8.761346352902222634e+02
8.752162706275564688e+02
8.744929664384287662e+02
8.737702914677042827e+02
8.730446237974406358e+02
8.721034227052449523e+02
8.713675552304288203e+02
8.706275335278221519e+02
8.698801506325675064e+02
8.691323759826419746e+02
8.683803088553595444e+02
8.676749769299074160e+02
8.669132938426600958e+02
8.661439693276431626e+02
8.653742255601943043e+02
8.648610692624414469e+02
8.640764572664746765e+02
8.635613788984276198e+02
8.630416207980083527e+02
8.624405603807352918e+02
8.618948978311013889e+02
8.613461990531686752e+02
8.607944382979375177e+02
8.602395895202502061e+02
8.596816263744580056e+02
8.591205222100057881e+02
8.585562500669427664e+02
8.579887826713484174e+02
8.574180924306760971e+02
8.568441514290157102e+02
8.562669314222656567e+02
8.556864038332192877e+02
8.553804862969678879e+02
8.547941532167548075e+02
8.542044307118819688e+02
8.536112888822088962e+02
8.530146974693655011e+02
8.524146258512871555e+02
8.518110430366381252e+02
8.514881734418688666e+02
8.508784126882471810e+02
8.502650518631108980e+02
8.496480585067416769e+02
8.490942625709628828e+02
8.484704549434133014e+02
8.478429204358798188e+02
8.475023135352436157e+02
8.468682057937378431e+02
8.462302746790285255e+02
8.458820411155502370e+02
8.452373600746349211e+02
8.445887556813675019e+02
8.440077547122634769e+02
8.433517914729523000e+02
8.429901508487381534e+02
8.423271302680783492e+02
8.416600127789204180e+02
8.412901353190310374e+02
8.406157658534290249e+02
8.400125946740632799e+02
8.393304094463934462e+02
8.389492931382224015e+02
8.382595918533980921e+02
8.378729545314055258e+02
8.372537743605538481e+02
8.365526571956971793e+02
8.361575066448626785e+02
8.354485332837211899e+02
8.350475881153317914e+02
8.344116899913020688e+02
8.336907870697591534e+02
8.332809128187344641e+02
8.328685324916392574e+02
8.319015263696874172e+02
8.314824627088316902e+02
8.310608129823754098e+02
8.306365530138476743e+02
8.296513598294480971e+02
8.292201671411356756e+02
8.287862799969448133e+02
8.281120169674161389e+02
8.273456731518339211e+02
8.269018711721331556e+02
8.262162278836858604e+02
8.257662185961567047e+02
8.253133439368417612e+02
8.246170579201740338e+02
8.241577999402576324e+02
8.233612301409268639e+02
8.226529451961191626e+02
8.221829883025114896e+02
8.217099810741578949e+02
8.209904567185275255e+02
8.205106770355365597e+02
8.200277531882925359e+02
8.192966855472785710e+02
8.188067914336885451e+02
8.180677310724424842e+02
8.175707291871302687e+02
8.170704173937050427e+02
8.163192802565614556e+02
8.158116496099107735e+02
8.150521510504801199e+02
8.148892870674814048e+02
8.143720082743727744e+02
8.136010699901158887e+02
8.130761191688956160e+02
8.122964445039817747e+02
8.117636653131988851e+02
8.109750899636778740e+02
8.107953974962360917e+02
8.099990117891396721e+02
8.094514717834215389e+02
8.086458628178370418e+02
8.080900201871933177e+02
8.076425386301987146e+02
8.070796424408098346e+02
8.062563667686235931e+02
8.060563775886232634e+02
8.052246883335481016e+02
8.046458081032504879e+02
8.038041993153296971e+02
8.035933457166710241e+02
8.027429973793374529e+02
8.025271852921090385e+02
8.016679380440886007e+02
8.010645937427594845e+02
8.005787451426828056e+02
7.999674267880760681e+02
7.994751350340613953e+02
7.985919894631937268e+02
7.979672789634969376e+02
7.974641684991410102e+02
7.968310587215744363e+02
7.963211603178606310e+02
7.954129640879725684e+02
7.951626524739552906e+02
7.944037947546962641e+02
7.939483435052537743e+02
7.932606386356874282e+02
7.925283223818855731e+02
7.921017661902873215e+02
7.914012621938594521e+02
7.906962888375327339e+02
7.902586024065668653e+02
7.895450623028630162e+02
7.891000132389306145e+02
7.884190858930541026e+02
7.876922670966608848e+02
7.872773053583666751e+02
7.865834601894919160e+02
7.858850965148534442e+02
7.851821692170578899e+02
7.847519790926385213e+02
7.840403208791129828e+02
7.833665877194779341e+02
7.829249071370744559e+02
7.822426659848190411e+02
7.815559060345743774e+02
7.811025201021068369e+02
7.804069818426097527e+02
7.797504165602648527e+02
7.790456809876258149e+02
7.786199978501076657e+02
7.779504241556811621e+02
7.772320228151202173e+02
7.765532095472549372e+02
7.761562467388901041e+02
7.754239187584587398e+02
7.747315625913189479e+02
7.740796494030186068e+02
7.733779152252589029e+02
7.729610995623079361e+02
7.722959582952240680e+02
7.715803019611594209e+02
7.709057438125699946e+02
7.702264919540300525e+02
7.698357113321620773e+02
7.691475547091956741e+02
7.684545543348624506e+02
7.677566580341048166e+02
7.670538128662469717e+02
7.666901443209732179e+02
7.660256984480970459e+02
7.653087148815999399e+02
7.646345751924458227e+02
7.639556051136739825e+02
7.632717517296158576e+02
7.625829613357517474e+02
7.621909774863964913e+02
7.615418372945746341e+02
7.608387913236035729e+02
7.601799982136085418e+02
7.595163983501993243e+02
7.587981237477242757e+02
7.581245435182245274e+02
7.574459916425643087e+02
7.567624120485954791e+02
7.561243941348318458e+02
7.557400857824250124e+02
7.550420214971254609e+02
7.543900077652428990e+02
7.536815885470123249e+02
7.530195344460943261e+02
7.523524818989515097e+02
7.516803732895454004e+02
7.510031500994479075e+02
7.503207528898216196e+02
7.496859700349164086e+02
7.489932707439423893e+02
7.483485185052127235e+02
7.476452759720638142e+02
7.469903173660703715e+02
7.463302804831351978e+02
7.456651052483740614e+02
7.449947306219937673e+02
7.443190945795425932e+02
7.436381340916711906e+02
7.430069718655807947e+02
7.423154143475203455e+02
7.416740142544163064e+02
7.409716039634737399e+02
7.403197149224264422e+02
7.396626095520417721e+02
7.390002242036118787e+02
7.383324941746138848e+02
7.377165343659121390e+02
7.370381756138078799e+02
7.363542739334532143e+02
7.357227208013434847e+02
7.350277911136255398e+02
7.343856012877429293e+02
7.337381255414489942e+02
7.330852975766988493e+02
7.324270499680275179e+02
7.314238275440850430e+02
7.307535807241287102e+02
7.300777004761228000e+02
7.294564925717788810e+02
7.287694121699006473e+02
7.281374254401416692e+02
7.275000865676257717e+02
7.268573265317344294e+02
7.262090751059490685e+02
7.255552608310695177e+02
7.245468839826570502e+02
7.238806971375444164e+02
7.232087202227431817e+02
7.225941426760741706e+02
7.219106616806861894e+02
7.212850380110530750e+02
7.206539337548493904e+02
7.195969825838211591e+02
7.189532891931819449e+02
7.183038830263344607e+02
7.176486868868057627e+02
7.169813791748149470e+02
7.162422856732515584e+02
7.154967379930727702e+02
7.148113457092631506e+02
7.141199780725128221e+02
7.133552103042651424e+02
7.126513224623007545e+02
7.119412132187546831e+02
7.112247986517003255e+02
7.105019933017282483e+02
7.097727101360472943e+02
7.091062345013046979e+02
7.083640784422090064e+02
7.075778114701341792e+02
7.068923862242395444e+02
7.062007417559505029e+02
7.053939544321189032e+02
7.046891343102950032e+02
7.039399008246049334e+02
7.032218993666316464e+02
7.024590715031282571e+02
7.018004862922686016e+02
7.010240579302188735e+02
7.003141613080501884e+02
6.995622581805786240e+02
6.988389485148602489e+02
6.980340447394484045e+02
6.972968149757159608e+02
6.965526709097298408e+02
6.958407345979584306e+02
6.950825843038451239e+02
6.943546174180798971e+02
6.935822170719899304e+02
6.928023920746295516e+02
6.920931344804607761e+02
6.912985550790692741e+02
6.905751673883423791e+02
6.898447686429555006e+02
6.889871087370073610e+02
6.882418089687638485e+02
6.874891752838401544e+02
6.867694667417063101e+02
6.860021473727774719e+02
6.851861578519387876e+02
6.844032525236902984e+02
6.836540883814060408e+02
6.828975510462510101e+02
6.820912402613889753e+02
6.813192930583034013e+02
6.805396288563480311e+02
6.797521297997928968e+02
6.789987670692928532e+02
6.781953735664910710e+02
6.773837774331922219e+02
6.766510535490140228e+02
6.758231689901291475e+02
6.750749001643603151e+02
6.742302169070695754e+02
6.734659056153050187e+02
6.726936377739939417e+02
6.719132869413659819e+02
6.709903860044701105e+02
6.701927917713771876e+02
6.694785778925270279e+02
6.686204224083725194e+02
6.677973516321399075e+02
6.670588881309930684e+02
6.661739676931192662e+02
6.654187928542819463e+02
6.645154400818228169e+02
6.637429912895881898e+02
6.629169603422229784e+02
6.620819793751376210e+02
6.612833194841143722e+02
6.604301508543680939e+02
6.595675781630666279e+02
6.587413561367960710e+02
6.579596303262031824e+02
6.570686723683270429e+02
6.562688841482464568e+02
6.554601450596007908e+02
6.545398140874959836e+02
6.537120652327618018e+02
6.528748874433274523e+02
6.520281165901035365e+02
6.511715846585395866e+02
6.503051196312210323e+02
6.494871961741793029e+02
6.486008481987230425e+02
6.477040341190705703e+02
6.469051515166763693e+02
6.459389876783319551e+02
6.451201949130995672e+02
6.442426816165699393e+02
6.434039776656181857e+02
6.425058062005874717e+02
6.416464563080169228e+02
6.407268687232043476e+02
6.398461011239734262e+02
6.389043012447211822e+02
6.380670521752018658e+02
6.371533324173838082e+02
6.362950165051368003e+02
6.354261642336043678e+02
6.344272910305038522e+02
6.335359418307724582e+02
6.326850018144158412e+02
6.317195603863937095e+02
6.308460875079869083e+02
6.299090237758385911e+02
6.290319175372922018e+02
6.280712122680635048e+02
6.270979951438688431e+02
6.262391588106063409e+02
6.252411039221229885e+02
6.243587952180782850e+02
6.234648626011259012e+02
6.225050468601575631e+02
6.215869173244238937e+02
6.206019467804984515e+02
6.196586247451126610e+02
6.187024386107457303e+02
6.176779035689189641e+02
6.168318334089609607e+02
6.157805134727011591e+02
6.148537304807574628e+02
6.138304747918123212e+02
6.128773613168012844e+02
6.119110737917387723e+02
6.108449466897468483e+02
6.098506033834830760e+02
6.088422092305947899e+02
6.079662586234657056e+02
6.069300202808383347e+02
6.059371328932531924e+02
6.048708902556327303e+02
6.038817377196465941e+02
6.028439957031640688e+02
6.018851520569941158e+02
6.008524286473169695e+02
5.998646821581157837e+02
5.988621410645268952e+02
5.978444661612135178e+02
5.968113076469006728e+02
5.957010847138168401e+02
5.946355572260285953e+02
5.935534263064613469e+02
5.925583561002200668e+02
5.914429744380080365e+02
5.904789035367668930e+02
5.892658963140697779e+02
5.882691341208925451e+02
5.871925882398664953e+02
5.861630498529858642e+02
5.850522463808180191e+02
5.839235145497917756e+02
5.828415213585993797e+02
5.816759233666309683e+02
5.804910218583842152e+02
5.794713716707636877e+02
5.783146522322269902e+02
5.772595195246560706e+02
5.761866407747540961e+02
5.749034439990590499e+02
5.737918533587705952e+02
5.726610601067944799e+02
5.715105555476700374e+02
5.703398125901983349e+02
5.691482848949580102e+02
5.681390765574345778e+02
5.669063245221468605e+02
5.655802680035726553e+02
5.645113582730040207e+02
5.632109556825647587e+02
5.621003795083711339e+02
5.608966506315326797e+02
5.597437643553894304e+02
5.583480448624782184e+02
5.570746585095521368e+02
5.560771867923767786e+02
5.547577923829777546e+02
5.534881652260387455e+02
5.521175448774456527e+02
5.510318262358041466e+02
5.496095010655369606e+02
5.483995703579496421e+02
5.471655939345304205e+02
5.457386038956144603e+02
5.444520241602546093e+02
5.431390440951615801e+02
5.417988308393395300e+02
5.405108113109199621e+02
5.391140242308904362e+02
5.379515717462327302e+02
5.364971232719879026e+02
5.351461433017936997e+02
5.337655505658233324e+02
5.322983724024550156e+02
5.309114322498908223e+02
5.295216074856105024e+02
5.281288979330844313e+02
5.267041377361186960e+02
5.252184784697014948e+02
5.237861458467301645e+02
5.223501244837532340e+02
5.209103914679205900e+02
5.193774454653338353e+02
5.179295064631788819e+02
5.163868989809139975e+02
5.148981671918938900e+02
5.133452382000796206e+02
5.118799620776118218e+02
5.102830943592572339e+02
5.086797376684989445e+02
5.071651211014514047e+02
5.055139032516585189e+02
5.038906678876012961e+02
5.022604760350895958e+02
5.006848706290573432e+02
4.990031491620160295e+02
4.973510056629730229e+02
4.956526573266092441e+02
4.939454169236457801e+02
4.922290764795607174e+02
4.905034187139979167e+02
4.886220211982394517e+02
4.868753585383679479e+02
4.850759672259326862e+02
4.833081619049472124e+02
4.814207656081855475e+02
4.795854075977429716e+02
4.776261276983503308e+02
4.757635221932697505e+02
4.737739368860500804e+02
4.718822892766765449e+02
4.698603929672933646e+02
4.679377016057514993e+02
4.658302045630924226e+02
4.637539587799377045e+02
4.616581746134898481e+02
4.594879688543627481e+02
4.573497404524964622e+02
4.551331777925651068e+02
4.529489938044912378e+02
4.506821671336410873e+02
4.483193764382652375e+02
4.459963394789261883e+02
4.436433473402577192e+02
4.411258109789374089e+02
4.387726455517848763e+02
4.361843632422513224e+02
4.335564775568705045e+02
4.309575037302012106e+02
4.282458683312226526e+02
4.254880694419041447e+02
4.227576003325406759e+02
4.199015431755255463e+02
4.169227489214709408e+02
4.139547332283811443e+02
4.108578436868286872e+02
4.076095618991159313e+02
4.045334831674348379e+02
4.013225679012374485e+02
3.979443124519183925e+02
3.943205653516154143e+02
3.908690518176207433e+02
3.873284747860875541e+02
3.835230991627875596e+02
3.797812121182255396e+02
3.760433663864474738e+02
3.720167937574014445e+02
3.679873094405339771e+02
3.640109286018795274e+02
3.599235077291218659e+02
3.557155610339162308e+02
3.513749457827404967e+02
3.471704324926908498e+02
3.426916129896496273e+02
3.383772696841905372e+02
3.339098048323527337e+02
3.293796303489569937e+02
3.247820683699779352e+02
3.201118196687241948e+02
3.153194367164463188e+02
