5.29056e+12	4.17272e-11
7.05408e+12	7.43584e-11
8.8176e+12	1.16193e-10
1.05811e+13	1.66715e-10
1.23446e+13	2.27465e-10
1.41082e+13	2.96732e-10
1.58717e+13	3.74592e-10
1.76352e+13	4.61895e-10
1.93987e+13	5.58959e-10
2.11622e+13	6.64411e-10
2.29258e+13	7.79871e-10
2.46893e+13	9.0551e-10
2.64528e+13	1.03794e-09
2.82163e+13	1.17683e-09
2.99798e+13	1.33011e-09
3.17434e+13	1.48603e-09
3.35069e+13	1.65719e-09
3.52704e+13	1.82991e-09
3.70339e+13	2.01525e-09
3.87974e+13	2.20861e-09
4.0561e+13	2.41697e-09
4.23245e+13	2.61839e-09
4.4088e+13	2.84471e-09
4.58515e+13	3.06644e-09
4.7615e+13	3.30559e-09
4.93785e+13	3.55129e-09
5.11421e+13	3.79922e-09
5.29056e+13	4.05615e-09
5.46691e+13	4.32531e-09
5.64326e+13	4.59802e-09
5.81961e+13	4.86551e-09
5.99597e+13	5.15978e-09
6.17232e+13	5.45326e-09
6.34867e+13	5.76937e-09
6.52502e+13	6.06411e-09
6.70137e+13	6.37965e-09
6.87773e+13	6.70421e-09
7.05408e+13	7.05038e-09
7.23043e+13	7.3733e-09
7.40678e+13	7.72443e-09
7.58313e+13	8.05679e-09
7.75949e+13	8.41688e-09
7.93584e+13	8.80133e-09
8.11219e+13	9.13927e-09
8.28854e+13	9.51633e-09
8.46489e+13	9.9124e-09
8.64125e+13	1.02794e-08
8.8176e+13	1.06609e-08
8.99395e+13	1.1089e-08
9.1703e+13	1.14826e-08
9.34665e+13	1.18577e-08
9.52301e+13	1.22779e-08
9.69936e+13	1.27162e-08
9.87571e+13	1.31002e-08
1.00521e+14	1.35187e-08
1.02284e+14	1.39946e-08
1.04048e+14	1.44238e-08
1.05811e+14	1.48632e-08
1.07575e+14	1.52666e-08
1.09338e+14	1.57456e-08
1.11102e+14	1.61558e-08
1.12865e+14	1.66069e-08
1.14629e+14	1.70623e-08
1.16392e+14	1.75627e-08
1.18156e+14	1.80016e-08
1.19919e+14	1.84265e-08
1.21683e+14	1.89414e-08
1.23446e+14	1.94172e-08
1.2521e+14	1.98679e-08
1.26973e+14	2.03441e-08
1.28737e+14	2.07812e-08
1.305e+14	2.12879e-08
1.32264e+14	2.17299e-08
1.34027e+14	2.22243e-08
1.35791e+14	2.26882e-08
1.37555e+14	2.31889e-08
1.39318e+14	2.37124e-08
1.41082e+14	2.41546e-08
1.42845e+14	2.46268e-08
1.44609e+14	2.51578e-08
1.46372e+14	2.56716e-08
1.48136e+14	2.61492e-08
1.49899e+14	2.65965e-08
1.51663e+14	2.71384e-08
1.53426e+14	2.76187e-08
1.5519e+14	2.81002e-08
1.56953e+14	2.8616e-08
1.58717e+14	2.90314e-08
1.6048e+14	2.95139e-08
1.62244e+14	2.99872e-08
1.64007e+14	3.05166e-08
1.65771e+14	3.10736e-08
1.67534e+14	3.14747e-08
1.69298e+14	3.20334e-08
1.71061e+14	3.24424e-08
1.72825e+14	3.29148e-08
1.74588e+14	3.34762e-08
1.76352e+14	3.40136e-08
1.78115e+14	3.44062e-08
1.79879e+14	3.49704e-08
1.81643e+14	3.5359e-08
1.83406e+14	3.59246e-08
1.8517e+14	3.63084e-08
1.86933e+14	3.68737e-08
1.88697e+14	3.72672e-08
1.9046e+14	3.78197e-08
1.92224e+14	3.82971e-08
1.93987e+14	3.86697e-08
1.95751e+14	3.91431e-08
1.97514e+14	3.96942e-08
1.99278e+14	4.01659e-08
2.01041e+14	4.05277e-08
2.02805e+14	4.0914e-08
2.04568e+14	4.1475e-08
2.06332e+14	4.19241e-08
2.08095e+14	4.22873e-08
2.09859e+14	4.27312e-08
2.11622e+14	4.32895e-08
2.13386e+14	4.36272e-08
2.15149e+14	4.41823e-08
2.16913e+14	4.46188e-08
2.18676e+14	4.50515e-08
2.2044e+14	4.53912e-08
2.22203e+14	4.57394e-08
2.23967e+14	4.62697e-08
2.25731e+14	4.67068e-08
2.27494e+14	4.70157e-08
2.29258e+14	4.74451e-08
2.31021e+14	4.79673e-08
2.32785e+14	4.82641e-08
2.34548e+14	4.86845e-08
2.36312e+14	4.9114e-08
2.38075e+14	4.93963e-08
2.39839e+14	4.98067e-08
2.41602e+14	5.03134e-08
2.43366e+14	5.07006e-08
2.45129e+14	5.09652e-08
2.46893e+14	5.14807e-08
2.48656e+14	5.17359e-08
2.5042e+14	5.21331e-08
2.52183e+14	5.25198e-08
2.53947e+14	5.27594e-08
2.5571e+14	5.3241e-08
2.57474e+14	5.35966e-08
2.59237e+14	5.38394e-08
2.61001e+14	5.43123e-08
2.62764e+14	5.4653e-08
2.64528e+14	5.49915e-08
2.66291e+14	5.53446e-08
2.68055e+14	5.55674e-08
2.69819e+14	5.57606e-08
2.71582e+14	5.6078e-08
2.73346e+14	5.65224e-08
2.75109e+14	5.6853e-08
2.76873e+14	5.70239e-08
2.78636e+14	5.73215e-08
2.804e+14	5.7616e-08
2.82163e+14	5.79048e-08
2.83927e+14	5.81886e-08
2.8569e+14	5.86251e-08
2.87454e+14	5.88996e-08
2.89217e+14	5.9032e-08
2.90981e+14	5.92956e-08
2.92744e+14	5.95534e-08
2.94508e+14	5.98186e-08
2.96271e+14	6.0088e-08
2.98035e+14	6.03426e-08
2.99798e+14	6.058e-08
3.01562e+14	6.08246e-08
3.03325e+14	6.10495e-08
3.05089e+14	6.14258e-08
3.06852e+14	6.1654e-08
3.08616e+14	6.17569e-08
3.10379e+14	6.21185e-08
3.12143e+14	6.21851e-08
3.13906e+14	6.23912e-08
3.1567e+14	6.26046e-08
3.17434e+14	6.29474e-08
3.19197e+14	6.30033e-08
3.20961e+14	6.33344e-08
3.22724e+14	6.35263e-08
3.24488e+14	6.37125e-08
3.26251e+14	6.39187e-08
3.28015e+14	6.40925e-08
3.29778e+14	6.41129e-08
3.31542e+14	6.42764e-08
3.33305e+14	6.45995e-08
3.35069e+14	6.46015e-08
3.36832e+14	6.49132e-08
3.38596e+14	6.49174e-08
3.40359e+14	6.50522e-08
3.42123e+14	6.51971e-08
3.43886e+14	6.54865e-08
3.4565e+14	6.56203e-08
3.47413e+14	6.56094e-08
3.49177e+14	6.59075e-08
3.5094e+14	6.60248e-08
3.52704e+14	6.61496e-08
3.54467e+14	6.61143e-08
3.56231e+14	6.62127e-08
3.57994e+14	6.63214e-08
3.59758e+14	6.64227e-08
3.61522e+14	6.66748e-08
3.63285e+14	6.66262e-08
3.65049e+14	6.68673e-08
3.66812e+14	6.69622e-08
3.68576e+14	6.68802e-08
3.70339e+14	6.6964e-08
3.72103e+14	6.71983e-08
3.73866e+14	6.72723e-08
3.7563e+14	6.71816e-08
3.77393e+14	6.73998e-08
3.79157e+14	6.73003e-08
3.8092e+14	6.75238e-08
3.82684e+14	6.7568e-08
3.84447e+14	6.76239e-08
3.86211e+14	6.76851e-08
3.87974e+14	6.77296e-08
3.89738e+14	6.77673e-08
3.91501e+14	6.76426e-08
3.93265e+14	6.76888e-08
3.95028e+14	6.77109e-08
3.96792e+14	6.77282e-08
3.98555e+14	6.77565e-08
4.00319e+14	6.77791e-08
4.02082e+14	6.79377e-08
4.03846e+14	6.77917e-08
4.0561e+14	6.79578e-08
4.07373e+14	6.78172e-08
4.09137e+14	6.79715e-08
4.109e+14	6.78049e-08
4.12664e+14	6.78081e-08
4.14427e+14	6.7946e-08
4.16191e+14	6.79383e-08
4.17954e+14	6.77675e-08
4.19718e+14	6.7749e-08
4.21481e+14	6.77256e-08
4.23245e+14	6.76972e-08
4.25008e+14	6.76633e-08
4.26772e+14	6.7644e-08
4.28535e+14	6.75982e-08
4.30299e+14	6.75685e-08
4.32062e+14	6.769e-08
4.33826e+14	6.74914e-08
4.35589e+14	6.76027e-08
4.37353e+14	6.75496e-08
4.39116e+14	6.74943e-08
4.4088e+14	6.74342e-08
4.42643e+14	6.72287e-08
4.44407e+14	6.73434e-08
4.4617e+14	6.72846e-08
4.47934e+14	6.7222e-08
4.49698e+14	6.71367e-08
4.51461e+14	6.70646e-08
4.53225e+14	6.70069e-08
4.54988e+14	6.69251e-08
4.56752e+14	6.66822e-08
4.58515e+14	6.67665e-08
4.60279e+14	6.65147e-08
4.62042e+14	6.64323e-08
4.63806e+14	6.63264e-08
4.65569e+14	6.6237e-08
4.67333e+14	6.61413e-08
4.69096e+14	6.60417e-08
4.7086e+14	6.59573e-08
4.72623e+14	6.58478e-08
4.74387e+14	6.57342e-08
4.7615e+14	6.56358e-08
4.77914e+14	6.55141e-08
4.79677e+14	6.5407e-08
4.81441e+14	6.52942e-08
4.83204e+14	6.53594e-08
4.84968e+14	6.52374e-08
4.86731e+14	6.51133e-08
4.88495e+14	6.4832e-08
4.90258e+14	6.47193e-08
4.92022e+14	6.45811e-08
4.93785e+14	6.44597e-08
4.95549e+14	6.44629e-08
4.97313e+14	6.4332e-08
4.99076e+14	6.41973e-08
5.0084e+14	6.39105e-08
5.02603e+14	6.39151e-08
5.04367e+14	6.37693e-08
5.0613e+14	6.34695e-08
5.07894e+14	6.33351e-08
5.09657e+14	6.32047e-08
5.11421e+14	6.30623e-08
5.13184e+14	6.28937e-08
5.14948e+14	6.27443e-08
5.16711e+14	6.25896e-08
5.18475e+14	6.24314e-08
5.20238e+14	6.24156e-08
5.22002e+14	6.21043e-08
5.23765e+14	6.19339e-08
5.25529e+14	6.17812e-08
5.27292e+14	6.16045e-08
5.29056e+14	6.16171e-08
5.30819e+14	6.14309e-08
5.32583e+14	6.11204e-08
5.34346e+14	6.10925e-08
5.3611e+14	6.07755e-08
5.37873e+14	6.0739e-08
5.39637e+14	6.04155e-08
5.41401e+14	6.03702e-08
5.43164e+14	6.00412e-08
5.44928e+14	6.00389e-08
5.46691e+14	5.98418e-08
5.48455e+14	5.95254e-08
5.50218e+14	5.93219e-08
5.51982e+14	5.91373e-08
5.53745e+14	5.90877e-08
5.55509e+14	5.8897e-08
5.57272e+14	5.85933e-08
5.59036e+14	5.83952e-08
5.60799e+14	5.83304e-08
5.62563e+14	5.79899e-08
5.64326e+14	5.78047e-08
5.6609e+14	5.7595e-08
5.67853e+14	5.74039e-08
5.69617e+14	5.72134e-08
5.7138e+14	5.71497e-08
5.73144e+14	5.6817e-08
5.74907e+14	5.67451e-08
5.76671e+14	5.63837e-08
5.78434e+14	5.61986e-08
5.80198e+14	5.6012e-08
5.81961e+14	5.57965e-08
5.83725e+14	5.55791e-08
5.85489e+14	5.55095e-08
5.87252e+14	5.51571e-08
5.89016e+14	5.51079e-08
5.90779e+14	5.47505e-08
5.92543e+14	5.45408e-08
5.94306e+14	5.43285e-08
5.9607e+14	5.41148e-08
5.97833e+14	5.39238e-08
5.99597e+14	5.38286e-08
6.0136e+14	5.36057e-08
6.03124e+14	5.33805e-08
6.04887e+14	5.30281e-08
6.06651e+14	5.28467e-08
6.08414e+14	5.26143e-08
6.10178e+14	5.2402e-08
6.11941e+14	5.21642e-08
6.13705e+14	5.1972e-08
6.15468e+14	5.18738e-08
6.17232e+14	5.16515e-08
6.18995e+14	5.13066e-08
6.20759e+14	5.11992e-08
6.22522e+14	5.08762e-08
6.24286e+14	5.07631e-08
6.26049e+14	5.04119e-08
6.27813e+14	5.01984e-08
6.29577e+14	4.99863e-08
6.3134e+14	4.98843e-08
6.33104e+14	4.95344e-08
6.34867e+14	4.94327e-08
6.36631e+14	4.91014e-08
6.38394e+14	4.88601e-08
6.40158e+14	4.86396e-08
6.41921e+14	4.85271e-08
6.43685e+14	4.81896e-08
6.45448e+14	4.80758e-08
6.47212e+14	4.78692e-08
6.48975e+14	4.75273e-08
6.50739e+14	4.72942e-08
6.52502e+14	4.71929e-08
6.54266e+14	4.68465e-08
6.56029e+14	4.66305e-08
6.57793e+14	4.64986e-08
6.59556e+14	4.61716e-08
6.6132e+14	4.60577e-08
6.63083e+14	4.57302e-08
6.64847e+14	4.55057e-08
6.6661e+14	4.53846e-08
6.68374e+14	4.50509e-08
6.70137e+14	4.49278e-08
6.71901e+14	4.45912e-08
6.73664e+14	4.44868e-08
6.75428e+14	4.42516e-08
6.77192e+14	4.40142e-08
6.78955e+14	4.3698e-08
6.80719e+14	4.34584e-08
6.82482e+14	4.33423e-08
6.84246e+14	4.30238e-08
6.86009e+14	4.29011e-08
6.87773e+14	4.26806e-08
6.89536e+14	4.23581e-08
6.913e+14	4.2131e-08
6.93063e+14	4.19049e-08
6.94827e+14	4.16778e-08
6.9659e+14	4.14494e-08
6.98354e+14	4.13129e-08
7.00117e+14	4.11033e-08
7.01881e+14	4.08701e-08
7.03644e+14	4.05628e-08
7.05408e+14	4.0328e-08
7.07171e+14	4.02062e-08
7.08935e+14	3.98974e-08
7.10698e+14	3.97507e-08
7.12462e+14	3.94392e-08
7.14225e+14	3.9311e-08
7.15989e+14	3.90921e-08
7.17752e+14	3.8869e-08
7.19516e+14	3.85554e-08
7.2128e+14	3.84428e-08
7.23043e+14	3.81293e-08
7.24807e+14	3.79025e-08
7.2657e+14	3.77848e-08
7.28334e+14	3.74699e-08
7.30097e+14	3.72618e-08
7.31861e+14	3.71182e-08
7.33624e+14	3.69074e-08
7.35388e+14	3.66982e-08
7.37151e+14	3.63775e-08
7.38915e+14	3.61661e-08
7.40678e+14	3.60353e-08
7.42442e+14	3.57377e-08
7.44205e+14	3.55236e-08
7.45969e+14	3.53882e-08
7.47732e+14	3.51115e-08
7.49496e+14	3.48938e-08
7.51259e+14	3.46752e-08
7.53023e+14	3.44778e-08
7.54786e+14	3.42574e-08
7.5655e+14	3.41358e-08
7.58313e+14	3.39129e-08
7.60077e+14	3.36337e-08
7.6184e+14	3.34317e-08
7.63604e+14	3.32068e-08
7.65368e+14	3.30815e-08
7.67131e+14	3.28006e-08
7.68895e+14	3.25953e-08
7.70658e+14	3.24643e-08
7.72422e+14	3.22571e-08
7.74185e+14	3.20495e-08
7.75949e+14	3.17682e-08
7.77712e+14	3.15803e-08
7.79476e+14	3.13704e-08
7.81239e+14	3.12342e-08
7.83003e+14	3.09722e-08
7.84766e+14	3.08335e-08
7.8653e+14	3.06418e-08
7.88293e+14	3.03793e-08
7.90057e+14	3.02374e-08
7.9182e+14	3.00451e-08
7.93584e+14	2.97815e-08
7.95347e+14	2.95884e-08
7.97111e+14	2.93933e-08
7.98874e+14	2.91995e-08
8.00638e+14	2.90051e-08
8.02401e+14	2.88094e-08
8.04165e+14	2.86789e-08
8.05928e+14	2.84817e-08
8.07692e+14	2.82396e-08
8.09456e+14	2.8108e-08
8.11219e+14	2.79092e-08
8.12983e+14	2.77316e-08
8.14746e+14	2.75531e-08
8.1651e+14	2.73527e-08
8.18273e+14	2.71102e-08
8.20037e+14	2.69721e-08
8.218e+14	2.6792e-08
8.23564e+14	2.6549e-08
8.25327e+14	2.64292e-08
8.27091e+14	2.6186e-08
8.28854e+14	2.60655e-08
8.30618e+14	2.58842e-08
8.32381e+14	2.57007e-08
8.34145e+14	2.54571e-08
8.35908e+14	2.53552e-08
8.37672e+14	2.51705e-08
8.39435e+14	2.49859e-08
8.41199e+14	2.48229e-08
8.42962e+14	2.46369e-08
8.44726e+14	2.44731e-08
8.46489e+14	2.42295e-08
8.48253e+14	2.41218e-08
8.50016e+14	2.39553e-08
8.5178e+14	2.37692e-08
8.53543e+14	2.35481e-08
8.55307e+14	2.33809e-08
8.57071e+14	2.3269e-08
8.58834e+14	2.30484e-08
8.60598e+14	2.29331e-08
8.62361e+14	2.27131e-08
8.64125e+14	2.2598e-08
8.65888e+14	2.24295e-08
8.67652e+14	2.22099e-08
8.69415e+14	2.20615e-08
8.71179e+14	2.19437e-08
8.72942e+14	2.1744e-08
8.74706e+14	2.16253e-08
8.76469e+14	2.14259e-08
8.78233e+14	2.12559e-08
8.79996e+14	2.11058e-08
8.8176e+14	2.0936e-08
8.83523e+14	2.07854e-08
8.85287e+14	2.06348e-08
8.8705e+14	2.04839e-08
8.88814e+14	2.03321e-08
8.90577e+14	2.02097e-08
8.92341e+14	2.00576e-08
8.94104e+14	1.99057e-08
8.95868e+14	1.9774e-08
8.97631e+14	1.96213e-08
8.99395e+14	1.94686e-08
9.01159e+14	1.93171e-08
9.02922e+14	1.9119e-08
9.04686e+14	1.90309e-08
9.06449e+14	1.88338e-08
9.08213e+14	1.8701e-08
9.09976e+14	1.85472e-08
9.1174e+14	1.84144e-08
9.13503e+14	1.82618e-08
9.15267e+14	1.8127e-08
9.1703e+14	1.79932e-08
9.18794e+14	1.78407e-08
9.20557e+14	1.77468e-08
9.22321e+14	1.76123e-08
9.24084e+14	1.74369e-08
9.25848e+14	1.73023e-08
9.27611e+14	1.71679e-08
9.29375e+14	1.7032e-08
9.31138e+14	1.69364e-08
9.32902e+14	1.67624e-08
9.34665e+14	1.66661e-08
9.36429e+14	1.65106e-08
9.38192e+14	1.64138e-08
9.39956e+14	1.62779e-08
9.41719e+14	1.61047e-08
9.43483e+14	1.59878e-08
9.45247e+14	1.58903e-08
9.4701e+14	1.57726e-08
9.48774e+14	1.56002e-08
9.50537e+14	1.55188e-08
9.52301e+14	1.54012e-08
9.54064e+14	1.52297e-08
9.55828e+14	1.51128e-08
9.57591e+14	1.4995e-08
9.59355e+14	1.48771e-08
9.61118e+14	1.47602e-08
9.62882e+14	1.46759e-08
9.64645e+14	1.45585e-08
9.66409e+14	1.44066e-08
9.68172e+14	1.42884e-08
9.69936e+14	1.42043e-08
9.71699e+14	1.4053e-08
9.73463e+14	1.3968e-08
9.75226e+14	1.38505e-08
9.7699e+14	1.37493e-08
9.78753e+14	1.36316e-08
9.80517e+14	1.35129e-08
9.8228e+14	1.33814e-08
9.84044e+14	1.32641e-08
9.85807e+14	1.31933e-08
9.87571e+14	1.30454e-08
9.89335e+14	1.29754e-08
9.91098e+14	1.28276e-08
9.92862e+14	1.27275e-08
9.94625e+14	1.26562e-08
9.96389e+14	1.25379e-08
9.98152e+14	1.24082e-08
9.99916e+14	1.2308e-08
1.00168e+15	1.22073e-08
1.00344e+15	1.21352e-08
1.00521e+15	1.20345e-08
1.00697e+15	1.19061e-08
1.00873e+15	1.18057e-08
1.0105e+15	1.17053e-08
1.01226e+15	1.16048e-08
1.01402e+15	1.15322e-08
1.01579e+15	1.1405e-08
1.01755e+15	1.13474e-08
1.01931e+15	1.1247e-08
1.02108e+15	1.11465e-08
1.02284e+15	1.10372e-08
1.0246e+15	1.09627e-08
1.02637e+15	1.08623e-08
1.02813e+15	1.0778e-08
1.0299e+15	1.06699e-08
1.03166e+15	1.05946e-08
1.03342e+15	1.05112e-08
1.03519e+15	1.0411e-08
1.03695e+15	1.03029e-08
1.03871e+15	1.02435e-08
1.04048e+15	1.01201e-08
1.04224e+15	1.00371e-08
1.044e+15	9.97712e-09
1.04577e+15	9.89322e-09
1.04753e+15	9.78708e-09
1.04929e+15	9.72605e-09
1.05106e+15	9.62054e-09
1.05282e+15	9.55978e-09
1.05458e+15	9.47606e-09
1.05635e+15	9.37126e-09
1.05811e+15	9.28855e-09
1.05988e+15	9.2265e-09
1.06164e+15	9.14377e-09
1.0634e+15	9.05499e-09
1.06517e+15	8.99324e-09
1.06693e+15	8.88992e-09
1.06869e+15	8.84315e-09
1.07046e+15	8.76049e-09
1.07222e+15	8.67728e-09
1.07398e+15	8.58999e-09
1.07575e+15	8.52763e-09
1.07751e+15	8.46033e-09
1.07927e+15	8.37809e-09
1.08104e+15	8.2913e-09
1.0828e+15	8.22424e-09
1.08456e+15	8.14309e-09
1.08633e+15	8.09506e-09
1.08809e+15	8.00914e-09
1.08986e+15	7.96062e-09
1.09162e+15	7.879e-09
1.09338e+15	7.79374e-09
1.09515e+15	7.72755e-09
1.09691e+15	7.67859e-09
1.09867e+15	7.59397e-09
1.10044e+15	7.52726e-09
1.1022e+15	7.47871e-09
1.10396e+15	7.41201e-09
1.10573e+15	7.34538e-09
1.10749e+15	7.27947e-09
1.10925e+15	7.21297e-09
1.11102e+15	7.1464e-09
1.11278e+15	7.09462e-09
1.11454e+15	7.0283e-09
1.11631e+15	6.94654e-09
1.11807e+15	6.89663e-09
1.11983e+15	6.82332e-09
1.1216e+15	6.77883e-09
1.12336e+15	6.71879e-09
1.12513e+15	6.64349e-09
1.12689e+15	6.59865e-09
1.12865e+15	6.52512e-09
1.13042e+15	6.48156e-09
1.13218e+15	6.42463e-09
1.13394e+15	6.35169e-09
1.13571e+15	6.30923e-09
1.13747e+15	6.23921e-09
1.13923e+15	6.19717e-09
1.141e+15	6.12765e-09
1.14276e+15	6.07253e-09
1.14452e+15	6.03252e-09
1.14629e+15	5.96478e-09
1.14805e+15	5.92503e-09
1.14981e+15	5.85773e-09
1.15158e+15	5.80555e-09
1.15334e+15	5.76692e-09
1.15511e+15	5.71472e-09
1.15687e+15	5.66269e-09
1.15863e+15	5.59898e-09
1.1604e+15	5.54802e-09
1.16216e+15	5.49875e-09
1.16392e+15	5.44881e-09
1.16569e+15	5.41229e-09
1.16745e+15	5.36311e-09
1.16921e+15	5.30297e-09
1.17098e+15	5.2553e-09
1.17274e+15	5.21991e-09
1.1745e+15	5.1602e-09
1.17627e+15	5.12472e-09
1.17803e+15	5.0784e-09
1.17979e+15	5.03256e-09
1.18156e+15	4.98763e-09
1.18332e+15	4.93012e-09
1.18509e+15	4.88543e-09
1.18685e+15	4.85255e-09
1.18861e+15	4.80909e-09
1.19038e+15	4.76446e-09
1.19214e+15	4.71049e-09
1.1939e+15	4.67828e-09
1.19567e+15	4.63627e-09
1.19743e+15	4.58398e-09
1.19919e+15	4.541e-09
1.20096e+15	4.50089e-09
1.20272e+15	4.45914e-09
1.20448e+15	4.42943e-09
1.20625e+15	4.37872e-09
1.20801e+15	4.34888e-09
1.20977e+15	4.29851e-09
1.21154e+15	4.26974e-09
1.2133e+15	4.23069e-09
1.21507e+15	4.19203e-09
1.21683e+15	4.14344e-09
1.21859e+15	4.10611e-09
1.22036e+15	4.07836e-09
1.22212e+15	4.04072e-09
1.22388e+15	4.00351e-09
1.22565e+15	3.95823e-09
1.22741e+15	3.93116e-09
1.22917e+15	3.89523e-09
1.23094e+15	3.85045e-09
1.2327e+15	3.81434e-09
1.23446e+15	3.77976e-09
1.23623e+15	3.74525e-09
1.23799e+15	3.71945e-09
1.23975e+15	3.67635e-09
1.24152e+15	3.65167e-09
1.24328e+15	3.618e-09
1.24504e+15	3.58478e-09
1.24681e+15	3.5517e-09
1.24857e+15	3.51961e-09
1.25034e+15	3.47844e-09
1.2521e+15	3.45456e-09
1.25386e+15	3.42277e-09
1.25563e+15	3.38405e-09
1.25739e+15	3.36018e-09
1.25915e+15	3.32953e-09
1.26092e+15	3.29121e-09
1.26268e+15	3.26072e-09
1.26444e+15	3.23786e-09
1.26621e+15	3.20098e-09
1.26797e+15	3.17908e-09
1.26973e+15	3.14972e-09
1.2715e+15	3.11321e-09
1.27326e+15	3.09151e-09
1.27502e+15	3.06339e-09
1.27679e+15	3.0353e-09
1.27855e+15	3.00024e-09
1.28032e+15	2.97933e-09
1.28208e+15	2.95137e-09
1.28384e+15	2.92474e-09
1.28561e+15	2.89118e-09
1.28737e+15	2.86443e-09
1.28913e+15	2.83777e-09
1.2909e+15	2.81137e-09
1.29266e+15	2.79229e-09
1.29442e+15	2.75928e-09
1.29619e+15	2.734e-09
1.29795e+15	2.70856e-09
1.29971e+15	2.68433e-09
1.30148e+15	2.66519e-09
1.30324e+15	2.63466e-09
1.305e+15	2.61666e-09
1.30677e+15	2.58633e-09
1.30853e+15	2.56232e-09
1.3103e+15	2.53814e-09
1.31206e+15	2.52107e-09
1.31382e+15	2.49112e-09
1.31559e+15	2.46828e-09
1.31735e+15	2.44526e-09
1.31911e+15	2.42904e-09
1.32088e+15	2.40046e-09
1.32264e+15	2.37867e-09
1.3244e+15	2.3558e-09
1.32617e+15	2.33958e-09
1.32793e+15	2.31791e-09
1.32969e+15	2.29694e-09
1.33146e+15	2.27536e-09
1.33322e+15	2.24941e-09
1.33498e+15	2.22862e-09
1.33675e+15	2.20722e-09
1.33851e+15	2.19271e-09
1.34027e+15	2.17202e-09
1.34204e+15	2.14658e-09
1.3438e+15	2.12704e-09
1.34557e+15	2.10761e-09
1.34733e+15	2.09202e-09
1.34909e+15	2.07346e-09
1.35086e+15	2.05406e-09
1.35262e+15	2.03475e-09
1.35438e+15	2.0163e-09
1.35615e+15	1.99707e-09
1.35791e+15	1.9739e-09
1.35967e+15	1.96017e-09
1.36144e+15	1.93738e-09
1.3632e+15	1.92e-09
1.36496e+15	1.90626e-09
1.36673e+15	1.88456e-09
1.36849e+15	1.87084e-09
1.37025e+15	1.84922e-09
1.37202e+15	1.83206e-09
1.37378e+15	1.81494e-09
1.37555e+15	1.8028e-09
1.37731e+15	1.78571e-09
1.37907e+15	1.76947e-09
1.38084e+15	1.74913e-09
1.3826e+15	1.73622e-09
1.38436e+15	1.71689e-09
1.38613e+15	1.70473e-09
1.38789e+15	1.68867e-09
1.38965e+15	1.67264e-09
1.39142e+15	1.65738e-09
1.39318e+15	1.64238e-09
1.39494e+15	1.62721e-09
1.39671e+15	1.61208e-09
1.39847e+15	1.59329e-09
1.40023e+15	1.57826e-09
1.402e+15	1.5633e-09
1.40376e+15	1.55288e-09
1.40553e+15	1.53869e-09
1.40729e+15	1.52024e-09
1.40905e+15	1.50613e-09
1.41082e+15	1.49572e-09
1.41258e+15	1.48169e-09
1.41434e+15	1.46497e-09
1.41611e+15	1.45117e-09
1.41787e+15	1.43798e-09
1.41963e+15	1.42408e-09
1.4214e+15	1.41439e-09
1.42316e+15	1.39803e-09
1.42492e+15	1.3882e-09
1.42669e+15	1.37207e-09
1.42845e+15	1.35982e-09
1.43021e+15	1.34684e-09
1.43198e+15	1.33788e-09
1.43374e+15	1.32492e-09
1.4355e+15	1.30983e-09
1.43727e+15	1.29768e-09
1.43903e+15	1.28573e-09
1.4408e+15	1.27364e-09
1.44256e+15	1.26175e-09
1.44432e+15	1.25336e-09
1.44609e+15	1.24146e-09
1.44785e+15	1.23019e-09
1.44961e+15	1.21549e-09
1.45138e+15	1.20431e-09
1.45314e+15	1.19603e-09
1.4549e+15	1.18486e-09
1.45667e+15	1.17381e-09
1.45843e+15	1.16081e-09
1.46019e+15	1.14973e-09
1.46196e+15	1.13878e-09
1.46372e+15	1.12856e-09
1.46548e+15	1.12085e-09
1.46725e+15	1.10999e-09
1.46901e+15	1.09979e-09
1.47078e+15	1.087e-09
1.47254e+15	1.07689e-09
1.4743e+15	1.06998e-09
1.47607e+15	1.05977e-09
1.47783e+15	1.04973e-09
1.47959e+15	1.03792e-09
1.48136e+15	1.03099e-09
1.48312e+15	1.01852e-09
1.48488e+15	1.01158e-09
1.48665e+15	9.99968e-10
1.48841e+15	9.93015e-10
1.49017e+15	9.81498e-10
1.49194e+15	9.74457e-10
1.4937e+15	9.6591e-10
1.49546e+15	9.54487e-10
1.49723e+15	9.48187e-10
1.49899e+15	9.3688e-10
1.50076e+15	9.3058e-10
1.50252e+15	9.19971e-10
1.50428e+15	9.11444e-10
1.50605e+15	9.03039e-10
1.50781e+15	8.96758e-10
1.50957e+15	8.8629e-10
1.51134e+15	8.77964e-10
1.5131e+15	8.71669e-10
1.51486e+15	8.63957e-10
1.51663e+15	8.53683e-10
1.51839e+15	8.4601e-10
1.52015e+15	8.40344e-10
1.52192e+15	8.30768e-10
1.52368e+15	8.22565e-10
1.52544e+15	8.14988e-10
1.52721e+15	8.09898e-10
1.52897e+15	8.00465e-10
1.53074e+15	7.94803e-10
1.5325e+15	7.87264e-10
1.53426e+15	7.80442e-10
1.53603e+15	7.72952e-10
1.53779e+15	7.66059e-10
1.53955e+15	7.58622e-10
1.54132e+15	7.51754e-10
1.54308e+15	7.44913e-10
1.54484e+15	7.38108e-10
1.54661e+15	7.31303e-10
1.54837e+15	7.22898e-10
1.55013e+15	7.17825e-10
1.5519e+15	7.11071e-10
1.55366e+15	7.03256e-10
1.55542e+15	6.96566e-10
1.55719e+15	6.89946e-10
1.55895e+15	6.85423e-10
1.56071e+15	6.7774e-10
1.56248e+15	6.72668e-10
1.56424e+15	6.66658e-10
1.56601e+15	6.60593e-10
1.56777e+15	6.53014e-10
1.56953e+15	6.48498e-10
1.5713e+15	6.42559e-10
1.57306e+15	6.3507e-10
1.57482e+15	6.30548e-10
1.57659e+15	6.25184e-10
1.57835e+15	6.19221e-10
1.58011e+15	6.12375e-10
1.58188e+15	6.06529e-10
1.58364e+15	6.01152e-10
1.5854e+15	5.9533e-10
1.58717e+15	5.91356e-10
1.58893e+15	5.8602e-10
1.59069e+15	5.80742e-10
1.59246e+15	5.74081e-10
1.59422e+15	5.68859e-10
1.59599e+15	5.63576e-10
1.59775e+15	5.58371e-10
1.59951e+15	5.54407e-10
1.60128e+15	5.47875e-10
1.60304e+15	5.43214e-10
1.6048e+15	5.39255e-10
1.60657e+15	5.34617e-10
1.60833e+15	5.29411e-10
1.61009e+15	5.23562e-10
1.61186e+15	5.18908e-10
1.61362e+15	5.13822e-10
1.61538e+15	5.10426e-10
1.61715e+15	5.0579e-10
1.61891e+15	5.00052e-10
1.62067e+15	4.95448e-10
1.62244e+15	4.90912e-10
1.6242e+15	4.86342e-10
1.62597e+15	4.82954e-10
1.62773e+15	4.77799e-10
1.62949e+15	4.74368e-10
1.63126e+15	4.6988e-10
1.63302e+15	4.65823e-10
1.63478e+15	4.60286e-10
1.63655e+15	4.57378e-10
1.63831e+15	4.53352e-10
1.64007e+15	4.47876e-10
1.64184e+15	4.43933e-10
1.6436e+15	4.40983e-10
1.64536e+15	4.37041e-10
1.64713e+15	4.33117e-10
1.64889e+15	4.28215e-10
1.65065e+15	4.25259e-10
1.65242e+15	4.20385e-10
1.65418e+15	4.16503e-10
1.65594e+15	4.1356e-10
1.65771e+15	4.08744e-10
1.65947e+15	4.05347e-10
1.66124e+15	4.01513e-10
1.663e+15	3.98577e-10
1.66476e+15	3.94273e-10
1.66653e+15	3.91381e-10
1.66829e+15	3.88019e-10
1.67005e+15	3.83778e-10
1.67182e+15	3.79958e-10
1.67358e+15	3.77508e-10
1.67534e+15	3.74174e-10
1.67711e+15	3.7e-10
1.67887e+15	3.67551e-10
1.68063e+15	3.64245e-10
1.6824e+15	3.60951e-10
1.68416e+15	3.57629e-10
1.68592e+15	3.53522e-10
1.68769e+15	3.51079e-10
1.68945e+15	3.47818e-10
1.69122e+15	3.43774e-10
1.69298e+15	3.4175e-10
1.69474e+15	3.38511e-10
1.69651e+15	3.34507e-10
1.69827e+15	3.31714e-10
1.70003e+15	3.2928e-10
1.7018e+15	3.2573e-10
1.70356e+15	3.22953e-10
1.70532e+15	3.20527e-10
1.70709e+15	3.17757e-10
1.70885e+15	3.14262e-10
1.71061e+15	3.11114e-10
1.71238e+15	3.091e-10
1.71414e+15	3.0636e-10
1.7159e+15	3.03623e-10
1.71767e+15	3.00897e-10
1.71943e+15	2.98179e-10
1.7212e+15	2.94787e-10
1.72296e+15	2.92089e-10
1.72472e+15	2.90069e-10
1.72649e+15	2.87098e-10
1.72825e+15	2.84427e-10
1.73001e+15	2.82416e-10
1.73178e+15	2.79098e-10
1.73354e+15	2.76825e-10
1.7353e+15	2.7418e-10
1.73707e+15	2.71917e-10
1.73883e+15	2.69285e-10
1.74059e+15	2.67692e-10
1.74236e+15	2.64451e-10
1.74412e+15	2.62828e-10
1.74588e+15	2.60585e-10
1.74765e+15	2.57383e-10
1.74941e+15	2.55163e-10
1.75117e+15	2.52953e-10
1.75294e+15	2.50776e-10
1.7547e+15	2.49151e-10
1.75647e+15	2.46581e-10
1.75823e+15	2.44391e-10
1.75999e+15	2.42201e-10
1.76176e+15	2.39458e-10
1.76352e+15	2.37869e-10
1.76528e+15	2.36053e-10
1.76705e+15	2.33341e-10
1.76881e+15	2.31724e-10
1.77057e+15	2.29065e-10
1.77234e+15	2.2745e-10
1.7741e+15	2.25661e-10
1.77586e+15	2.2352e-10
1.77763e+15	2.21417e-10
1.77939e+15	2.19638e-10
1.78115e+15	2.17523e-10
1.78292e+15	2.15753e-10
1.78468e+15	2.13172e-10
1.78645e+15	2.11414e-10
1.78821e+15	2.09327e-10
1.78997e+15	2.07606e-10
1.79174e+15	2.05863e-10
1.7935e+15	2.04261e-10
1.79526e+15	2.02083e-10
1.79703e+15	2.00354e-10
1.79879e+15	1.99092e-10
1.80055e+15	1.96935e-10
1.80232e+15	1.94894e-10
1.80408e+15	1.93632e-10
1.80584e+15	1.91501e-10
1.80761e+15	1.90242e-10
1.80937e+15	1.88107e-10
1.81113e+15	1.86874e-10
1.8129e+15	1.84749e-10
1.81466e+15	1.83518e-10
1.81643e+15	1.81732e-10
1.81819e+15	1.80482e-10
1.81995e+15	1.78417e-10
1.82172e+15	1.76752e-10
1.82348e+15	1.75114e-10
1.82524e+15	1.74181e-10
1.82701e+15	1.72149e-10
1.82877e+15	1.709e-10
1.83053e+15	1.69566e-10
1.8323e+15	1.67949e-10
1.83406e+15	1.66233e-10
1.83582e+15	1.65012e-10
1.83759e+15	1.63691e-10
1.83935e+15	1.62095e-10
1.84111e+15	1.60404e-10
1.84288e+15	1.59188e-10
1.84464e+15	1.57515e-10
1.84641e+15	1.56239e-10
1.84817e+15	1.54644e-10
1.84993e+15	1.53728e-10
1.8517e+15	1.52434e-10
1.85346e+15	1.50814e-10
1.85522e+15	1.49589e-10
1.85699e+15	1.47983e-10
1.85875e+15	1.47068e-10
1.86051e+15	1.45453e-10
1.86228e+15	1.44207e-10
1.86404e+15	1.42913e-10
1.8658e+15	1.42002e-10
1.86757e+15	1.40741e-10
1.86933e+15	1.39208e-10
1.87109e+15	1.37956e-10
1.87286e+15	1.37074e-10
1.87462e+15	1.35874e-10
1.87638e+15	1.34377e-10
1.87815e+15	1.33495e-10
1.87991e+15	1.32007e-10
1.88168e+15	1.30849e-10
1.88344e+15	1.29726e-10
1.8852e+15	1.28886e-10
1.88697e+15	1.27465e-10
1.88873e+15	1.26643e-10
1.89049e+15	1.2522e-10
1.89226e+15	1.24426e-10
1.89402e+15	1.23056e-10
1.89578e+15	1.22244e-10
1.89755e+15	1.21194e-10
1.89931e+15	1.20123e-10
1.90107e+15	1.19088e-10
1.90284e+15	1.18047e-10
1.9046e+15	1.16734e-10
1.90636e+15	1.15983e-10
1.90813e+15	1.14709e-10
1.90989e+15	1.13973e-10
1.91166e+15	1.12982e-10
1.91342e+15	1.11724e-10
1.91518e+15	1.10756e-10
1.91695e+15	1.09776e-10
1.91871e+15	1.08839e-10
1.92047e+15	1.08134e-10
1.92224e+15	1.072e-10
1.924e+15	1.06005e-10
1.92576e+15	1.05349e-10
1.92753e+15	1.04423e-10
1.92929e+15	1.03528e-10
1.93105e+15	1.02378e-10
1.93282e+15	1.01722e-10
1.93458e+15	1.00596e-10
1.93634e+15	9.99697e-11
1.93811e+15	9.90942e-11
1.93987e+15	9.82355e-11
1.94164e+15	9.71512e-11
1.9434e+15	9.65499e-11
1.94516e+15	9.57221e-11
1.94693e+15	9.46384e-11
1.94869e+15	9.40604e-11
1.95045e+15	9.32406e-11
1.95222e+15	9.24224e-11
1.95398e+15	9.16303e-11
1.95574e+15	9.06154e-11
1.95751e+15	9.0041e-11
1.95927e+15	8.92777e-11
1.96103e+15	8.82885e-11
1.9628e+15	8.75325e-11
1.96456e+15	8.69809e-11
1.96632e+15	8.62159e-11
1.96809e+15	8.54863e-11
1.96985e+15	8.4737e-11
1.97161e+15	8.38173e-11
1.97338e+15	8.32921e-11
1.97514e+15	8.25718e-11
1.97691e+15	8.16616e-11
1.97867e+15	8.09695e-11
1.98043e+15	8.04563e-11
1.9822e+15	7.97441e-11
1.98396e+15	7.88724e-11
1.98572e+15	7.83911e-11
1.98749e+15	7.75263e-11
1.98925e+15	7.68692e-11
1.99101e+15	7.63903e-11
1.99278e+15	7.57337e-11
1.99454e+15	7.49045e-11
1.9963e+15	7.44142e-11
1.99807e+15	7.37866e-11
1.99983e+15	7.31593e-11
2.00159e+15	7.23432e-11
2.00336e+15	7.18881e-11
2.00512e+15	7.12879e-11
2.00689e+15	7.06675e-11
2.00865e+15	7.00702e-11
2.01041e+15	6.93128e-11
2.01218e+15	6.88804e-11
2.01394e+15	6.81303e-11
2.0157e+15	6.76975e-11
2.01747e+15	6.71084e-11
2.01923e+15	6.65416e-11
2.02099e+15	6.5823e-11
2.02276e+15	6.54145e-11
2.02452e+15	6.48525e-11
2.02628e+15	6.41418e-11
2.02805e+15	6.3753e-11
2.02981e+15	6.31956e-11
2.03157e+15	6.26603e-11
2.03334e+15	6.19833e-11
2.0351e+15	6.14522e-11
2.03687e+15	6.09217e-11
2.03863e+15	6.04135e-11
2.04039e+15	6.00266e-11
2.04216e+15	5.95213e-11
2.04392e+15	5.88787e-11
2.04568e+15	5.83762e-11
2.04745e+15	5.78751e-11
2.04921e+15	5.73746e-11
2.05097e+15	5.68956e-11
2.05274e+15	5.65315e-11
2.0545e+15	5.60543e-11
2.05626e+15	5.5449e-11
2.05803e+15	5.49753e-11
2.05979e+15	5.46303e-11
2.06155e+15	5.41766e-11
2.06332e+15	5.35809e-11
2.06508e+15	5.32567e-11
2.06684e+15	5.28075e-11
2.06861e+15	5.23597e-11
2.07037e+15	5.19132e-11
2.07214e+15	5.1468e-11
2.0739e+15	5.09238e-11
2.07566e+15	5.05998e-11
2.07743e+15	5.00603e-11
2.07919e+15	4.9621e-11
2.08095e+15	4.92092e-11
2.08272e+15	4.89044e-11
2.08448e+15	4.83912e-11
2.08624e+15	4.80869e-11
2.08801e+15	4.7671e-11
2.08977e+15	4.72752e-11
2.09153e+15	4.67705e-11
2.0933e+15	4.63591e-11
2.09506e+15	4.60731e-11
2.09682e+15	4.55922e-11
2.09859e+15	4.52019e-11
2.10035e+15	4.49245e-11
2.10212e+15	4.44493e-11
2.10388e+15	4.40622e-11
2.10564e+15	4.37956e-11
2.10741e+15	4.33262e-11
2.10917e+15	4.30599e-11
2.11093e+15	4.25944e-11
2.1127e+15	4.23285e-11
2.11446e+15	4.19883e-11
2.11622e+15	4.15292e-11
2.11799e+15	4.12809e-11
2.11975e+15	4.09366e-11
2.12151e+15	4.05767e-11
2.12328e+15	4.02345e-11
2.12504e+15	3.9817e-11
2.1268e+15	3.94775e-11
2.12857e+15	3.91455e-11
2.13033e+15	3.88244e-11
2.1321e+15	3.8487e-11
2.13386e+15	3.81677e-11
2.13562e+15	3.79376e-11
2.13739e+15	3.76194e-11
2.13915e+15	3.72216e-11
2.14091e+15	3.69059e-11
2.14268e+15	3.66765e-11
2.14444e+15	3.63779e-11
2.1462e+15	3.59804e-11
2.14797e+15	3.57674e-11
2.14973e+15	3.54556e-11
2.15149e+15	3.50851e-11
2.15326e+15	3.47914e-11
2.15502e+15	3.45791e-11
2.15678e+15	3.42067e-11
2.15855e+15	3.39156e-11
2.16031e+15	3.37242e-11
2.16208e+15	3.34341e-11
2.16384e+15	3.31602e-11
2.1656e+15	3.2887e-11
2.16737e+15	3.25241e-11
2.16913e+15	3.22532e-11
2.17089e+15	3.20626e-11
2.17266e+15	3.17187e-11
2.17442e+15	3.14501e-11
2.17618e+15	3.11972e-11
2.17795e+15	3.10023e-11
2.17971e+15	3.06844e-11
2.18147e+15	3.04183e-11
2.18324e+15	3.02387e-11
2.185e+15	2.9919e-11
2.18676e+15	2.97401e-11
2.18853e+15	2.94961e-11
2.19029e+15	2.92484e-11
2.19205e+15	2.90016e-11
2.19382e+15	2.86886e-11
2.19558e+15	2.84577e-11
2.19735e+15	2.82842e-11
2.19911e+15	2.7989e-11
2.20087e+15	2.78107e-11
2.20264e+15	2.7518e-11
2.2044e+15	2.73543e-11
2.20616e+15	2.71314e-11
2.20793e+15	2.69053e-11
2.20969e+15	2.66173e-11
2.21145e+15	2.63921e-11
2.21322e+15	2.62432e-11
2.21498e+15	2.60239e-11
2.21674e+15	2.58003e-11
2.21851e+15	2.55318e-11
2.22027e+15	2.53835e-11
2.22203e+15	2.51617e-11
2.2238e+15	2.49591e-11
2.22556e+15	2.46955e-11
2.22733e+15	2.45467e-11
2.22909e+15	2.43414e-11
2.23085e+15	2.4081e-11
2.23262e+15	2.39502e-11
2.23438e+15	2.36916e-11
2.23614e+15	2.35571e-11
2.23791e+15	2.33547e-11
2.23967e+15	2.31703e-11
2.24143e+15	2.29693e-11
2.2432e+15	2.27287e-11
2.24496e+15	2.25948e-11
2.24672e+15	2.24084e-11
2.24849e+15	2.22261e-11
2.25025e+15	2.199e-11
2.25201e+15	2.18057e-11
2.25378e+15	2.16718e-11
2.25554e+15	2.14511e-11
2.25731e+15	2.12723e-11
2.25907e+15	2.11519e-11
2.26083e+15	2.09698e-11
2.2626e+15	2.07523e-11
2.26436e+15	2.05843e-11
2.26612e+15	2.0468e-11
2.26789e+15	2.02883e-11
2.26965e+15	2.00744e-11
2.27141e+15	1.99085e-11
2.27318e+15	1.97925e-11
2.27494e+15	1.95931e-11
2.2767e+15	1.94285e-11
2.27847e+15	1.92644e-11
2.28023e+15	1.91127e-11
2.28199e+15	1.89528e-11
2.28376e+15	1.8802e-11
2.28552e+15	1.86403e-11
2.28728e+15	1.85332e-11
2.28905e+15	1.83407e-11
2.29081e+15	1.81951e-11
2.29258e+15	1.8077e-11
2.29434e+15	1.79287e-11
2.2961e+15	1.77924e-11
2.29787e+15	1.76446e-11
2.29963e+15	1.75009e-11
2.30139e+15	1.73138e-11
2.30316e+15	1.7168e-11
2.30492e+15	1.70738e-11
2.30668e+15	1.69286e-11
2.30845e+15	1.67948e-11
2.31021e+15	1.66148e-11
2.31197e+15	1.64826e-11
2.31374e+15	1.63886e-11
2.3155e+15	1.6219e-11
2.31726e+15	1.61143e-11
2.31903e+15	1.59458e-11
2.32079e+15	1.58554e-11
2.32256e+15	1.57251e-11
2.32432e+15	1.55954e-11
2.32608e+15	1.54406e-11
2.32785e+15	1.53118e-11
2.32961e+15	1.52189e-11
2.33137e+15	1.50582e-11
2.33314e+15	1.49763e-11
2.3349e+15	1.48488e-11
2.33666e+15	1.47324e-11
2.33843e+15	1.45716e-11
2.34019e+15	1.44902e-11
2.34195e+15	1.43415e-11
2.34372e+15	1.42266e-11
2.34548e+15	1.41479e-11
2.34724e+15	1.4023e-11
2.34901e+15	1.39095e-11
2.35077e+15	1.37958e-11
2.35254e+15	1.36827e-11
2.3543e+15	1.35801e-11
2.35606e+15	1.34677e-11
2.35783e+15	1.33243e-11
2.35959e+15	1.32434e-11
2.36135e+15	1.31424e-11
2.36312e+15	1.30034e-11
2.36488e+15	1.2933e-11
2.36664e+15	1.27928e-11
2.36841e+15	1.26931e-11
2.37017e+15	1.25837e-11
2.37193e+15	1.24845e-11
2.3737e+15	1.24143e-11
2.37546e+15	1.2287e-11
2.37722e+15	1.21886e-11
2.37899e+15	1.20809e-11
2.38075e+15	1.19835e-11
2.38251e+15	1.19135e-11
2.38428e+15	1.17986e-11
2.38604e+15	1.17017e-11
2.38781e+15	1.16323e-11
2.38957e+15	1.15358e-11
2.39133e+15	1.1413e-11
2.3931e+15	1.13268e-11
2.39486e+15	1.12579e-11
2.39662e+15	1.1172e-11
2.39839e+15	1.10514e-11
2.40015e+15	1.09661e-11
2.40191e+15	1.08973e-11
2.40368e+15	1.08126e-11
2.40544e+15	1.06939e-11
2.4072e+15	1.06099e-11
2.40897e+15	1.05505e-11
2.41073e+15	1.04669e-11
2.41249e+15	1.03591e-11
2.41426e+15	1.03002e-11
2.41602e+15	1.02149e-11
2.41779e+15	1.01321e-11
2.41955e+15	1.00497e-11
2.42131e+15	9.94436e-12
2.42308e+15	9.88557e-12
2.42484e+15	9.78104e-12
2.4266e+15	9.72241e-12
2.42837e+15	9.64987e-12
2.43013e+15	9.56892e-12
2.43189e+15	9.49696e-12
2.43366e+15	9.39273e-12
2.43542e+15	9.32133e-12
2.43718e+15	9.24174e-12
2.43895e+15	9.17076e-12
2.44071e+15	9.09153e-12
2.44247e+15	9.04208e-12
2.44424e+15	8.9507e-12
2.446e+15	8.89962e-12
2.44777e+15	8.80078e-12
2.44953e+15	8.731e-12
2.45129e+15	8.68199e-12
2.45306e+15	8.59262e-12
2.45482e+15	8.52183e-12
2.45658e+15	8.47291e-12
2.45835e+15	8.38486e-12
2.46011e+15	8.31655e-12
2.46187e+15	8.27588e-12
2.46364e+15	8.18693e-12
2.4654e+15	8.1382e-12
2.46716e+15	8.07074e-12
2.46893e+15	7.99118e-12
2.47069e+15	7.94267e-12
2.47245e+15	7.88372e-12
2.47422e+15	7.79892e-12
2.47598e+15	7.75693e-12
2.47775e+15	7.6905e-12
2.47951e+15	7.61466e-12
2.48127e+15	7.5728e-12
2.48304e+15	7.50712e-12
2.4848e+15	7.44948e-12
2.48656e+15	7.39044e-12
2.48833e+15	7.33316e-12
2.49009e+15	7.25756e-12
2.49185e+15	7.20075e-12
2.49362e+15	7.14421e-12
2.49538e+15	7.08616e-12
2.49714e+15	7.04622e-12
2.49891e+15	6.97229e-12
2.50067e+15	6.93244e-12
2.50243e+15	6.85912e-12
2.5042e+15	6.81099e-12
2.50596e+15	6.76991e-12
2.50772e+15	6.71453e-12
2.50949e+15	6.66532e-12
2.51125e+15	6.6103e-12
2.51302e+15	6.54611e-12
2.51478e+15	6.50683e-12
2.51654e+15	6.45813e-12
2.51831e+15	6.40237e-12
2.52007e+15	6.34069e-12
2.52183e+15	6.30734e-12
2.5236e+15	6.23747e-12
2.52536e+15	6.20567e-12
2.52712e+15	6.14353e-12
2.52889e+15	6.09609e-12
2.53065e+15	6.04884e-12
2.53241e+15	6.00302e-12
2.53418e+15	5.95602e-12
2.53594e+15	5.92294e-12
2.5377e+15	5.87604e-12
2.53947e+15	5.81585e-12
2.54123e+15	5.78292e-12
2.543e+15	5.74484e-12
2.54476e+15	5.69859e-12
2.54652e+15	5.63926e-12
2.54829e+15	5.59344e-12
2.55005e+15	5.55449e-12
2.55181e+15	5.52161e-12
2.55358e+15	5.48288e-12
2.55534e+15	5.44418e-12
2.5571e+15	5.38421e-12
2.55887e+15	5.35758e-12
2.56063e+15	5.30614e-12
2.56239e+15	5.27956e-12
2.56416e+15	5.24072e-12
2.56592e+15	5.202e-12
2.56768e+15	5.1634e-12
2.56945e+15	5.12492e-12
2.57121e+15	5.07472e-12
2.57298e+15	5.03657e-12
2.57474e+15	5.01018e-12
2.5765e+15	4.96061e-12
2.57827e+15	4.92281e-12
2.58003e+15	4.89149e-12
2.58179e+15	4.8539e-12
2.58356e+15	4.81644e-12
2.58532e+15	4.7791e-12
2.58708e+15	4.74189e-12
2.58885e+15	4.71576e-12
2.59061e+15	4.6787e-12
2.59237e+15	4.64797e-12
2.59414e+15	4.61114e-12
2.5959e+15	4.56379e-12
2.59766e+15	4.53784e-12
2.59943e+15	4.50866e-12
2.60119e+15	4.4619e-12
2.60295e+15	4.43606e-12
2.60472e+15	4.39574e-12
2.60648e+15	4.35981e-12
2.60825e+15	4.32401e-12
2.61001e+15	4.2943e-12
2.61177e+15	4.26866e-12
2.61354e+15	4.22329e-12
2.6153e+15	4.19498e-12
2.61706e+15	4.16947e-12
2.61883e+15	4.13053e-12
2.62059e+15	4.1051e-12
2.62235e+15	4.07017e-12
2.62412e+15	4.03176e-12
2.62588e+15	3.99714e-12
2.62764e+15	3.96947e-12
2.62941e+15	3.94426e-12
2.63117e+15	3.90652e-12
2.63293e+15	3.88141e-12
2.6347e+15	3.84401e-12
2.63646e+15	3.81678e-12
2.63823e+15	3.78298e-12
2.63999e+15	3.76364e-12
2.64175e+15	3.72134e-12
2.64352e+15	3.70205e-12
2.64528e+15	3.67521e-12
2.64704e+15	3.63345e-12
2.64881e+15	3.60585e-12
2.65057e+15	3.57833e-12
2.65233e+15	3.54648e-12
2.6541e+15	3.51915e-12
2.65586e+15	3.49192e-12
2.65762e+15	3.47286e-12
2.65939e+15	3.44138e-12
2.66115e+15	3.40644e-12
2.66291e+15	3.38747e-12
2.66468e+15	3.36161e-12
2.66644e+15	3.32188e-12
2.66821e+15	3.30301e-12
2.66997e+15	3.26981e-12
2.67173e+15	3.251e-12
2.6735e+15	3.21716e-12
2.67526e+15	3.19935e-12
2.67702e+15	3.16581e-12
2.67879e+15	3.13471e-12
2.68055e+15	3.10974e-12
2.68231e+15	3.08395e-12
2.68408e+15	3.05825e-12
2.68584e+15	3.03355e-12
2.6876e+15	3.00803e-12
2.68937e+15	2.98262e-12
2.69113e+15	2.95818e-12
2.69289e+15	2.93295e-12
2.69466e+15	2.91548e-12
2.69642e+15	2.89038e-12
2.69819e+15	2.85872e-12
2.69995e+15	2.83474e-12
2.70171e+15	2.81654e-12
2.70348e+15	2.78619e-12
2.70524e+15	2.77286e-12
2.707e+15	2.74832e-12
2.70877e+15	2.72472e-12
2.71053e+15	2.70038e-12
2.71229e+15	2.67074e-12
2.71406e+15	2.64664e-12
2.71582e+15	2.62958e-12
2.71758e+15	2.60421e-12
2.71935e+15	2.5812e-12
2.72111e+15	2.55748e-12
2.72287e+15	2.53465e-12
2.72464e+15	2.51698e-12
2.7264e+15	2.49884e-12
2.72816e+15	2.47544e-12
2.72993e+15	2.45292e-12
2.73169e+15	2.4342e-12
2.73346e+15	2.41185e-12
2.73522e+15	2.38328e-12
2.73698e+15	2.36117e-12
2.73875e+15	2.34826e-12
2.74051e+15	2.32627e-12
2.74227e+15	2.30263e-12
2.74404e+15	2.28618e-12
2.7458e+15	2.26372e-12
2.74756e+15	2.24641e-12
2.74933e+15	2.22413e-12
2.75109e+15	2.20695e-12
2.75285e+15	2.18558e-12
2.75462e+15	2.15856e-12
2.75638e+15	2.14662e-12
2.75814e+15	2.12481e-12
2.75991e+15	2.10798e-12
2.76167e+15	2.08706e-12
2.76344e+15	2.06485e-12
2.7652e+15	2.0458e-12
2.76696e+15	2.03127e-12
2.76873e+15	2.01314e-12
2.77049e+15	1.99005e-12
2.77225e+15	1.97145e-12
2.77402e+15	1.95815e-12
2.77578e+15	1.93581e-12
2.77754e+15	1.91745e-12
2.77931e+15	1.90425e-12
2.78107e+15	1.886e-12
2.78283e+15	1.86454e-12
2.7846e+15	1.84714e-12
2.78636e+15	1.83383e-12
2.78812e+15	1.81692e-12
2.78989e+15	1.8001e-12
2.79165e+15	1.77919e-12
2.79342e+15	1.76603e-12
2.79518e+15	1.74535e-12
2.79694e+15	1.72923e-12
2.79871e+15	1.7122e-12
2.80047e+15	1.70017e-12
2.80223e+15	1.68031e-12
2.804e+15	1.66351e-12
2.80576e+15	1.64774e-12
2.80752e+15	1.63242e-12
2.80929e+15	1.61679e-12
2.81105e+15	1.60439e-12
2.81281e+15	1.58923e-12
2.81458e+15	1.57012e-12
2.81634e+15	1.55876e-12
2.8181e+15	1.53965e-12
2.81987e+15	1.52445e-12
2.82163e+15	1.5132e-12
2.82339e+15	1.49532e-12
2.82516e+15	1.48413e-12
2.82692e+15	1.46896e-12
2.82869e+15	1.45477e-12
2.83045e+15	1.43695e-12
2.83221e+15	1.42292e-12
2.83398e+15	1.41224e-12
2.83574e+15	1.39778e-12
2.8375e+15	1.38392e-12
2.83927e+15	1.36693e-12
2.84103e+15	1.35323e-12
2.84279e+15	1.34272e-12
2.84456e+15	1.32585e-12
2.84632e+15	1.31573e-12
2.84808e+15	1.30226e-12
2.84985e+15	1.28619e-12
2.85161e+15	1.2732e-12
2.85337e+15	1.26322e-12
2.85514e+15	1.25033e-12
2.8569e+15	1.23702e-12
2.85867e+15	1.22172e-12
2.86043e+15	1.21188e-12
2.86219e+15	1.19955e-12
2.86396e+15	1.18729e-12
2.86572e+15	1.17478e-12
2.86748e+15	1.16265e-12
2.86925e+15	1.14789e-12
2.87101e+15	1.1359e-12
2.87277e+15	1.1269e-12
2.87454e+15	1.11455e-12
2.8763e+15	1.10271e-12
2.87806e+15	1.0887e-12
2.87983e+15	1.07702e-12
2.88159e+15	1.06817e-12
2.88335e+15	1.05687e-12
2.88512e+15	1.04563e-12
2.88688e+15	1.03445e-12
2.88865e+15	1.02333e-12
2.89041e+15	1.0102e-12
2.89217e+15	1.00154e-12
2.89394e+15	9.88572e-13
2.8957e+15	9.77706e-13
2.89746e+15	9.69432e-13
2.89923e+15	9.56704e-13
2.90099e+15	9.48493e-13
2.90275e+15	9.35925e-13
2.90452e+15	9.2562e-13
2.90628e+15	9.17504e-13
2.90804e+15	9.07557e-13
2.90981e+15	8.95307e-13
2.91157e+15	8.8549e-13
2.91333e+15	8.77504e-13
2.9151e+15	8.65754e-13
2.91686e+15	8.56099e-13
2.91862e+15	8.4847e-13
2.92039e+15	8.389e-13
2.92215e+15	8.2964e-13
2.92392e+15	8.18268e-13
2.92568e+15	8.10765e-13
2.92744e+15	8.0166e-13
2.92921e+15	7.90513e-13
2.93097e+15	7.83355e-13
2.93273e+15	7.72604e-13
2.9345e+15	7.63726e-13
2.93626e+15	7.56659e-13
2.93802e+15	7.4647e-13
2.93979e+15	7.39463e-13
2.94155e+15	7.29067e-13
2.94331e+15	7.22361e-13
2.94508e+15	7.13766e-13
2.94684e+15	7.05459e-13
2.9486e+15	6.95579e-13
2.95037e+15	6.88991e-13
2.95213e+15	6.79246e-13
2.9539e+15	6.71153e-13
2.95566e+15	6.64975e-13
2.95742e+15	6.56958e-13
2.95919e+15	6.4899e-13
2.96095e+15	6.41295e-13
2.96271e+15	6.33424e-13
2.96448e+15	6.25823e-13
2.96624e+15	6.16831e-13
2.968e+15	6.10844e-13
2.96977e+15	6.03381e-13
2.97153e+15	5.95965e-13
2.97329e+15	5.87226e-13
2.97506e+15	5.81543e-13
2.97682e+15	5.74323e-13
2.97858e+15	5.65828e-13
2.98035e+15	5.60227e-13
2.98211e+15	5.52062e-13
2.98388e+15	5.46308e-13
2.98564e+15	5.39518e-13
2.9874e+15	5.31531e-13
2.98917e+15	5.26066e-13
2.99093e+15	5.18197e-13
2.99269e+15	5.12787e-13
2.99446e+15	5.06411e-13
2.99622e+15	4.98715e-13
2.99798e+15	4.92266e-13
2.99975e+15	4.87161e-13
3.00151e+15	4.80949e-13
3.00327e+15	4.74612e-13
3.00504e+15	4.68483e-13
3.0068e+15	4.61343e-13
3.00856e+15	4.55309e-13
3.01033e+15	4.4934e-13
3.01209e+15	4.44605e-13
3.01386e+15	4.37682e-13
3.01562e+15	4.33021e-13
3.01738e+15	4.26181e-13
3.01915e+15	4.2059e-13
3.02091e+15	4.15827e-13
3.02267e+15	4.09346e-13
3.02444e+15	4.04812e-13
3.0262e+15	3.98411e-13
3.02796e+15	3.93927e-13
3.02973e+15	3.87843e-13
3.03149e+15	3.82518e-13
3.03325e+15	3.77231e-13
3.03502e+15	3.7215e-13
3.03678e+15	3.66938e-13
3.03854e+15	3.61929e-13
3.04031e+15	3.56956e-13
3.04207e+15	3.52696e-13
3.04383e+15	3.46975e-13
3.0456e+15	3.42907e-13
3.04736e+15	3.38246e-13
3.04913e+15	3.3344e-13
3.05089e+15	3.28688e-13
3.05265e+15	3.232e-13
3.05442e+15	3.19428e-13
3.05618e+15	3.14935e-13
3.05794e+15	3.09583e-13
3.05971e+15	3.0588e-13
3.06147e+15	3.00787e-13
3.06323e+15	2.97129e-13
3.065e+15	2.92785e-13
3.06676e+15	2.87822e-13
3.06852e+15	2.84234e-13
3.07029e+15	2.795e-13
3.07205e+15	2.75316e-13
3.07381e+15	2.71939e-13
3.07558e+15	2.67186e-13
3.07734e+15	2.63853e-13
3.07911e+15	2.59323e-13
3.08087e+15	2.56033e-13
3.08263e+15	2.51463e-13
3.0844e+15	2.48217e-13
3.08616e+15	2.43982e-13
3.08792e+15	2.40795e-13
3.08969e+15	2.36503e-13
3.09145e+15	2.33475e-13
3.09321e+15	2.29811e-13
3.09498e+15	2.25764e-13
3.09674e+15	2.22685e-13
3.0985e+15	2.18713e-13
3.10027e+15	2.15804e-13
3.10203e+15	2.12413e-13
3.10379e+15	2.0855e-13
3.10556e+15	2.05702e-13
3.10732e+15	2.01926e-13
3.10909e+15	1.99106e-13
3.11085e+15	1.95976e-13
3.11261e+15	1.92755e-13
3.11438e+15	1.89678e-13
3.11614e+15	1.86628e-13
3.1179e+15	1.83063e-13
3.11967e+15	1.80073e-13
3.12143e+15	1.77523e-13
3.12319e+15	1.74173e-13
3.12496e+15	1.71262e-13
3.12672e+15	1.68377e-13
3.12848e+15	1.65639e-13
3.13025e+15	1.63184e-13
3.13201e+15	1.59997e-13
3.13377e+15	1.57321e-13
3.13554e+15	1.54576e-13
3.1373e+15	1.51949e-13
3.13906e+15	1.49705e-13
3.14083e+15	1.46778e-13
3.14259e+15	1.44234e-13
3.14436e+15	1.41703e-13
3.14612e+15	1.39207e-13
3.14788e+15	1.36724e-13
3.14965e+15	1.34275e-13
3.15141e+15	1.31946e-13
3.15317e+15	1.29836e-13
3.15494e+15	1.2725e-13
3.1567e+15	1.24987e-13
3.15846e+15	1.22655e-13
3.16023e+15	1.20437e-13
3.16199e+15	1.18231e-13
3.16375e+15	1.16337e-13
3.16552e+15	1.1417e-13
3.16728e+15	1.12034e-13
3.16904e+15	1.10016e-13
3.17081e+15	1.07923e-13
3.17257e+15	1.05605e-13
3.17434e+15	1.03644e-13
3.1761e+15	1.0162e-13
3.17786e+15	9.96997e-14
3.17963e+15	9.80272e-14
3.18139e+15	9.61505e-14
3.18315e+15	9.42852e-14
3.18492e+15	9.24478e-14
3.18668e+15	9.0622e-14
3.18844e+15	8.88159e-14
3.19021e+15	8.6835e-14
3.19197e+15	8.51481e-14
3.19373e+15	8.34119e-14
3.1955e+15	8.19597e-14
3.19726e+15	8.00636e-14
3.19902e+15	7.86401e-14
3.20079e+15	7.70477e-14
3.20255e+15	7.53951e-14
3.20432e+15	7.36674e-14
3.20608e+15	7.23007e-14
3.20784e+15	7.08484e-14
3.20961e+15	6.91833e-14
3.21137e+15	6.78518e-14
3.21313e+15	6.63833e-14
3.2149e+15	6.48527e-14
3.21666e+15	6.34155e-14
3.21842e+15	6.22104e-14
3.22019e+15	6.07378e-14
3.22195e+15	5.95581e-14
3.22371e+15	5.81173e-14
3.22548e+15	5.68309e-14
3.22724e+15	5.56897e-14
3.229e+15	5.43109e-14
3.23077e+15	5.31955e-14
3.23253e+15	5.19692e-14
3.23429e+15	5.08209e-14
3.23606e+15	4.96252e-14
3.23782e+15	4.83879e-14
3.23959e+15	4.72306e-14
3.24135e+15	4.61377e-14
3.24311e+15	4.51689e-14
3.24488e+15	4.41016e-14
3.24664e+15	4.30532e-14
3.2484e+15	4.1921e-14
3.25017e+15	4.09935e-14
3.25193e+15	3.99868e-14
3.25369e+15	3.8994e-14
3.25546e+15	3.7975e-14
3.25722e+15	3.70933e-14
3.25898e+15	3.61042e-14
3.26075e+15	3.52138e-14
3.26251e+15	3.43698e-14
3.26427e+15	3.34246e-14
3.26604e+15	3.26476e-14
3.2678e+15	3.1805e-14
3.26957e+15	3.09746e-14
3.27133e+15	3.00863e-14
3.27309e+15	2.93241e-14
3.27486e+15	2.8598e-14
3.27662e+15	2.77544e-14
3.27838e+15	2.70259e-14
3.28015e+15	2.633e-14
3.28191e+15	2.56221e-14
3.28367e+15	2.49281e-14
3.28544e+15	2.42416e-14
3.2872e+15	2.34739e-14
3.28896e+15	2.28139e-14
3.29073e+15	2.21975e-14
3.29249e+15	2.1558e-14
3.29425e+15	2.09261e-14
3.29602e+15	2.03075e-14
3.29778e+15	1.97763e-14
3.29955e+15	1.91319e-14
3.30131e+15	1.85764e-14
3.30307e+15	1.80301e-14
3.30484e+15	1.74588e-14
3.3066e+15	1.69708e-14
3.30836e+15	1.64512e-14
3.31013e+15	1.59035e-14
3.31189e+15	1.54368e-14
3.31365e+15	1.49443e-14
3.31542e+15	1.44555e-14
3.31718e+15	1.40141e-14
3.31894e+15	1.35301e-14
3.32071e+15	1.31175e-14
3.32247e+15	1.26568e-14
3.32423e+15	1.22354e-14
3.326e+15	1.18521e-14
3.32776e+15	1.14507e-14
3.32953e+15	1.10571e-14
3.33129e+15	1.06778e-14
3.33305e+15	1.03043e-14
3.33482e+15	9.94059e-15
3.33658e+15	9.56424e-15
3.33834e+15	9.24354e-15
3.34011e+15	8.90822e-15
3.34187e+15	8.58355e-15
3.34363e+15	8.245e-15
3.3454e+15	7.93875e-15
3.34716e+15	7.63965e-15
3.34892e+15	7.36555e-15
3.35069e+15	7.08197e-15
3.35245e+15	6.78945e-15
3.35421e+15	6.5209e-15
3.35598e+15	6.26204e-15
3.35774e+15	6.02489e-15
3.3595e+15	5.76441e-15
3.36127e+15	5.53945e-15
3.36303e+15	5.31002e-15
3.3648e+15	5.08609e-15
3.36656e+15	4.85788e-15
3.36832e+15	4.6592e-15
3.37009e+15	4.44557e-15
3.37185e+15	4.25875e-15
3.37361e+15	4.06854e-15
3.37538e+15	3.87426e-15
3.37714e+15	3.69699e-15
3.3789e+15	3.53477e-15
3.38067e+15	3.35992e-15
3.38243e+15	3.20731e-15
3.38419e+15	3.04471e-15
3.38596e+15	2.89582e-15
3.38772e+15	2.75164e-15
3.38948e+15	2.6134e-15
3.39125e+15	2.47967e-15
3.39301e+15	2.35055e-15
3.39478e+15	2.23256e-15
3.39654e+15	2.10894e-15
3.3983e+15	1.99886e-15
3.40007e+15	1.88496e-15
3.40183e+15	1.78338e-15
3.40359e+15	1.68262e-15
3.40536e+15	1.58152e-15
3.40712e+15	1.49314e-15
3.40888e+15	1.40381e-15
3.41065e+15	1.31532e-15
3.41241e+15	1.23712e-15
3.41417e+15	1.15984e-15
3.41594e+15	1.08576e-15
3.4177e+15	1.01275e-15
3.41946e+15	9.46224e-16
3.42123e+15	8.82281e-16
3.42299e+15	8.23383e-16
3.42476e+15	7.64239e-16
3.42652e+15	7.09375e-16
3.42828e+15	6.59629e-16
3.43005e+15	6.10211e-16
3.43181e+15	5.64132e-16
3.43357e+15	5.2012e-16
3.43534e+15	4.77699e-16
3.4371e+15	4.3942e-16
3.43886e+15	4.02969e-16
3.44063e+15	3.68839e-16
3.44239e+15	3.3777e-16
3.44415e+15	3.07105e-16
3.44592e+15	2.79898e-16
3.44768e+15	2.53672e-16
3.44944e+15	2.28949e-16
3.45121e+15	2.06561e-16
3.45297e+15	1.85986e-16
3.45473e+15	1.66794e-16
3.4565e+15	1.49286e-16
3.45826e+15	1.33086e-16
3.46003e+15	1.18136e-16
3.46179e+15	1.04748e-16
3.46355e+15	9.24843e-17
3.46532e+15	8.13514e-17
3.46708e+15	7.11773e-17
3.46884e+15	6.19935e-17
3.47061e+15	5.36072e-17
3.47237e+15	4.63281e-17
3.47413e+15	3.96182e-17
