0.735599	0.00277299
0.761075	0.00320702
0.786415	0.00373073
0.811677	0.00432768
0.836868	0.00498278
0.861995	0.00570969
0.886817	0.00657055
0.912154	0.00729073
0.936806	0.00845106
0.961955	0.00933254
0.986829	0.010584
1.01145	0.0119473
1.03618	0.013261
1.06068	0.0148697
1.08529	0.0164052
1.10968	0.0183405
1.13419	0.0201431
1.15849	0.0222885
1.18259	0.0247107
1.20652	0.0271886
1.23056	0.0295528
1.25444	0.0324589
1.27787	0.0359581
1.30143	0.0389284
1.32512	0.0419961
1.34839	0.0462386
1.3718	0.0497001
1.39481	0.0543603
1.41796	0.0582186
1.44074	0.0637483
1.46365	0.0678915
1.48646	0.0731631
1.50893	0.0795089
1.53153	0.0847012
1.55404	0.0908666
1.57623	0.0983249
1.59856	0.103863
1.62081	0.111272
1.64298	0.118786
1.66485	0.127514
1.68687	0.13477
1.7086	0.144706
1.73048	0.151934
1.75209	0.163151
1.77384	0.170991
1.79533	0.183234
1.81676	0.193413
1.83833	0.202678
1.85966	0.216116
1.88094	0.228077
1.90216	0.240568
1.92335	0.253489
1.94448	0.267591
1.96558	0.280898
1.98663	0.296104
2.00746	0.312975
2.02826	0.328543
2.04919	0.342679
2.06992	0.362364
2.09079	0.375712
2.11145	0.397697
2.13208	0.415269
2.15268	0.435404
2.17325	0.45521
2.19363	0.479374
2.21415	0.495456
2.23464	0.518515
2.25494	0.543867
2.27522	0.566969
2.29564	0.586388
2.31588	0.617093
2.3361	0.642453
2.3563	0.66702
2.37632	0.699076
2.39634	0.726639
2.41648	0.751455
2.43646	0.78638
2.45642	0.816602
2.47637	0.845562
2.4963	0.879473
2.51622	0.912298
2.53612	0.946024
2.55587	0.987315
2.57575	1.0158
2.59548	1.05952
2.6152	1.09437
2.6349	1.13266
2.6546	1.17448
2.67429	1.21202
2.69383	1.26462
2.7139	1.27028
2.73249	1.41709
2.75228	1.37583
2.77193	1.42762
2.79143	1.48725
2.8108	1.54495
2.83004	1.60033
2.85042	1.56028
2.8694	1.72661
2.88825	1.79
2.90822	1.74634
2.92681	1.92553
2.94652	1.87239
2.9661	1.94183
2.98555	2.01263
3.00367	2.22035
3.02288	2.15514
3.04316	2.10843
3.06212	2.31855
3.08096	2.39785
3.09969	2.47917
3.11947	2.40993
3.13797	2.64575
3.1575	2.58141
3.17692	2.66333
3.19509	2.92056
3.21428	2.84652
3.23335	2.94028
3.25232	3.03598
3.27117	3.12636
3.28992	3.23329
3.30965	3.14701
3.32818	3.43619
3.34661	3.54998
3.36601	3.4519
3.38423	3.77406
3.40342	3.67541
3.42249	3.78918
3.44147	3.89651
3.46034	4.02381
3.4791	4.14427
3.49777	4.26745
3.51634	4.38225
3.53481	4.50975
3.5542	4.40058
3.57247	4.78914
3.59166	4.67083
3.60974	5.06794
3.62873	4.9398
3.64763	5.06978
3.66642	5.22542
3.68512	5.35982
3.70372	5.50896
3.72223	5.6739
3.74065	5.81505
3.75898	5.98537
3.77722	6.13107
3.79633	5.98604
3.81439	6.48146
3.83331	6.32418
3.85214	6.48011
3.87088	6.66851
3.88859	7.19719
3.90715	6.99914
3.92563	7.19732
3.94493	7.03862
3.96323	7.57933
3.98144	7.75216
4.00048	7.59329
4.01852	8.15192
4.03738	7.9618
4.05526	8.5644
4.07395	8.38035
4.09256	8.58998
4.11108	8.80289
4.12952	9.01829
4.14787	9.23777
4.16615	9.45975
4.18434	9.66336
4.20246	9.89231
4.22135	9.67326
4.23931	10.3708
4.25804	10.1605
4.27669	10.4032
4.29442	11.1457
4.31291	10.8878
4.33132	11.142
4.34966	11.3715
4.36792	11.6325
4.3861	11.8962
4.40503	11.6446
4.42306	12.4464
4.44102	12.7511
4.45971	12.4462
4.47752	13.2959
4.49607	13.0024
4.51453	13.2932
4.53293	13.5869
4.55124	13.8857
4.56949	14.1875
4.58766	14.5282
4.60576	14.8043
4.62379	15.1195
4.64253	14.8055
4.66042	15.7742
4.67901	15.4785
4.69753	15.7737
4.71521	16.7962
4.73358	16.4349
4.75189	16.7791
4.77012	17.1678
4.78829	17.481
4.80639	17.8386
4.82517	17.5257
4.84313	18.6251
4.86102	18.9973
4.87959	18.6119
4.89735	19.7705
4.91578	19.3198
4.93415	19.7549
4.95244	20.1029
4.97067	20.5509
4.98883	20.9555
5.00692	21.3153
5.02495	21.7809
5.04364	21.3104
5.06154	22.642
5.08008	22.1981
5.09786	23.4692
5.11627	23.0577
5.13462	23.447
5.15221	24.8952
5.17043	24.3351
5.18929	23.9454
5.20738	25.2757
5.22541	25.8066
5.24338	26.2228
5.26197	25.7905
5.27982	27.2091
5.29828	26.6912
5.31601	28.2836
5.33435	27.6736
5.35263	28.2476
5.37084	28.7646
5.389	29.2175
5.40709	29.8123
5.42513	30.2742
5.44376	29.7982
5.46168	31.448
5.47953	31.9237
5.49799	31.4103
5.51638	31.9713
5.53471	32.5403
5.55233	34.3218
5.57054	33.5969
5.58869	34.2625
5.60743	33.5913
5.62547	35.3915
5.64345	35.9963
5.66201	35.3631
5.67987	37.2457
5.69831	36.5821
5.71669	37.2114
5.73438	39.2686
5.75264	38.4664
5.77085	39.2086
5.789	39.7729
5.8071	40.5292
5.82575	39.7526
5.84373	41.8012
5.86227	41.185
5.88014	43.1976
5.89857	42.5493
5.91633	44.622
5.93464	43.841
5.9529	44.5591
5.97111	45.3875
5.98925	46.1215
6.00795	45.369
6.02598	47.6322
6.04397	48.2754
6.06249	47.4733
6.08096	48.3532
6.09878	50.7453
6.11714	49.7739
6.13545	50.6814
6.1537	51.3607
6.1719	52.287
6.19004	53.1012
6.20871	52.1384
6.22675	54.7779
6.24473	55.4859
6.26324	54.7185
6.2817	55.5702
6.29952	58.0909
6.31787	57.2772
6.33617	58.1584
6.35441	59.0477
6.37317	57.9882
6.39131	60.848
6.4094	61.7618
6.42799	60.8082
6.44598	63.6417
6.46447	62.6479
6.48291	63.5938
6.5013	64.3672
6.51964	65.3277
6.53792	66.4512
6.55615	67.2742
6.57434	68.4196
6.59247	69.4167
6.6111	68.3767
6.62913	71.3002
6.64766	70.3837
6.66614	71.2487
6.68456	72.4214
6.70294	73.2993
6.72126	74.3546
6.73954	75.5948
6.75776	76.4924
6.77647	75.561
6.7946	78.8808
6.81321	77.5456
6.83176	78.838
6.84974	82.2823
6.8682	81.0586
6.88661	82.0072
6.90497	83.1538
6.92329	84.5065
6.94207	83.1293
6.96029	86.683
6.97897	85.6549
6.99709	89.3031
7.01568	87.8204
7.03422	89.0335
7.05271	90.4668
7.07115	91.4892
7.08954	92.9481
7.10789	93.9846
7.12669	92.7028
7.14494	96.7793
7.16365	95.223
7.18181	99.396
7.20042	98.0113
7.21898	99.3269
7.2375	100.653
7.25597	101.989
7.27439	103.095
7.29327	101.732
7.3116	106.096
7.33037	104.678
7.3491	106.109
7.36729	110.124
7.38593	108.629
7.40452	110.303
7.42306	111.734
7.44204	110.307
7.46049	114.667
7.47889	116.131
7.49773	114.357
7.51604	119.131
7.53479	117.615
7.55349	119.123
7.57215	120.362
7.59076	121.889
7.60932	123.715
7.62831	122.17
7.64678	126.577
7.66521	128.498
7.68407	126.573
7.70287	128.168
7.72164	130.078
7.74035	131.7
7.75902	133.384
7.77765	134.716
7.79623	136.37
7.81524	135.019
7.83373	140.081
7.85264	138.405
7.8715	139.784
7.88987	145.335
7.90864	143.182
7.92783	141.506
7.94652	147.107
7.96516	148.528
7.98421	147.103
8.00277	152.487
8.02173	150.36
8.04065	152.171
8.05907	157.712
8.0779	155.79
8.09714	154.067
8.11588	159.974
8.13458	161.477
8.15368	159.662
8.17229	165.369
8.1913	163.814
8.21027	165.417
8.22919	167.748
8.24807	169.705
8.26691	171.676
8.28571	173.316
8.3049	171.365
8.3236	177.774
8.34271	175.814
8.36176	177.437
8.38078	179.545
8.39975	182.029
8.41868	183.679
8.43756	185.829
8.45683	184.224
8.47563	190.536
8.49482	188.055
8.51438	186.104
8.53136	216.786
8.55254	175.56
8.56944	221.695
8.59052	179.574
8.60735	226.214
8.62834	183.64
8.64927	185.887
8.66599	234.677
8.68683	190.034
8.70348	239.89
8.72423	194.233
8.74494	196.096
8.76147	248.164
8.78209	200.833
8.79855	252.955
8.81909	204.689
8.83957	207.625
8.86001	210.035
8.87633	265.112
8.89668	214.479
8.91699	217.002
8.9332	273.782
8.95343	221.013
8.97361	223.507
8.99374	226.088
9.01383	228.614
9.02987	289.131
9.04988	233.27
9.06984	235.914
9.08976	239.057
9.10964	241.741
9.12947	244.367
9.14926	247.084
9.16506	310.944
9.18478	251.953
9.20445	254.125
9.22408	256.823
9.24367	260.22
9.26321	263.036
9.28272	265.171
9.30218	268.014
9.32161	270.793
9.34099	273.669
9.36034	276.563
9.37964	279.392
9.3989	282.319
9.41813	285.264
9.43731	288.142
9.46029	243.042
9.47939	295.396
9.49845	297.64
9.51747	301.374
9.53646	303.724
9.5554	307.418
9.57431	309.788
9.59696	261.812
9.61579	317.275
9.63458	319.677
9.65333	323.586
9.67579	272.703
9.69447	329.74
9.71311	332.952
9.73171	336.181
9.75399	283.261
9.77252	343.244
9.79101	346.528
9.81315	292.698
9.83156	354.536
9.84994	357.05
9.87196	301.542
9.89026	364.453
9.91218	307.048
9.93041	371.839
9.94861	376.146
9.9704	316.117
9.98853	383.773
10.0102	322.497
10.0283	390.469
10.0499	328.859
10.0679	399.176
10.0894	336.16
10.1109	338.965
10.1288	411.392
10.1502	345.594
10.168	418.319
10.1893	353.023
10.2106	355.886
10.2283	430.84
10.2495	362.695
10.2707	366.44
10.2883	444.599
10.3093	373.358
10.3304	378.043
10.3479	457.44
10.3688	384.092
10.3897	388.861
10.4106	392.757
10.4279	475.296
10.4487	399.948
10.4695	402.964
10.4902	406.932
10.5109	410.921
10.5315	414.931
10.5521	418.963
10.5692	506.881
10.5897	426.402
10.6102	431.498
10.6307	434.607
10.651	438.742
10.6714	443.93
10.6917	448.117
10.712	452.325
10.7323	456.555
10.7525	460.805
10.7726	463.996
10.7928	469.371
10.8128	472.584
10.8363	409.863
10.8555	501.666
10.8747	508.265
10.8972	435.227
10.9163	517.719
10.9386	445.72
10.9609	450.776
10.9831	456.144
11.002	540.401
11.0241	463.871
11.0461	469.763
11.0682	473.253
11.0902	477.686
11.1121	482.556
11.1341	486.022
11.1559	492.349
11.1777	496.592
11.1995	501.924
11.2212	506.535
11.2462	445.878
11.2678	517.291
11.2894	522.01
11.3142	460.278
11.3357	533.023
11.3603	468.844
11.3817	544.754
11.4063	478.31
11.4276	555.91
11.4521	487.971
11.4764	492.905
11.4977	570.104
11.5219	503.881
11.5462	506.557
11.5703	514.665
11.5945	517.239
11.6186	522.839
11.6426	528.878
11.6666	533.534
11.6905	541.024
11.7144	545.213
11.7382	552.164
11.762	556.277
11.7888	498.303
11.8124	567.698
11.836	574.645
11.8627	512.744
11.8862	585.531
11.9127	524.923
11.9361	597.395
11.9625	533.852
11.9858	610.832
12.0121	546.849
12.0383	550.075
12.0645	557.319
12.0877	633.511
12.1137	567.202
12.1397	575.441
12.1656	579.917
12.1915	584.765
12.2174	592.141
12.2431	598.509
12.2689	601.378
12.2975	549.451
12.3231	617.226
12.3487	623.057
12.3742	628.056
12.4026	570.207
12.428	641.299
12.4562	583.047
12.4815	654.123
12.5095	596.742
12.5348	669.602
12.5628	607.705
12.5879	682.298
12.6158	618.794
12.6436	626.152
12.6714	631.401
12.699	640.431
12.7267	646.365
12.7543	652.416
12.7819	658.416
12.8093	666.605
12.8368	671.383
12.8641	681.063
12.8915	683.896
12.9187	691.71
12.9487	636.293
12.9758	708.359
13.0057	647.008
13.0328	719.69
13.0625	663.076
13.0895	735.726
13.1191	675.493
13.1459	749.395
13.1755	688.463
13.2049	696.659
13.2343	701.776
13.2637	709.126
13.2902	791.778
13.3195	721.546
13.3486	732.211
13.3804	676.331
13.4095	744.498
13.4384	756.728
13.4674	759.709
13.4963	768.585
13.5277	711.654
13.5565	784.995
13.5878	727.604
13.6164	800.517
13.6477	741.813
13.6762	820.266
13.7073	754.626
13.7384	764.427
13.7693	773.705
13.7976	852.784
13.8284	789.458
13.8593	795.755
13.8899	807.238
13.9232	750.281
13.9537	820.55
13.9843	827.096
14.0147	839.532
14.0451	847.35
14.078	789.213
14.1083	865.161
14.141	806.85
14.1711	881.367
14.2038	821.588
14.2363	830.713
14.2688	838.597
14.2987	918.545
14.331	858.925
14.3632	866.909
14.3954	873.751
14.4276	882.803
14.4621	828.821
14.4941	904.386
14.526	910.316
14.5578	920.973
14.5921	864.914
14.6238	940.058
14.6579	883.624
14.6895	958.987
14.7234	899.87
14.7573	911.615
14.791	921.404
14.8248	928.846
14.856	1012.97
14.8896	950.384
14.9255	893.59
14.9589	968.566
14.9922	979.771
15.0256	986.369
15.0611	934.237
15.0942	1008.85
15.1297	950.424
15.1626	1029.95
15.1979	971.743
15.2331	982.24
15.2659	1064.15
15.3009	1002.41
15.3358	1013.33
15.3707	1026.23
15.4078	973.004
15.4425	1046.09
15.4771	1057.15
15.5117	1070.47
15.5485	1013.33
15.5829	1091.08
15.6195	1033.64
15.6537	1116.97
15.6902	1052.87
15.7265	1066.93
15.7628	1082.35
15.799	1089.52
15.8351	1103.88
15.8711	1113.08
15.9071	1125.88
15.9452	1072.82
15.981	1151.7
16.0189	1094.36
16.0545	1173.57
16.0923	1119.23
16.1278	1195.39
16.1653	1143.98
16.2028	1154.88
16.2403	1161.69
16.2775	1181.38
16.3148	1192.1
16.3542	1135.63
16.3912	1217
16.4281	1230.87
16.4673	1172.52
16.5062	1187.92
16.5429	1269.6
16.5818	1207.43
16.6205	1226.36
16.659	1241.13
16.6976	1249.73
16.736	1263.09
16.7744	1279.45
16.8148	1221.23
16.8529	1307.37
16.8931	1249.02
16.9311	1330.56
16.9711	1278.95
17.011	1292.87
17.0508	1306.73
17.0907	1317.36
17.1302	1333.35
17.1698	1349.05
17.2092	1360.21
17.2507	1303.35
17.2899	1394.62
17.3311	1334.55
17.3702	1419.57
17.4112	1363.18
17.4522	1381.22
17.4931	1389.47
17.5339	1407.69
17.5765	1360.41
17.617	1442.11
17.6575	1457.37
17.6999	1403.24
17.7403	1481.56
17.7824	1429.98
17.8245	1448.99
17.8665	1461.35
17.9084	1477.14
17.9501	1498.14
17.9938	1444.19
18.0354	1525.69
18.0789	1475.84
18.1203	1562.59
18.1635	1504.32
18.2067	1520.82
18.2497	1540.73
18.2927	1557.47
18.3356	1570.59
18.3783	1587.45
18.423	1531.67
18.4656	1622.32
18.51	1568.56
18.5542	1585.84
18.5965	1679.35
18.6406	1623.67
18.6864	1573.57
18.7303	1659.88
18.774	1673.8
18.8195	1629.46
18.863	1714.15
18.9084	1656.9
18.9536	1679.05
18.9987	1693.48
19.0437	1715.91
19.0886	1730.46
19.1353	1679.57
19.18	1772.83
19.2264	1716.43
19.2728	1735.43
19.3171	1831.25
19.3633	1770.83
19.4111	1724.01
19.457	1816.84
19.5027	1840.91
19.5502	1785.38
19.5976	1801.06
19.643	1897.3
19.6902	1840.22
19.7372	1860.06
19.786	1811.17
19.8327	1908.34
19.8812	1851.54
19.9278	1948.1
19.9761	1896.62
20.0243	1917.58
20.0723	1938.63
20.1202	1959.76
20.1679	1981.31
20.2174	1931.46
20.265	2022.47
20.3142	1969.59
20.3633	1991.16
20.4123	2018.01
20.4612	2040.13
20.5116	1991.89
20.5602	2080.38
20.6105	2028.84
20.6606	2053.86
20.7106	2076.59
20.7605	2104.06
20.8102	2132.45
20.8615	2074.66
20.911	2169.61
20.9622	2118.03
21.0132	2144.13
21.0639	2178.05
21.1147	2196.71
21.167	2149.52
21.2174	2240.56
21.2695	2194.95
21.3215	2221.98
21.3731	2246.74
21.4248	2271.38
21.4763	2295.95
21.5294	2249.43
21.5824	2266.77
21.6351	2305.26
21.6878	2320.18
21.7403	2351.29
21.7928	2377.07
21.8467	2330.89
21.8988	2432.94
21.9525	2376.98
22.0077	2338.49
22.0611	2436.45
22.1142	2469.03
22.169	2409.45
22.2237	2445.07
22.2782	2472.07
22.3325	2493.94
22.3866	2527.14
22.4423	2482.77
22.4963	2574.42
22.5517	2538.01
22.6086	2495.66
22.6636	2596.03
22.7186	2618.44
22.7751	2576.98
22.8314	2609.29
22.8874	2638.41
22.9434	2667.74
23.0009	2624.99
23.0567	2724.47
23.1137	2689.76
23.1707	2707.81
23.2276	2737.96
23.2858	2702.37
23.3425	2802.88
23.4003	2762.92
23.4582	2793.94
23.5159	2825.45
23.5749	2784.21
23.6338	2819.04
23.691	2914.9
23.7511	2807.73
23.8096	2911.57
23.8678	2943.97
23.9276	2899.56
23.9871	2935.73
24.0465	2968.97
24.1056	3002.09
24.1661	2961.65
24.2266	2985.16
24.2869	3029.36
24.3468	3070.7
24.4083	3024.63
24.4681	3125.58
24.5293	3089.17
24.5902	3127.86
24.6524	3089.8
24.713	3190.94
24.775	3152.81
24.8368	3188.28
24.8998	3162.37
24.9613	3268.53
25.024	3223.18
25.0866	3267.28
25.1489	3304.31
25.2127	3264.01
25.2763	3304.96
25.3383	3417.62
25.4027	3314.19
25.4658	3418.24
25.5302	3370.2
25.5944	3420.58
25.6583	3451.16
25.7234	3432.11
25.7885	3455.7
25.8534	3498.98
25.9181	3534.86
25.9825	3582.63
26.0483	3538.87
26.1139	3588.71
26.1808	3543.51
26.2459	3679.73
26.3124	3637.15
26.3787	3669.41
26.4462	3637.84
26.5121	3767.32
26.5792	3730.08
26.6462	3763.51
26.7143	3732.53
26.7808	3858.81
26.8472	3902.03
26.9136	3931.84
26.9797	3989.05
27.0587	3366.46
27.1245	4086.92
27.1902	4130.65
27.2557	4161.26
27.334	3516.36
27.399	4276.45
27.464	4321.82
27.5417	3637.78
27.6064	4417.67
27.6836	3739.27
27.7479	4526.59
27.8249	3809.01
27.8888	4630.01
27.9654	3908.73
28.029	4735.94
28.1052	3984.18
28.1812	4042.62
28.2442	4902.93
28.3198	4118.13
28.3953	4172.12
28.4705	4232.1
28.5453	4282.22
28.6077	5191.38
28.6823	4364.77
28.7568	4421.06
28.8311	4467.21
28.905	4539.85
28.9789	4570.83
29.0526	4634.11
29.1262	4670.71
29.2115	4068.18
29.2846	4803.09
29.3575	4845.63
29.4303	4899.72
29.5027	4976.51
29.5872	4294.8
29.6594	5073.11
29.7314	5127.52
29.815	4458.62
29.8866	5248.51
29.97	4559.77
30.0413	5384.3
30.124	4681.1
30.1949	5508.91
30.2774	4778.15
30.3598	4831.96
30.4299	5717.09
30.5118	4934.86
30.5934	5005.61
30.6748	5054.17
30.7561	5126.44
30.8254	6048.85
30.9062	5226.02
30.9868	5299.74
31.0672	5361.57
31.1472	5435.94
31.2387	4802.66
31.3184	5546.52
31.3979	5608.92
31.4771	5685.31
31.5562	5736.19
31.6464	5094.67
31.7252	5881.59
31.8036	5952.83
31.8931	5274.65
31.9712	6080.93
32.0602	5386.24
32.1379	6223.29
32.2264	5517.79
32.3036	6368.55
32.3918	5652.48
32.4796	5708.21
32.5671	5789.29
32.6436	6689.18
32.7308	5901.19
32.8178	5977.46
32.9043	6076.46
32.9908	6134.64
33.0771	6205.68
33.1633	6271.84
33.2491	6351.51
33.3345	6423.77
33.4306	5770
33.5157	6582.02
33.6006	6655.63
33.6958	5983.09
33.7803	6800.83
33.8645	6891.49
33.9591	6187.38
34.0427	7053.66
34.1368	6347.44
34.2307	6419.09
34.3138	7291.94
34.4069	6588.03
34.5	6653
34.5928	6718.11
34.6854	6807.1
34.7775	6911.13
34.8696	6977.76
34.9614	7058.1
35.053	7125.43
35.1441	7240.92
35.2353	7299.99
35.3262	7374.68
35.4269	6720.73
35.517	7589.3
35.6072	7657.29
35.7071	6960.38
35.7968	7830.77
35.896	7140.18
35.9951	7214.01
36.084	8104.02
36.1826	7398.7
36.2807	7486.91
36.3789	7552.97
36.4766	7670.35
36.5742	7744.36
36.6712	7871.24
36.7682	7946.3
36.865	8029.31
36.9613	8132.39
37.0575	8207.87
37.1631	7572.18
37.2588	8427.84
37.3542	8511.97
37.4589	7843.58
37.5539	8727.26
37.658	8030.13
37.7617	8127.86
37.856	9031.16
37.9594	8299.39
38.0622	8417.93
38.165	8500.77
38.2675	8603.18
38.3697	8723.26
38.4716	8838.15
38.5733	8910.04
38.6839	8271.5
38.7848	9150.34
38.8857	9255.18
38.9956	8582.1
39.0957	9501.19
39.2048	8776.41
39.3046	9682.8
39.4132	9004.28
39.5213	9103.04
39.6293	9204.66
39.737	9316.22
39.8442	9446.64
39.9513	9562.65
40.0582	9664.86
40.1645	9810.99
40.2707	9881.83
40.3855	9234.56
40.4912	10123
40.6053	9469
40.7104	10390.2
40.8239	9709.64
40.9282	10660
41.0413	9905.45
41.1539	10060.9
41.266	10203.1
41.378	10280.5
41.4897	10427.1
41.601	10563.7
41.7122	10675.9
41.8315	10015.2
41.9418	10961.8
42.052	11039.1
42.1705	10366.7
42.2883	10528.3
42.3976	11472.1
42.515	10782
42.6318	10910.3
42.7487	11033.7
42.8652	11178.9
42.981	11336.9
43.0969	11446.2
43.2125	11569.2
43.3357	10968.6
43.4505	11866.1
43.5733	11213.6
43.6873	12179.2
43.8095	11470.6
43.9309	11620.5
44.0523	11765.6
44.1653	12718.5
44.286	12026.2
44.4144	11405.6
44.5345	12342.4
44.654	12486.1
44.7735	12591
44.9003	12017.4
45.0191	12942.6
45.1454	12254.4
45.2712	12431.1
45.397	12572.3
45.522	12736.8
45.647	12863.8
45.7716	13018.5
45.8957	13218.4
46.0197	13331.7
46.1507	12758.1
46.274	13657.6
46.4047	13029.6
46.527	14049.3
46.6569	13326.3
46.7862	13548.4
46.9155	13638.4
47.044	13875.6
47.1725	13982.9
47.3081	13404.8
47.4357	14344.7
47.5631	14529.4
47.6974	13921.3
47.8317	14051.8
47.9577	15065
48.0911	14368.3
48.2239	14606.9
48.3568	14736.6
48.4961	14181.4
48.6281	15085.1
48.7594	15292.7
48.898	14623.9
49.0362	14822.2
49.1663	15899.3
49.3038	15196.5
49.4406	15429.1
49.5771	15548
49.7131	15767.6
49.8562	15156.7
49.9914	16195.5
50.1336	15543.6
50.2682	16535.7
50.4093	15916.2
50.5503	16077.4
50.6907	16308.1
50.831	16454.8
50.9706	16743.1
51.117	16109.1
51.256	17098
51.4016	16468.6
51.5396	17532.5
51.6844	16903.5
51.8287	17090.6
51.9724	17357.2
52.116	17487.8
52.2659	16919.8
52.4087	17919.4
52.5576	17350.4
52.6997	18380.5
52.8478	17815.6
52.9955	17988.4
53.1431	18153.2
53.2966	17677.1
53.4433	18667.2
53.5895	18861.5
53.7417	18285.1
53.8938	18474.1
54.0452	18781.4
54.1963	18991.5
54.3471	19202.7
54.4972	19474.5
54.6474	19645.8
54.8031	19117.5
54.9584	19356.2
55.1138	19490.2
55.2618	20689.8
55.4223	19221.9
55.5763	20256.3
55.7295	20563.6
55.8885	19984.5
56.0413	20948.1
56.1995	20422.3
56.3573	20672
56.5151	20907.1
56.6783	20367.7
56.8347	21492.4
56.9971	20848.1
57.153	21919.6
57.3143	21422.6
57.4754	21615.6
57.6361	21908.8
57.8022	21403.7
57.9619	22470.2
58.1271	21928.3
58.2922	22153.3
58.4505	23298.9
58.6204	21879
58.7838	22963.6
58.9472	23169.3
59.1156	22739.9
59.2836	23019.2
59.4453	24076.2
59.6183	22717.7
59.785	23793.9
59.9514	24106.1
60.123	23613.8
60.2883	24724.1
60.4589	24188.8
60.629	24422.4
60.8046	23881.9
60.9741	24977.5
61.1486	24551.6
61.317	25612.3
61.4905	25089.3
61.6635	25391.2
61.8419	24914
62.014	26018.6
62.1914	25466.2
62.3685	25751.5
62.5448	26180.2
62.7207	26405.5
62.896	26817.3
63.0764	26238.9
63.2509	27377
63.4303	26873.2
63.6094	27171
63.7934	26765.9
63.9712	27873.4
64.1544	27327
64.3368	27694.5
64.5188	28004
64.7002	28437.2
64.8811	28771.2
65.0671	28245.5
65.252	28612.7
65.437	28941.2
65.6213	29319
65.805	29674.4
65.9938	29078.6
66.1819	29533.9
66.3696	29861.5
66.5566	30182.8
66.7431	30618.1
66.9342	30094.7
67.1249	30429.9
67.3153	30843.5
67.505	31248.3
67.6993	30705.9
67.8881	31972.7
68.081	31585.5
68.2739	31794
68.4713	31444.5
68.6631	32653.4
68.859	32279.5
69.0547	32603.5
69.25	32961.3
69.4442	33386.1
69.6436	32902.1
69.8422	33260.3
70.04	33689.7
70.2375	34063.2
70.4397	33589.7
70.6407	34176.6
70.8415	34523.9
71.0415	34896.4
71.2412	35359.2
71.4451	34947.7
71.6486	35337.1
71.8513	35717.5
72.0537	36104.6
72.2602	35798.2
72.4664	36195.8
72.6717	36672.4
72.8767	36983.4
73.0857	36684.7
73.2944	37007.1
73.5023	37573
73.7093	37975.7
73.9213	37455.7
74.1271	38899.9
74.3422	37582.5
74.5521	38950.1
74.7612	39454.7
74.9743	38993
75.187	39501.3
75.404	39084.8
75.6154	40471.9
75.8308	40004.4
76.0457	40454
76.2645	40204
76.4782	41527.2
76.6962	41087.7
76.9134	41613.4
77.1343	41190.2
77.3548	41740.2
77.5745	42192.1
77.7937	42652.4
78.0122	43303.4
78.2347	42880.9
78.4567	43298.6
78.6823	42981.6
78.903	44329.5
79.1273	44014.5
79.3508	44682.9
79.5783	44295.5
79.8054	44778.5
80.0317	45252.3
80.2575	45749.5
80.4867	45579.1
80.7155	45985.4
80.9438	46591.2
81.1708	47176
81.4022	46704.3
81.6327	47411.9
81.8667	47028.5
82.0961	48491
82.329	48097.4
82.5653	47941.2
82.797	49350.7
83.032	48969.2
83.2662	49671
83.5044	49192.7
83.7416	49948.9
83.9787	50431.1
84.2143	51065.7
84.4416	53508.5
84.693	48726.5
84.9434	49495.7
85.1934	50059.1
85.4007	60790.8
85.6497	51073.7
85.8976	51800.8
86.1444	52469.4
86.3908	53050.2
86.6365	53682.2
86.8813	54237
87.1256	54806
87.3693	55575.9
87.6122	56089.4
87.8543	56780.9
88.0959	57501.4
88.3771	49926
88.6173	58809
88.8568	59601.1
89.095	60300.4
89.373	52168.6
89.61	61690.7
89.8469	62363.3
90.1226	54114.8
90.3576	63999
90.6317	55261
90.8651	65562.4
91.1377	56676.2
91.4095	57387.5
91.6412	67656.5
91.911	58795.2
92.1804	59254.7
92.4104	70113.4
92.6779	60839.4
92.9451	61295.9
93.211	62148.7
93.4762	63024.4
93.7406	63759.4
94.0045	64289.5
94.2674	65246.7
94.5295	65844.7
94.7912	66677.1
95.0518	67508.3
95.312	68022
95.5713	68844.2
95.8668	61129.4
96.1247	70439.5
96.3817	71434.5
96.675	63204.4
96.9307	73076.2
97.222	64601
97.4756	74926.6
97.7292	75551.7
98.0184	66855.5
98.306	67662.1
98.5575	78181.8
98.844	69231.8
99.1293	70125.1
99.3785	80713.8
99.6626	71589.2
99.9456	72320.5
100.228	73067.6
100.509	73998.5
100.79	74754.9
101.07	75885.5
101.349	76622.5
101.627	77454.7
101.905	78064
102.182	79180.2
102.458	80049.7
102.767	72138.9
103.042	81642
103.315	82789.1
103.623	74435.9
103.894	84686.8
104.199	76287.7
104.471	86296.3
104.774	77813.7
105.042	88708.1
105.345	79551
105.645	80589.2
105.912	91667.6
106.211	82364.1
106.51	82932.9
106.807	84231.8
107.104	85016.1
107.399	85909.4
107.694	87122.9
107.988	88009
108.282	88571.3
108.574	89744
108.866	90740.2
109.156	91694.1
109.447	92555.9
109.768	84533.4
110.056	95133.8
110.343	95690.1
110.662	87247.1
110.948	98019
111.265	88944.7
111.549	100073
111.864	91111.4
112.178	92032
112.491	93056.5
112.772	104605
113.083	94917.9
113.394	96306.1
113.704	96891.9
114.012	98042.3
114.32	99195
114.627	100040
114.934	101446
115.239	102523
115.543	103344
115.877	95144.1
116.18	105590
116.481	106665
116.813	97986.9
117.112	109216
117.442	99952.5
117.74	111395
118.068	102615
118.364	113707
118.69	104406
119.015	105826
119.338	106980
119.661	108004
119.954	120012
120.274	110364
120.594	111277
120.942	103032
121.261	113280
121.579	114696
121.895	115966
122.21	116970
122.553	108528
122.867	119442
123.209	110545
123.52	122458
123.86	113028
124.169	124944
124.507	115076
124.816	126970
125.151	118123
125.486	118942
125.82	119893
126.152	121781
126.484	122326
126.815	124092
127.145	125028
127.474	126286
127.802	127635
128.157	119086
128.483	130557
128.807	131639
129.159	122502
129.483	134438
129.832	125192
130.154	137073
130.501	127910
130.848	128964
131.166	141112
131.511	131271
131.855	132822
132.197	134136
132.538	135588
132.879	136741
133.219	137733
133.557	139522
133.895	141007
134.258	131651
134.593	143771
134.954	134557
135.288	146393
135.621	148054
135.979	138372
136.335	139966
136.665	152155
137.02	142461
137.373	143832
137.726	144858
138.078	146586
138.428	147964
138.778	149303
139.126	150533
139.474	152613
139.821	153660
140.191	144625
140.535	157273
140.878	158155
141.246	148622
141.587	161471
141.952	151516
142.316	152960
142.655	165314
143.017	156052
143.378	157861
143.738	159147
144.097	159999
144.455	161651
144.811	163835
145.167	164326
145.546	155666
145.899	167733
146.251	170004
146.627	160233
146.977	172450
147.35	162908
147.699	175477
148.07	165924
148.44	167246
148.785	180775
149.153	170276
149.519	172178
149.885	173701
150.25	174973
150.613	176507
150.999	167727
151.359	180502
151.72	181762
152.102	171880
152.46	184505
152.839	175658
153.195	187869
153.572	178234
153.949	179979
154.302	192884
154.675	183368
155.049	184700
155.42	186684
155.791	187609
156.161	189321
156.551	180297
156.918	193280
157.285	193669
157.672	185206
158.036	197800
158.421	188492
158.783	201292
159.165	190878
159.546	192919
159.926	194476
160.306	195855
160.684	197419
161.061	199714
161.436	202058
161.81	202403
162.183	204984
162.556	205786
162.948	196662
163.318	209592
163.708	200180
164.096	202108
164.462	214908
164.848	204961
165.233	206320
165.617	208670
166	209579
166.381	211678
166.761	213774
167.14	214884
167.517	217296
167.914	207070
168.29	219837
168.685	210943
169.057	223785
169.45	213559
169.841	216031
170.21	229320
170.598	219226
170.985	221058
171.372	221949
171.756	224076
172.16	214534
172.542	228013
172.923	229354
173.322	220599
173.701	232464
174.097	223466
174.474	236046
174.868	227214
175.261	228338
175.653	230197
176.043	231888
176.433	233756
176.821	235808
177.207	237469
177.592	238627
177.996	228875
178.379	242462
178.779	232657
179.159	246078
179.558	236299
179.954	238598
180.349	240052
180.744	241064
181.136	243212
181.527	245286
181.917	246532
182.306	248186
182.712	239463
183.098	251870
183.501	242920
183.885	255484
184.285	245921
184.684	247241
185.083	248686
185.459	264102
185.873	241637
186.267	254302
186.659	257306
187.05	258324
187.458	247858
187.846	261848
188.25	252097
188.636	265227
189.039	255460
189.439	257204
189.839	258482
190.236	261325
190.632	263296
191.027	264286
191.42	265542
191.831	255895
192.221	270206
192.629	259985
193.016	273544
193.419	263716
193.822	264361
194.224	266921
194.623	268265
195.021	270473
195.417	272192
195.813	273974
196.225	263999
196.616	277321
197.024	267444
197.413	280362
197.819	270039
198.222	272668
198.624	274348
199.024	275488
199.424	276945
199.821	279693
200.235	268633
200.629	282424
201.038	272986
201.43	285758
201.837	276498
202.241	278918
202.646	278434
203.047	282263
203.447	283277
203.847	284692
204.261	274615
204.656	287905
205.067	277828
205.459	291306
205.867	281614
206.272	283978
206.677	284476
207.079	286410
207.482	286910
207.881	289175
208.294	280192
208.691	292422
209.101	282839
209.51	284158
209.902	297567
210.308	287311
210.712	288937
211.114	291223
211.531	281064
211.931	293015
212.344	284706
212.74	297143
213.151	287603
213.559	289436
213.95	302142
214.355	292312
214.773	283665
215.175	295313
215.576	296024
215.989	287369
216.387	298902
216.796	290860
217.204	292063
217.612	292188
218.017	293719
218.421	295603
218.823	296450
219.222	298605
219.637	287821
220.032	301421
220.443	291000
220.851	292595
221.258	293672
221.663	295133
222.066	297018
222.467	298453
222.882	288269
223.28	300429
223.69	292338
224.1	292223
224.494	304129
224.899	295100
225.303	296680
225.719	286767
226.12	297942
226.519	299355
226.931	290414
227.341	291219
227.733	303803
228.14	294075
228.545	294448
228.948	296327
229.362	287911
229.761	298491
230.174	288980
230.569	299839
230.976	292120
231.383	291575
231.788	292509
232.19	294834
232.591	294242
232.991	295459
233.402	286986
233.798	297512
234.206	288097
234.598	299962
235.002	290162
235.406	289837
235.806	291924
236.218	282478
236.616	293211
237.012	294264
237.418	286223
237.825	284242
238.215	296364
238.617	287927
239.018	286154
239.416	288667
239.827	278726
240.222	289672
240.615	289325
241.02	281454
241.41	291102
241.811	281376
242.211	282934
242.611	282026
243.006	284406
243.401	283492
243.794	284240
244.198	274721
244.588	284617
244.988	276141
245.374	284742
245.772	275772
246.168	276442
246.563	276370
246.954	277631
247.345	276990
247.735	276391
248.136	267082
248.522	277372
248.918	268097
249.301	276733
249.695	267686
250.075	276937
250.466	267323
250.855	267759
251.241	268684
251.627	267920
252.012	266928
252.395	266615
252.776	266289
253.155	266984
253.534	264940
253.912	265720
254.286	266379
254.66	264602
255.033	263566
255.404	264279
255.894	198828
256.262	263709
256.628	263636
256.995	261113
257.357	261670
257.722	259583
258.082	260693
258.442	258060
258.801	257840
259.157	258218
259.632	192375
259.987	255818
260.342	252937
260.694	254252
261.045	252807
261.395	250548
261.745	249346
262.093	248879
262.554	186082
262.901	245290
263.244	246539
263.588	243458
263.932	240949
264.272	242068
264.613	239545
264.952	237577
265.404	177211
265.742	235182
266.078	233776
266.413	233078
266.747	230226
267.083	227451
267.414	227254
267.746	224380
268.078	223252
268.409	221029
268.738	218811
269.177	163003
269.505	215938
269.832	214082
270.158	211308
270.485	208831
270.81	207572
271.135	205656
271.459	202756
271.781	201973
272.104	198384
272.427	195792
272.748	194535
273.069	191844
273.389	189438
273.71	187352
273.922	277723
274.241	181912
274.56	179244
274.88	177037
275.197	174633
275.515	172386
275.831	170377
276.044	248808
276.36	164742
276.676	161620
276.992	159713
277.204	234425
277.52	154182
277.836	151411
278.152	148485
278.363	218216
278.677	144081
278.888	210347
279.205	136872
279.52	135508
279.732	197297
280.047	129565
280.258	190210
280.575	123654
280.788	179907
280.999	177568
281.316	115749
281.531	166773
281.743	164853
282.06	107962
282.275	155899
282.49	150631
282.707	146866
283.024	97638.8
283.241	138706
283.458	134719
283.676	130763
283.894	127171
284.113	122972
284.333	119517
284.551	116252
284.774	110938
284.893	199634
285.116	103849
285.339	100520
285.562	96867.1
285.688	167045
285.912	90121.4
286.139	86430.2
286.266	147704
286.493	79692
286.621	136880
286.852	72683.5
286.983	122823
287.213	67498.4
287.348	110117
287.48	107189
287.616	100657
287.853	54906.4
287.989	91492
288.127	85252.3
288.269	79398
288.408	76797.9
288.55	71512.5
288.694	67203.5
288.838	62815.7
288.886	179140
289.033	55275.5
289.182	51337
289.233	138568
289.384	44567.7
289.536	41140.2
289.592	103108
289.746	35090.4
289.805	85686.9
289.866	76085.9
290.024	26834.5
290.087	62213.3
290.152	55070.1
290.217	49245.6
290.284	43865.9
290.352	38165.6
290.423	33223.5
290.495	28944.3
290.567	25178.7
290.642	21361
290.718	18157.3
290.778	32945.8
290.844	19993.6
290.916	11125
290.995	5155.04
