10	5.4877e+24
20	1.22157e+25
30	1.7852e+25
40	2.13398e+25
50	2.45195e+25
60	2.52262e+25
70	2.58421e+25
80	2.35539e+25
90	2.68216e+25
100	2.72289e+25
110	2.76767e+25
120	2.7973e+25
130	2.82865e+25
140	2.86417e+25
150	2.89704e+25
160	2.92282e+25
170	2.7135e+25
180	2.99064e+25
190	3.00833e+25
200	3.03817e+25
210	3.07273e+25
220	3.09057e+25
230	3.11806e+25
240	2.71573e+25
250	3.16529e+25
260	3.18898e+25
270	2.55529e+25
280	3.25426e+25
290	2.30288e+25
300	3.2984e+25
310	3.31693e+25
320	3.32216e+25
330	3.3522e+25
340	3.38603e+25
350	3.4342e+25
360	3.46259e+25
370	3.47757e+25
380	3.49439e+25
390	3.50139e+25
400	3.53419e+25
410	3.54795e+25
420	3.57863e+25
430	3.60667e+25
440	3.62231e+25
450	3.63783e+25
460	3.22206e+25
470	3.66311e+25
480	3.67255e+25
490	3.67319e+25
500	3.6753e+25
510	3.68032e+25
520	3.70139e+25
530	3.72615e+25
540	3.74077e+25
550	3.73685e+25
560	3.72612e+25
570	3.71387e+25
580	3.24242e+25
590	3.69676e+25
600	3.70208e+25
610	3.72623e+25
620	3.72523e+25
630	3.72074e+25
640	3.69721e+25
650	3.69146e+25
660	3.67537e+25
670	3.64415e+25
680	3.60395e+25
690	3.56092e+25
700	3.51482e+25
710	3.46947e+25
720	3.42173e+25
730	3.37586e+25
740	3.32911e+25
750	3.28247e+25
760	3.23528e+25
770	3.18964e+25
780	3.14302e+25
790	3.09904e+25
800	3.05329e+25
810	3.00964e+25
820	2.96494e+25
830	2.92305e+25
840	2.88105e+25
850	2.83847e+25
860	2.79803e+25
870	2.75848e+25
880	2.71749e+25
890	2.67935e+25
900	2.64101e+25
910	2.60398e+25
920	2.56631e+25
930	2.53073e+25
940	2.49534e+25
950	2.46091e+25
960	2.42617e+25
970	2.39222e+25
980	2.35985e+25
990	2.32809e+25
1000	2.29602e+25
1010	2.2642e+25
1020	2.23423e+25
1030	2.2049e+25
1040	2.17149e+25
1050	2.14684e+25
1060	2.1184e+25
1070	2.09073e+25
1080	2.06403e+25
1090	2.03782e+25
1100	2.01137e+25
1110	1.98556e+25
1120	1.96026e+25
1130	1.93486e+25
1140	1.9122e+25
1150	1.88796e+25
1160	1.86153e+25
1170	1.84215e+25
1180	1.81956e+25
1190	1.79781e+25
1200	1.77655e+25
1210	1.75502e+25
1220	1.73414e+25
1230	1.71388e+25
1240	1.69409e+25
1250	1.67422e+25
1260	1.65513e+25
1270	1.63576e+25
1280	1.61702e+25
1290	1.59889e+25
1300	1.58114e+25
1310	1.56322e+25
1320	1.54611e+25
1330	1.52924e+25
1340	1.51174e+25
1350	1.49552e+25
1360	1.47947e+25
1370	1.46377e+25
1380	1.4482e+25
1390	1.4327e+25
1400	1.41777e+25
1410	1.40228e+25
1420	1.38777e+25
1430	1.37359e+25
1440	1.35963e+25
1450	1.34574e+25
1460	1.33196e+25
1470	1.31866e+25
1480	1.3056e+25
1490	1.29189e+25
1500	1.27921e+25
1510	1.26677e+25
1520	1.25451e+25
1530	1.24231e+25
1540	1.23021e+25
1550	1.21851e+25
1560	1.207e+25
1570	1.19488e+25
1580	1.1837e+25
1590	1.17271e+25
1600	1.16175e+25
1610	1.15112e+25
1620	1.14039e+25
1630	1.13e+25
1640	1.11979e+25
1650	1.10908e+25
1660	1.09916e+25
1670	1.08941e+25
1680	1.07973e+25
1690	1.07027e+25
1700	1.06071e+25
1710	1.05151e+25
1720	1.04242e+25
1730	1.03349e+25
1740	1.02402e+25
1750	1.01535e+25
1760	1.00669e+25
1770	9.98278e+24
1780	9.89925e+24
1790	9.81513e+24
1800	9.73382e+24
1810	9.65381e+24
1820	9.57482e+24
1830	9.49163e+24
1840	9.41464e+24
1850	9.33804e+24
1860	9.26364e+24
1870	9.19e+24
1880	9.1022e+24
1890	9.04333e+24
1900	8.97261e+24
1910	8.90252e+24
1920	8.82821e+24
1930	8.76015e+24
1940	8.69212e+24
1950	8.62604e+24
1960	8.56048e+24
1970	8.49354e+24
1980	8.42982e+24
1990	8.36678e+24
2000	8.3045e+24
2010	8.24304e+24
2020	8.17713e+24
2030	8.11636e+24
2040	8.05725e+24
2050	7.99886e+24
2060	7.94066e+24
2070	7.88187e+24
2080	7.82544e+24
2090	7.76959e+24
2100	7.71445e+24
2110	7.66017e+24
2120	7.60108e+24
2130	7.54789e+24
2140	7.49537e+24
2150	7.4434e+24
2160	7.39043e+24
2170	7.33942e+24
2180	7.2895e+24
2190	7.24002e+24
2200	7.19123e+24
2210	7.14248e+24
2220	7.09388e+24
2230	7.0422e+24
2240	6.9953e+24
2250	6.94906e+24
2260	6.90066e+24
2270	6.85659e+24
2280	6.8117e+24
2290	6.76738e+24
2300	6.72376e+24
2310	6.68054e+24
2320	6.629e+24
2330	6.59178e+24
2340	6.54848e+24
2350	6.50703e+24
2360	6.46599e+24
2370	6.42498e+24
2380	6.38373e+24
2390	6.34417e+24
2400	6.30486e+24
2410	6.26583e+24
2420	6.22712e+24
2430	6.18863e+24
2440	6.15086e+24
2450	6.11118e+24
2460	6.07291e+24
2470	6.03615e+24
2480	5.99967e+24
2490	5.96284e+24
2500	5.92754e+24
2510	5.89241e+24
2520	5.85753e+24
2530	5.82073e+24
2540	5.78842e+24
2550	5.75479e+24
2560	5.71914e+24
2570	5.68471e+24
2580	5.65181e+24
2590	5.61941e+24
2600	5.58628e+24
2610	5.55437e+24
2620	5.52292e+24
2630	5.48202e+24
2640	5.46099e+24
2650	5.43019e+24
2660	5.39928e+24
2670	5.36915e+24
2680	5.33962e+24
2690	5.30795e+24
2700	5.27755e+24
2710	5.24861e+24
2720	5.21893e+24
2730	5.19064e+24
2740	5.16248e+24
2750	5.13463e+24
2760	5.10701e+24
2770	5.07908e+24
2780	5.05212e+24
2790	5.02509e+24
2800	4.99852e+24
2810	4.97014e+24
2820	4.94389e+24
2830	4.91684e+24
2840	4.89131e+24
2850	4.86499e+24
2860	4.83961e+24
2870	4.81464e+24
2880	4.78986e+24
2890	4.76539e+24
2900	4.74054e+24
2910	4.71618e+24
2920	4.6922e+24
2930	4.6685e+24
2940	4.64327e+24
2950	4.61986e+24
2960	4.59569e+24
2970	4.57281e+24
2980	4.54903e+24
2990	4.52658e+24
3000	4.50427e+24
3010	4.48218e+24
3020	4.46006e+24
3030	4.4378e+24
3040	4.41615e+24
3050	4.39479e+24
3060	4.37342e+24
3070	4.35233e+24
3080	4.32976e+24
3090	4.30905e+24
3100	4.28758e+24
3110	4.26627e+24
3120	4.24602e+24
3130	4.22586e+24
3140	4.20601e+24
3150	4.18636e+24
3160	4.16631e+24
3170	4.14672e+24
3180	4.1273e+24
3190	4.10821e+24
3200	4.08946e+24
3210	4.07046e+24
3220	4.05013e+24
3230	4.03169e+24
3240	4.01242e+24
3250	3.99341e+24
3260	3.97526e+24
3270	3.95716e+24
3280	3.93936e+24
3290	3.9218e+24
3300	3.90392e+24
3310	3.88629e+24
3320	3.86877e+24
3330	3.85184e+24
3340	3.83474e+24
3350	3.81786e+24
3360	3.80102e+24
3370	3.78288e+24
3380	3.76638e+24
3390	3.74729e+24
3400	3.732e+24
3410	3.7159e+24
3420	3.69987e+24
3430	3.68394e+24
3440	3.66786e+24
3450	3.65091e+24
3460	3.63637e+24
3470	3.62093e+24
3480	3.60031e+24
3490	3.59035e+24
3500	3.57517e+24
3510	3.56006e+24
3520	3.54397e+24
3530	3.52904e+24
3540	3.51362e+24
3550	3.49831e+24
3560	3.4838e+24
3570	3.46941e+24
3580	3.45504e+24
3590	3.43563e+24
3600	3.42657e+24
3610	3.41228e+24
3620	3.39852e+24
3630	3.38468e+24
3640	3.37097e+24
3650	3.35725e+24
3660	3.34382e+24
3670	3.33041e+24
3680	3.31573e+24
3690	3.30265e+24
3700	3.288e+24
3710	3.27502e+24
3720	3.26192e+24
3730	3.24904e+24
3740	3.23631e+24
3750	3.22339e+24
3760	3.20746e+24
3770	3.19486e+24
3780	3.18556e+24
3790	3.17313e+24
3800	3.16076e+24
3810	3.14859e+24
3820	3.13644e+24
3830	3.12432e+24
3840	3.11124e+24
3850	3.09939e+24
3860	3.08767e+24
3870	3.07443e+24
3880	3.06286e+24
3890	3.05098e+24
3900	3.03953e+24
3910	3.02807e+24
3920	3.01635e+24
3930	3.005e+24
3940	2.99377e+24
3950	2.98263e+24
3960	2.97151e+24
3970	2.96042e+24
3980	2.94954e+24
3990	2.93872e+24
4000	2.92782e+24
4010	2.91597e+24
4020	2.90539e+24
4030	2.8948e+24
4040	2.88301e+24
4050	2.87256e+24
4060	2.86207e+24
4070	2.85174e+24
4080	2.84151e+24
4090	2.83053e+24
4100	2.82096e+24
4110	2.8107e+24
4120	2.80055e+24
4130	2.79066e+24
4140	2.78004e+24
4150	2.77093e+24
4160	2.76112e+24
4170	2.75129e+24
4180	2.74163e+24
4190	2.73105e+24
4200	2.72153e+24
4210	2.71204e+24
4220	2.70142e+24
4230	2.69193e+24
4240	2.6826e+24
4250	2.67338e+24
4260	2.66419e+24
4270	2.65479e+24
4280	2.6456e+24
4290	2.63649e+24
4300	2.62744e+24
4310	2.61846e+24
4320	2.60964e+24
4330	2.60078e+24
4340	2.59185e+24
4350	2.58306e+24
4360	2.57443e+24
4370	2.56495e+24
4380	2.55631e+24
4390	2.54766e+24
4400	2.53864e+24
4410	2.52964e+24
4420	2.52127e+24
4430	2.5129e+24
4440	2.50456e+24
4450	2.49631e+24
4460	2.48788e+24
4470	2.47968e+24
4480	2.47145e+24
4490	2.46339e+24
4500	2.45535e+24
4510	2.44739e+24
4520	2.43942e+24
4530	2.43097e+24
4540	2.42305e+24
4550	2.41529e+24
4560	2.40748e+24
4570	2.39886e+24
4580	2.39126e+24
4590	2.38308e+24
4600	2.37542e+24
4610	2.36738e+24
4620	2.35985e+24
4630	2.35237e+24
4640	2.34215e+24
4650	2.33757e+24
4660	2.32988e+24
4670	2.3226e+24
4680	2.31526e+24
4690	2.30805e+24
4700	2.30082e+24
4710	2.29359e+24
4720	2.28647e+24
4730	2.2794e+24
4740	2.27237e+24
4750	2.26531e+24
4760	2.25843e+24
4770	2.25057e+24
4780	2.24369e+24
4790	2.23672e+24
4800	2.22952e+24
4810	2.22101e+24
4820	2.21549e+24
4830	2.20863e+24
4840	2.20202e+24
4850	2.19533e+24
4860	2.18875e+24
4870	2.18196e+24
4880	2.17542e+24
4890	2.16891e+24
4900	2.16227e+24
4910	2.15577e+24
4920	2.14935e+24
4930	2.14298e+24
4940	2.13669e+24
4950	2.13034e+24
4960	2.12401e+24
4970	2.11767e+24
4980	2.11027e+24
4990	2.10454e+24
5000	2.09838e+24
5010	2.09186e+24
5020	2.08518e+24
5030	2.07907e+24
5040	2.07305e+24
5050	2.06705e+24
5060	2.06066e+24
5070	2.05515e+24
5080	2.04897e+24
5090	2.04307e+24
5100	2.03717e+24
5110	2.03134e+24
5120	2.02541e+24
5130	2.01971e+24
5140	2.01392e+24
5150	2.00811e+24
5160	2.00238e+24
5170	1.99676e+24
5180	1.99107e+24
5190	1.98551e+24
5200	1.97919e+24
5210	1.97356e+24
5220	1.96805e+24
5230	1.96218e+24
5240	1.95621e+24
5250	1.95069e+24
5260	1.94534e+24
5270	1.93985e+24
5280	1.93454e+24
5290	1.92919e+24
5300	1.92378e+24
5310	1.91826e+24
5320	1.91302e+24
5330	1.90765e+24
5340	1.90136e+24
5350	1.89616e+24
5360	1.89096e+24
5370	1.88577e+24
5380	1.88064e+24
5390	1.87557e+24
5400	1.87043e+24
5410	1.86541e+24
5420	1.86039e+24
5430	1.85464e+24
5440	1.84963e+24
5450	1.84467e+24
5460	1.83938e+24
5470	1.83447e+24
5480	1.8291e+24
5490	1.82421e+24
5500	1.81934e+24
5510	1.81438e+24
5520	1.80974e+24
5530	1.80497e+24
5540	1.80014e+24
5550	1.79518e+24
5560	1.79046e+24
5570	1.78582e+24
5580	1.78111e+24
5590	1.77642e+24
5600	1.77179e+24
5610	1.76711e+24
5620	1.7625e+24
5630	1.75792e+24
5640	1.7534e+24
5650	1.7489e+24
5660	1.74431e+24
5670	1.73918e+24
5680	1.73463e+24
5690	1.73015e+24
5700	1.72575e+24
5710	1.72105e+24
5720	1.71624e+24
5730	1.71182e+24
5740	1.70741e+24
5750	1.70301e+24
5760	1.69871e+24
5770	1.69445e+24
5780	1.69018e+24
5790	1.68592e+24
5800	1.68144e+24
5810	1.67718e+24
5820	1.67298e+24
5830	1.66875e+24
5840	1.66458e+24
5850	1.6604e+24
5860	1.65627e+24
5870	1.65213e+24
5880	1.64802e+24
5890	1.64388e+24
5900	1.63977e+24
5910	1.63573e+24
5920	1.63115e+24
5930	1.62707e+24
5940	1.62308e+24
5950	1.61906e+24
5960	1.61479e+24
5970	1.61041e+24
5980	1.60643e+24
5990	1.60257e+24
6000	1.59867e+24
6010	1.59466e+24
6020	1.59079e+24
6030	1.58693e+24
6040	1.5831e+24
6050	1.57924e+24
6060	1.57541e+24
6070	1.57149e+24
6080	1.56767e+24
6090	1.56389e+24
6100	1.56015e+24
6110	1.5564e+24
6120	1.552e+24
6130	1.54895e+24
6140	1.54528e+24
6150	1.54154e+24
6160	1.53789e+24
6170	1.53428e+24
6180	1.53007e+24
6190	1.52646e+24
6200	1.52282e+24
6210	1.51925e+24
6220	1.51565e+24
6230	1.51176e+24
6240	1.50787e+24
6250	1.50439e+24
6260	1.50081e+24
6270	1.49737e+24
6280	1.49386e+24
6290	1.49032e+24
6300	1.48683e+24
6310	1.48117e+24
6320	1.47776e+24
6330	1.47434e+24
6340	1.47092e+24
6350	1.46757e+24
6360	1.46417e+24
6370	1.46076e+24
6380	1.45739e+24
6390	1.45409e+24
6400	1.45079e+24
6410	1.44747e+24
6420	1.44417e+24
6430	1.44085e+24
6440	1.43753e+24
6450	1.43428e+24
6460	1.43059e+24
6470	1.42734e+24
6480	1.4241e+24
6490	1.42087e+24
6500	1.41762e+24
6510	1.41385e+24
6520	1.41068e+24
6530	1.40754e+24
6540	1.40438e+24
6550	1.40121e+24
6560	1.3981e+24
6570	1.39496e+24
6580	1.39191e+24
6590	1.3888e+24
6600	1.3857e+24
6610	1.38261e+24
6620	1.37953e+24
6630	1.37652e+24
6640	1.37329e+24
6650	1.37046e+24
6660	1.36745e+24
6670	1.36442e+24
6680	1.36143e+24
6690	1.35845e+24
6700	1.35547e+24
6710	1.3525e+24
6720	1.34958e+24
6730	1.34668e+24
6740	1.34372e+24
6750	1.3403e+24
6760	1.33741e+24
6770	1.33446e+24
6780	1.3314e+24
6790	1.32875e+24
6800	1.32559e+24
6810	1.32247e+24
6820	1.31959e+24
6830	1.31678e+24
6840	1.31395e+24
6850	1.31114e+24
6860	1.30835e+24
6870	1.30556e+24
6880	1.30275e+24
6890	1.29998e+24
6900	1.29704e+24
6910	1.29452e+24
6920	1.29172e+24
6930	1.28898e+24
6940	1.28626e+24
6950	1.28357e+24
6960	1.27976e+24
6970	1.27813e+24
6980	1.27546e+24
6990	1.27281e+24
7000	1.27017e+24
7010	1.26748e+24
7020	1.26482e+24
7030	1.26216e+24
7040	1.25955e+24
7050	1.25647e+24
7060	1.25388e+24
7070	1.25128e+24
7080	1.2487e+24
7090	1.2461e+24
7100	1.24352e+24
7110	1.24057e+24
7120	1.23775e+24
7130	1.23522e+24
7140	1.23266e+24
7150	1.23012e+24
7160	1.2276e+24
7170	1.22516e+24
7180	1.22161e+24
7190	1.22014e+24
7200	1.21763e+24
7210	1.21513e+24
7220	1.21266e+24
7230	1.2102e+24
7240	1.20776e+24
7250	1.20534e+24
7260	1.20291e+24
7270	1.20047e+24
7280	1.19804e+24
7290	1.19562e+24
7300	1.19321e+24
7310	1.19082e+24
7320	1.1884e+24
7330	1.18604e+24
7340	1.18368e+24
7350	1.18132e+24
7360	1.17897e+24
7370	1.1762e+24
7380	1.17385e+24
7390	1.16776e+24
7400	1.16545e+24
7410	1.16315e+24
7420	1.16085e+24
7430	1.15832e+24
7440	1.15604e+24
7450	1.15377e+24
7460	1.15147e+24
7470	1.14921e+24
7480	1.14697e+24
7490	1.14472e+24
7500	1.14254e+24
7510	1.14028e+24
7520	1.13738e+24
7530	1.13586e+24
7540	1.13307e+24
7550	1.13143e+24
7560	1.12922e+24
7570	1.12704e+24
7580	1.12487e+24
7590	1.1227e+24
7600	1.12057e+24
7610	1.11838e+24
7620	1.11624e+24
7630	1.1141e+24
7640	1.11195e+24
7650	1.10983e+24
7660	1.10766e+24
7670	1.10557e+24
7680	1.10348e+24
7690	1.10138e+24
7700	1.09927e+24
7710	1.09681e+24
7720	1.09472e+24
7730	1.09262e+24
7740	1.09053e+24
7750	1.08846e+24
7760	1.08618e+24
7770	1.08414e+24
7780	1.08212e+24
7790	1.08009e+24
7800	1.07804e+24
7810	1.076e+24
7820	1.07398e+24
7830	1.07198e+24
7840	1.06993e+24
7850	1.06795e+24
7860	1.06597e+24
7870	1.06402e+24
7880	1.06202e+24
7890	1.06006e+24
7900	1.0581e+24
7910	1.0561e+24
7920	1.05415e+24
7930	1.05218e+24
7940	1.05024e+24
7950	1.04832e+24
7960	1.04639e+24
7970	1.04445e+24
7980	1.04254e+24
7990	1.0406e+24
8000	1.0387e+24
8010	1.03681e+24
8020	1.03492e+24
8030	1.03303e+24
8040	1.03113e+24
8050	1.02926e+24
8060	1.02702e+24
8070	1.02513e+24
8080	1.02327e+24
8090	1.02142e+24
8100	1.01956e+24
8110	1.01773e+24
8120	1.01564e+24
8130	1.01382e+24
8140	1.01201e+24
8150	1.01018e+24
8160	1.00802e+24
8170	1.00652e+24
8180	1.0047e+24
8190	1.00289e+24
8200	1.00113e+24
8210	9.99365e+23
8220	9.9757e+23
8230	9.95767e+23
8240	9.94005e+23
8250	9.92248e+23
8260	9.90441e+23
8270	9.88679e+23
8280	9.86926e+23
8290	9.85147e+23
8300	9.83464e+23
8310	9.81396e+23
8320	9.79822e+23
8330	9.78099e+23
8340	9.76062e+23
8350	9.69001e+23
8360	9.67288e+23
8370	9.65624e+23
8380	9.63931e+23
8390	9.62262e+23
8400	9.60584e+23
8410	9.58919e+23
8420	9.57248e+23
8430	9.55607e+23
8440	9.53967e+23
8450	9.52261e+23
8460	9.50632e+23
8470	9.48999e+23
8480	9.4734e+23
8490	9.45503e+23
8500	9.43892e+23
8510	9.4225e+23
8520	9.40616e+23
8530	9.39025e+23
8540	9.37404e+23
8550	9.35796e+23
8560	9.34205e+23
8570	9.32609e+23
8580	9.31012e+23
8590	9.29434e+23
8600	9.27833e+23
8610	9.2625e+23
8620	9.24704e+23
8630	9.23126e+23
8640	9.21551e+23
8650	9.20024e+23
8660	9.18464e+23
8670	9.16913e+23
8680	9.15341e+23
8690	9.13782e+23
8700	9.12261e+23
8710	9.10725e+23
8720	9.09197e+23
8730	9.07708e+23
8740	9.0619e+23
8750	9.0467e+23
8760	9.03133e+23
8770	9.01593e+23
8780	8.96707e+23
8790	8.95224e+23
8800	8.93747e+23
8810	8.92265e+23
8820	8.90815e+23
8830	8.89359e+23
8840	8.87899e+23
8850	8.86378e+23
8860	8.8491e+23
8870	8.83458e+23
8880	8.81987e+23
8890	8.80562e+23
8900	8.7913e+23
8910	8.77703e+23
8920	8.76278e+23
8930	8.7482e+23
8940	8.73368e+23
8950	8.71938e+23
8960	8.70525e+23
8970	8.69104e+23
8980	8.6771e+23
8990	8.6628e+23
9000	8.64876e+23
9010	8.63459e+23
9020	8.62058e+23
9030	8.60666e+23
9040	8.59269e+23
9050	8.57882e+23
9060	8.56536e+23
9070	8.55152e+23
9080	8.53762e+23
9090	8.52358e+23
9100	8.50991e+23
9110	8.49631e+23
9120	8.48287e+23
9130	8.46909e+23
9140	8.45529e+23
9150	8.44204e+23
9160	8.42857e+23
9170	8.41507e+23
9180	8.40187e+23
9190	8.38847e+23
9200	8.37501e+23
9210	8.36178e+23
9220	8.34827e+23
9230	8.33514e+23
9240	8.32186e+23
9250	8.30869e+23
9260	8.29547e+23
9270	8.28272e+23
9280	8.26435e+23
9290	8.25637e+23
9300	8.24353e+23
9310	8.2306e+23
9320	8.21774e+23
9330	8.20485e+23
9340	8.19179e+23
9350	8.17899e+23
9360	8.16608e+23
9370	8.15306e+23
9380	8.14048e+23
9390	8.12785e+23
9400	8.11531e+23
9410	8.10007e+23
9420	8.08748e+23
9430	8.0749e+23
9440	8.06248e+23
9450	8.04996e+23
9460	8.03713e+23
9470	8.02473e+23
9480	8.01225e+23
9490	8e+23
9500	7.98769e+23
9510	7.97536e+23
9520	7.96298e+23
9530	7.9507e+23
9540	7.93839e+23
9550	7.92635e+23
9560	7.91422e+23
9570	7.90202e+23
9580	7.8897e+23
9590	7.87765e+23
9600	7.86566e+23
9610	7.85356e+23
9620	7.84164e+23
9630	7.8298e+23
9640	7.81794e+23
9650	7.80622e+23
9660	7.79406e+23
9670	7.78238e+23
9680	7.7706e+23
9690	7.75875e+23
9700	7.7469e+23
9710	7.73503e+23
9720	7.72367e+23
9730	7.71203e+23
9740	7.70036e+23
9750	7.68879e+23
9760	7.67723e+23
9770	7.66582e+23
9780	7.65416e+23
9790	7.64258e+23
9800	7.63128e+23
9810	7.61984e+23
9820	7.60835e+23
9830	7.59687e+23
9840	7.58549e+23
9850	7.57421e+23
9860	7.56303e+23
9870	7.55189e+23
9880	7.54064e+23
9890	7.52957e+23
9900	7.5168e+23
9910	7.50563e+23
9920	7.49453e+23
9930	7.48299e+23
9940	7.47193e+23
9950	7.46104e+23
9960	7.44947e+23
9970	7.43905e+23
9980	7.42814e+23
9990	7.41748e+23
10000	7.40664e+23
10010	7.39568e+23
10020	7.38466e+23
10030	7.37344e+23
10040	7.36264e+23
10050	7.3518e+23
10060	7.34102e+23
10070	7.33025e+23
10080	7.31959e+23
10090	7.30914e+23
10100	7.29872e+23
10110	7.2879e+23
10120	7.27661e+23
10130	7.26674e+23
10140	7.25618e+23
10150	7.24558e+23
10160	7.23492e+23
10170	7.22399e+23
10180	7.21423e+23
10190	7.20366e+23
10200	7.19344e+23
10210	7.18027e+23
10220	7.17262e+23
10230	7.16227e+23
10240	7.15208e+23
10250	7.14177e+23
10260	7.13145e+23
10270	7.12117e+23
10280	7.11115e+23
10290	7.10101e+23
10300	7.09087e+23
10310	7.08075e+23
10320	7.07058e+23
10330	7.06064e+23
10340	7.05037e+23
10350	7.03974e+23
10360	7.03029e+23
10370	7.02029e+23
10380	7.0104e+23
10390	7.00044e+23
10400	6.9904e+23
10410	6.98082e+23
10420	6.97091e+23
10430	6.9611e+23
10440	6.95117e+23
10450	6.94144e+23
10460	6.93158e+23
10470	6.92181e+23
10480	6.91197e+23
10490	6.90211e+23
10500	6.89249e+23
10510	6.88301e+23
10520	6.87345e+23
10530	6.86368e+23
10540	6.85418e+23
10550	6.84461e+23
10560	6.83485e+23
10570	6.82509e+23
10580	6.81549e+23
10590	6.80609e+23
10600	6.79661e+23
10610	6.78718e+23
10620	6.77757e+23
10630	6.76825e+23
10640	6.75893e+23
10650	6.74953e+23
10660	6.7403e+23
10670	6.73107e+23
10680	6.72173e+23
10690	6.71245e+23
10700	6.70314e+23
10710	6.69379e+23
10720	6.68442e+23
10730	6.67513e+23
10740	6.66611e+23
10750	6.65712e+23
10760	6.64795e+23
10770	6.639e+23
10780	6.62982e+23
10790	6.62058e+23
10800	6.61154e+23
10810	6.60271e+23
10820	6.59354e+23
10830	6.58461e+23
10840	6.57559e+23
10850	6.56666e+23
10860	6.55765e+23
10870	6.54867e+23
10880	6.53989e+23
10890	6.53111e+23
10900	6.5222e+23
10910	6.51341e+23
10920	6.50448e+23
10930	6.49578e+23
10940	6.48702e+23
10950	6.47835e+23
10960	6.46954e+23
10970	6.46085e+23
10980	6.45211e+23
10990	6.44339e+23
11000	6.43461e+23
11010	6.42595e+23
11020	6.41736e+23
11030	6.40892e+23
11040	6.40037e+23
11050	6.39176e+23
11060	6.38321e+23
11070	6.37474e+23
11080	6.36624e+23
11090	6.35775e+23
11100	6.34914e+23
11110	6.34079e+23
11120	6.33226e+23
11130	6.32382e+23
11140	6.3154e+23
11150	6.30664e+23
11160	6.29842e+23
11170	6.29007e+23
11180	6.28178e+23
11190	6.27338e+23
11200	6.26526e+23
11210	6.25697e+23
11220	6.24877e+23
11230	6.24061e+23
11240	6.23217e+23
11250	6.22384e+23
11260	6.21559e+23
11270	6.20742e+23
11280	6.19915e+23
11290	6.19101e+23
11300	6.18306e+23
11310	6.17496e+23
11320	6.1669e+23
11330	6.15876e+23
11340	6.15064e+23
11350	6.14272e+23
11360	6.13464e+23
11370	6.12645e+23
11380	6.11858e+23
11390	6.1106e+23
11400	6.10266e+23
11410	6.09494e+23
11420	6.0871e+23
11430	6.07934e+23
11440	6.07129e+23
11450	6.06323e+23
11460	6.05517e+23
11470	6.0474e+23
11480	6.03978e+23
11490	6.032e+23
11500	6.0243e+23
11510	6.01659e+23
11520	6.00877e+23
11530	6.00104e+23
11540	5.99335e+23
11550	5.98572e+23
11560	5.97792e+23
11570	5.97036e+23
11580	5.96268e+23
11590	5.95508e+23
11600	5.94738e+23
11610	5.93961e+23
11620	5.93212e+23
11630	5.92464e+23
11640	5.91724e+23
11650	5.9096e+23
11660	5.90211e+23
11670	5.89464e+23
11680	5.88703e+23
11690	5.87956e+23
11700	5.87211e+23
11710	5.86472e+23
11720	5.85718e+23
11730	5.84989e+23
11740	5.84245e+23
11750	5.83509e+23
11760	5.82771e+23
11770	5.82012e+23
11780	5.8128e+23
11790	5.8054e+23
11800	5.79821e+23
11810	5.79094e+23
11820	5.78366e+23
11830	5.77646e+23
11840	5.76919e+23
11850	5.76186e+23
11860	5.75446e+23
11870	5.74681e+23
11880	5.7396e+23
11890	5.73241e+23
11900	5.72544e+23
11910	5.71824e+23
11920	5.71117e+23
11930	5.70407e+23
11940	5.69688e+23
11950	5.68983e+23
11960	5.68289e+23
11970	5.6758e+23
11980	5.66876e+23
11990	5.6616e+23
12000	5.65456e+23
12010	5.64752e+23
12020	5.64066e+23
12030	5.63368e+23
12040	5.62679e+23
12050	5.61972e+23
12060	5.6128e+23
12070	5.60592e+23
12080	5.59905e+23
12090	5.59226e+23
12100	5.58539e+23
12110	5.57858e+23
12120	5.57165e+23
12130	5.56483e+23
12140	5.55787e+23
12150	5.55105e+23
12160	5.54436e+23
12170	5.53759e+23
12180	5.53073e+23
12190	5.52399e+23
12200	5.51727e+23
12210	5.51071e+23
12220	5.50394e+23
12230	5.49717e+23
12240	5.48956e+23
12250	5.48381e+23
12260	5.47722e+23
12270	5.47056e+23
12280	5.46392e+23
12290	5.45738e+23
12300	5.45079e+23
12310	5.4441e+23
12320	5.43758e+23
12330	5.43087e+23
12340	5.4243e+23
12350	5.41784e+23
12360	5.4113e+23
12370	5.40478e+23
12380	5.39828e+23
12390	5.39182e+23
12400	5.38538e+23
12410	5.37898e+23
12420	5.37262e+23
12430	5.36593e+23
12440	5.35949e+23
12450	5.35294e+23
12460	5.34643e+23
12470	5.34011e+23
12480	5.3338e+23
12490	5.32757e+23
12500	5.32129e+23
12510	5.31352e+23
12520	5.30781e+23
12530	5.30158e+23
12540	5.29523e+23
12550	5.28905e+23
12560	5.28278e+23
12570	5.27654e+23
12580	5.2703e+23
12590	5.26416e+23
12600	5.25785e+23
12610	5.25162e+23
12620	5.24528e+23
12630	5.23905e+23
12640	5.23285e+23
12650	5.22673e+23
12660	5.22074e+23
12670	5.21469e+23
12680	5.20857e+23
12690	5.20243e+23
12700	5.1962e+23
12710	5.18995e+23
12720	5.18396e+23
12730	5.17794e+23
12740	5.17185e+23
12750	5.16565e+23
12760	5.15963e+23
12770	5.15376e+23
12780	5.14774e+23
12790	5.14178e+23
12800	5.13584e+23
12810	5.12984e+23
12820	5.12391e+23
12830	5.11776e+23
12840	5.11187e+23
12850	5.10595e+23
12860	5.09996e+23
12870	5.09397e+23
12880	5.08817e+23
12890	5.08226e+23
12900	5.07634e+23
12910	5.07058e+23
12920	5.06474e+23
12930	5.05893e+23
12940	5.05309e+23
12950	5.04731e+23
12960	5.04145e+23
12970	5.03551e+23
12980	5.02964e+23
12990	5.02382e+23
13000	5.01809e+23
13010	5.01242e+23
13020	5.00672e+23
13030	5.00098e+23
13040	4.99531e+23
13050	4.98952e+23
13060	4.9838e+23
13070	4.97817e+23
13080	4.97249e+23
13090	4.96679e+23
13100	4.96114e+23
13110	4.95541e+23
13120	4.94977e+23
13130	4.9442e+23
13140	4.93844e+23
13150	4.93272e+23
13160	4.92718e+23
13170	4.92152e+23
13180	4.916e+23
13190	4.91006e+23
13200	4.90439e+23
13210	4.89829e+23
13220	4.89269e+23
13230	4.88726e+23
13240	4.88183e+23
13250	4.87644e+23
13260	4.87097e+23
13270	4.86538e+23
13280	4.85982e+23
13290	4.85433e+23
13300	4.84878e+23
13310	4.84332e+23
13320	4.8379e+23
13330	4.83249e+23
13340	4.82723e+23
13350	4.82183e+23
13360	4.81636e+23
13370	4.81084e+23
13380	4.80547e+23
13390	4.80018e+23
13400	4.79483e+23
13410	4.78953e+23
13420	4.78426e+23
13430	4.77893e+23
13440	4.77349e+23
13450	4.76823e+23
13460	4.7629e+23
13470	4.75748e+23
13480	4.75229e+23
13490	4.74704e+23
13500	4.74184e+23
13510	4.73657e+23
13520	4.73129e+23
13530	4.72614e+23
13540	4.72081e+23
13550	4.71556e+23
13560	4.71041e+23
13570	4.70514e+23
13580	4.70008e+23
13590	4.69493e+23
13600	4.68974e+23
13610	4.68461e+23
13620	4.67942e+23
13630	4.67425e+23
13640	4.66913e+23
13650	4.66403e+23
13660	4.65882e+23
13670	4.65366e+23
13680	4.64868e+23
13690	4.64356e+23
13700	4.63848e+23
13710	4.63351e+23
13720	4.62839e+23
13730	4.62335e+23
13740	4.61837e+23
13750	4.6132e+23
13760	4.60817e+23
13770	4.60323e+23
13780	4.59819e+23
13790	4.59332e+23
13800	4.58828e+23
13810	4.5833e+23
13820	4.57842e+23
13830	4.57324e+23
13840	4.5682e+23
13850	4.56335e+23
13860	4.55844e+23
13870	4.55357e+23
13880	4.54876e+23
13890	4.54378e+23
13900	4.53888e+23
13910	4.53299e+23
13920	4.52622e+23
13930	4.52281e+23
13940	4.51798e+23
13950	4.51298e+23
13960	4.50818e+23
13970	4.50337e+23
13980	4.4985e+23
13990	4.4937e+23
14000	4.48897e+23
14010	4.48404e+23
14020	4.47927e+23
14030	4.47453e+23
14040	4.46983e+23
14050	4.46502e+23
14060	4.46027e+23
14070	4.45553e+23
14080	4.45079e+23
14090	4.44596e+23
14100	4.44116e+23
14110	4.43636e+23
14120	4.43176e+23
14130	4.427e+23
14140	4.42235e+23
14150	4.41774e+23
14160	4.41302e+23
14170	4.40829e+23
14180	4.40368e+23
14190	4.39913e+23
14200	4.39436e+23
14210	4.38973e+23
14220	4.38514e+23
14230	4.38058e+23
14240	4.37591e+23
14250	4.37116e+23
14260	4.36649e+23
14270	4.36198e+23
14280	4.35746e+23
14290	4.35285e+23
14300	4.34826e+23
14310	4.34375e+23
14320	4.33918e+23
14330	4.3347e+23
14340	4.33024e+23
14350	4.32573e+23
14360	4.3198e+23
14370	4.31662e+23
14380	4.31208e+23
14390	4.30747e+23
14400	4.30302e+23
14410	4.29722e+23
14420	4.294e+23
14430	4.28953e+23
14440	4.28507e+23
14450	4.28064e+23
14460	4.2762e+23
14470	4.27184e+23
14480	4.2674e+23
14490	4.26301e+23
14500	4.2586e+23
14510	4.25424e+23
14520	4.24833e+23
14530	4.24525e+23
14540	4.24093e+23
14550	4.23655e+23
14560	4.23223e+23
14570	4.22792e+23
14580	4.2235e+23
14590	4.21914e+23
14600	4.21474e+23
14610	4.21036e+23
14620	4.20609e+23
14630	4.20173e+23
14640	4.19749e+23
14650	4.19233e+23
14660	4.18806e+23
14670	4.18374e+23
14680	4.1794e+23
14690	4.17522e+23
14700	4.17057e+23
14710	4.1663e+23
14720	4.16207e+23
14730	4.15776e+23
14740	4.15348e+23
14750	4.14923e+23
14760	4.14493e+23
14770	4.14076e+23
14780	4.13658e+23
14790	4.13225e+23
14800	4.12807e+23
14810	4.12387e+23
14820	4.11976e+23
14830	4.11563e+23
14840	4.11139e+23
14850	4.1073e+23
14860	4.10309e+23
14870	4.09892e+23
14880	4.09474e+23
14890	4.09067e+23
14900	4.08651e+23
14910	4.08244e+23
14920	4.07837e+23
14930	4.07335e+23
14940	4.06933e+23
14950	4.06525e+23
14960	4.06123e+23
14970	4.05705e+23
14980	4.05294e+23
14990	4.0489e+23
15000	4.04484e+23
15010	4.04067e+23
15020	4.03667e+23
15030	4.03269e+23
15040	4.02778e+23
15050	4.02463e+23
15060	4.02065e+23
15070	4.01664e+23
15080	4.01184e+23
15090	4.00857e+23
15100	4.00459e+23
15110	4.00062e+23
15120	3.99659e+23
15130	3.99256e+23
15140	3.98868e+23
15150	3.98475e+23
15160	3.98075e+23
15170	3.97681e+23
15180	3.9728e+23
15190	3.96884e+23
15200	3.96493e+23
15210	3.96103e+23
15220	3.95712e+23
15230	3.95319e+23
15240	3.94932e+23
15250	3.94548e+23
15260	3.94158e+23
15270	3.93774e+23
15280	3.93374e+23
15290	3.92988e+23
15300	3.92606e+23
15310	3.92214e+23
15320	3.91829e+23
15330	3.91441e+23
15340	3.91058e+23
15350	3.90674e+23
15360	3.90291e+23
15370	3.89831e+23
15380	3.89522e+23
15390	3.89146e+23
15400	3.8877e+23
15410	3.88383e+23
15420	3.88012e+23
15430	3.87548e+23
15440	3.87178e+23
15450	3.86796e+23
15460	3.8642e+23
15470	3.86043e+23
15480	3.85661e+23
15490	3.85292e+23
15500	3.84911e+23
15510	3.84543e+23
15520	3.84171e+23
15530	3.83763e+23
15540	3.83397e+23
15550	3.83019e+23
15560	3.82576e+23
15570	3.82284e+23
15580	3.81914e+23
15590	3.81546e+23
15600	3.81174e+23
15610	3.8079e+23
15620	3.80417e+23
15630	3.80055e+23
15640	3.79688e+23
15650	3.79321e+23
15660	3.78948e+23
15670	3.78589e+23
15680	3.78226e+23
15690	3.77849e+23
15700	3.77489e+23
15710	3.76963e+23
15720	3.7661e+23
15730	3.76253e+23
15740	3.75892e+23
15750	3.75524e+23
15760	3.75166e+23
15770	3.74812e+23
15780	3.74459e+23
15790	3.74086e+23
15800	3.73734e+23
15810	3.73379e+23
15820	3.73024e+23
15830	3.72662e+23
15840	3.72301e+23
15850	3.71943e+23
15860	3.71596e+23
15870	3.7125e+23
15880	3.70897e+23
15890	3.70542e+23
15900	3.70193e+23
15910	3.69843e+23
15920	3.69495e+23
15930	3.69139e+23
15940	3.68791e+23
15950	3.68443e+23
15960	3.68096e+23
15970	3.67749e+23
15980	3.674e+23
15990	3.67052e+23
16000	3.66705e+23
16010	3.66361e+23
16020	3.66012e+23
16030	3.65664e+23
16040	3.65323e+23
16050	3.64976e+23
16060	3.64634e+23
16070	3.64291e+23
16080	3.63954e+23
16090	3.63618e+23
16100	3.63269e+23
16110	3.62933e+23
16120	3.62592e+23
16130	3.62258e+23
16140	3.61915e+23
16150	3.61578e+23
16160	3.61233e+23
16170	3.60894e+23
16180	3.60557e+23
16190	3.60226e+23
16200	3.59893e+23
16210	3.59564e+23
16220	3.5923e+23
16230	3.58887e+23
16240	3.58553e+23
16250	3.58219e+23
16260	3.57886e+23
16270	3.57549e+23
16280	3.57151e+23
16290	3.56823e+23
16300	3.56494e+23
16310	3.56161e+23
16320	3.55834e+23
16330	3.55508e+23
16340	3.55184e+23
16350	3.54854e+23
16360	3.54521e+23
16370	3.54197e+23
16380	3.53871e+23
16390	3.53547e+23
16400	3.53217e+23
16410	3.52892e+23
16420	3.52535e+23
16430	3.5221e+23
16440	3.51892e+23
16450	3.51565e+23
16460	3.51235e+23
16470	3.50917e+23
16480	3.50595e+23
16490	3.50275e+23
16500	3.49958e+23
16510	3.49633e+23
16520	3.49313e+23
16530	3.48997e+23
16540	3.48601e+23
16550	3.48163e+23
16560	3.47835e+23
16570	3.47518e+23
16580	3.47203e+23
16590	3.46888e+23
16600	3.46574e+23
16610	3.46249e+23
16620	3.45935e+23
16630	3.45622e+23
16640	3.45305e+23
16650	3.44998e+23
16660	3.44688e+23
16670	3.44375e+23
16680	3.44066e+23
16690	3.43748e+23
16700	3.43432e+23
16710	3.43123e+23
16720	3.42809e+23
16730	3.42507e+23
16740	3.42196e+23
16750	3.41888e+23
16760	3.41577e+23
16770	3.41275e+23
16780	3.40968e+23
16790	3.40663e+23
16800	3.40354e+23
16810	3.40041e+23
16820	3.39738e+23
16830	3.39434e+23
16840	3.39127e+23
16850	3.38824e+23
16860	3.38526e+23
16870	3.38218e+23
16880	3.37917e+23
16890	3.37613e+23
16900	3.37315e+23
16910	3.37016e+23
16920	3.36708e+23
16930	3.36407e+23
16940	3.36104e+23
16950	3.35804e+23
16960	3.35508e+23
16970	3.35215e+23
16980	3.34913e+23
16990	3.34608e+23
17000	3.34307e+23
17010	3.34011e+23
17020	3.33711e+23
17030	3.33414e+23
17040	3.3312e+23
17050	3.32824e+23
17060	3.32529e+23
17070	3.32242e+23
17080	3.31945e+23
17090	3.31656e+23
17100	3.31359e+23
17110	3.31066e+23
17120	3.30773e+23
17130	3.30482e+23
17140	3.30193e+23
17150	3.29906e+23
17160	3.29615e+23
17170	3.29313e+23
17180	3.29027e+23
17190	3.28675e+23
17200	3.28383e+23
17210	3.28091e+23
17220	3.27805e+23
17230	3.2752e+23
17240	3.27222e+23
17250	3.26938e+23
17260	3.26657e+23
17270	3.26366e+23
17280	3.26083e+23
17290	3.25793e+23
17300	3.25515e+23
17310	3.25235e+23
17320	3.24957e+23
17330	3.24675e+23
17340	3.24384e+23
17350	3.24097e+23
17360	3.23821e+23
17370	3.23532e+23
17380	3.23224e+23
17390	3.22948e+23
17400	3.22661e+23
17410	3.22305e+23
17420	3.22022e+23
17430	3.21747e+23
17440	3.21353e+23
17450	3.21074e+23
17460	3.20797e+23
17470	3.20526e+23
17480	3.20248e+23
17490	3.19964e+23
17500	3.19691e+23
17510	3.19419e+23
17520	3.19151e+23
17530	3.18877e+23
17540	3.18599e+23
17550	3.18323e+23
17560	3.1804e+23
17570	3.17763e+23
17580	3.1749e+23
17590	3.17211e+23
17600	3.16941e+23
17610	3.1667e+23
17620	3.16398e+23
17630	3.16122e+23
17640	3.15844e+23
17650	3.15569e+23
17660	3.153e+23
17670	3.15037e+23
17680	3.14765e+23
17690	3.14496e+23
17700	3.14228e+23
17710	3.13957e+23
17720	3.1369e+23
17730	3.13424e+23
17740	3.1316e+23
17750	3.12894e+23
17760	3.12632e+23
17770	3.1236e+23
17780	3.12088e+23
17790	3.11824e+23
17800	3.11559e+23
17810	3.11295e+23
17820	3.11018e+23
17830	3.10757e+23
17840	3.10498e+23
17850	3.10231e+23
17860	3.09972e+23
17870	3.09716e+23
17880	3.09453e+23
17890	3.09186e+23
17900	3.08923e+23
17910	3.08661e+23
17920	3.08396e+23
17930	3.08135e+23
17940	3.07876e+23
17950	3.07619e+23
17960	3.07363e+23
17970	3.07101e+23
17980	3.06849e+23
17990	3.06588e+23
18000	3.06325e+23
18010	3.06072e+23
18020	3.05807e+23
18030	3.05549e+23
18040	3.05296e+23
18050	3.05046e+23
18060	3.04788e+23
18070	3.04534e+23
18080	3.0427e+23
18090	3.04014e+23
18100	3.03759e+23
18110	3.03503e+23
18120	3.03254e+23
18130	3.02997e+23
18140	3.02742e+23
18150	3.02435e+23
18160	3.02182e+23
18170	3.01929e+23
18180	3.01675e+23
18190	3.01427e+23
18200	3.01172e+23
18210	3.00919e+23
18220	3.00672e+23
18230	3.00423e+23
18240	3.00178e+23
18250	2.99925e+23
18260	2.99681e+23
18270	2.99437e+23
18280	2.99181e+23
18290	2.9893e+23
18300	2.9868e+23
18310	2.98434e+23
18320	2.9819e+23
18330	2.97937e+23
18340	2.97625e+23
18350	2.97384e+23
18360	2.97139e+23
18370	2.96894e+23
18380	2.96652e+23
18390	2.9631e+23
18400	2.96062e+23
18410	2.95793e+23
18420	2.95544e+23
18430	2.95299e+23
18440	2.95058e+23
18450	2.94818e+23
18460	2.94574e+23
18470	2.94333e+23
18480	2.94093e+23
18490	2.93855e+23
18500	2.93615e+23
18510	2.93374e+23
18520	2.93122e+23
18530	2.92887e+23
18540	2.92647e+23
18550	2.92404e+23
18560	2.9217e+23
18570	2.91934e+23
18580	2.91698e+23
18590	2.9146e+23
18600	2.91219e+23
18610	2.90984e+23
18620	2.90746e+23
18630	2.90507e+23
18640	2.90274e+23
18650	2.9004e+23
18660	2.89804e+23
18670	2.89567e+23
18680	2.89334e+23
18690	2.89086e+23
18700	2.8885e+23
18710	2.88611e+23
18720	2.88382e+23
18730	2.8815e+23
18740	2.87919e+23
18750	2.87679e+23
18760	2.87443e+23
18770	2.87209e+23
18780	2.86979e+23
18790	2.86749e+23
18800	2.86516e+23
18810	2.86284e+23
18820	2.86061e+23
18830	2.85831e+23
18840	2.85601e+23
18850	2.85371e+23
18860	2.85139e+23
18870	2.84909e+23
18880	2.84685e+23
18890	2.84455e+23
18900	2.84224e+23
18910	2.84e+23
18920	2.83771e+23
18930	2.8354e+23
18940	2.83309e+23
18950	2.83084e+23
18960	2.82857e+23
18970	2.82622e+23
18980	2.82398e+23
18990	2.82177e+23
19000	2.81948e+23
19010	2.81726e+23
19020	2.81506e+23
19030	2.81275e+23
19040	2.81054e+23
19050	2.80825e+23
19060	2.80601e+23
19070	2.80381e+23
19080	2.80156e+23
19090	2.79941e+23
19100	2.7972e+23
19110	2.79498e+23
19120	2.7927e+23
19130	2.79048e+23
19140	2.78824e+23
19150	2.78605e+23
19160	2.78384e+23
19170	2.78165e+23
19180	2.77944e+23
19190	2.77674e+23
19200	2.77449e+23
19210	2.77229e+23
19220	2.77009e+23
19230	2.76786e+23
19240	2.76569e+23
19250	2.76351e+23
19260	2.76133e+23
19270	2.75915e+23
19280	2.75696e+23
19290	2.75479e+23
19300	2.75264e+23
19310	2.75054e+23
19320	2.74841e+23
19330	2.74627e+23
19340	2.74347e+23
19350	2.74134e+23
19360	2.73911e+23
19370	2.73695e+23
19380	2.73477e+23
19390	2.73266e+23
19400	2.72958e+23
19410	2.72747e+23
19420	2.72532e+23
19430	2.72319e+23
19440	2.72104e+23
19450	2.71898e+23
19460	2.71684e+23
19470	2.7147e+23
19480	2.71254e+23
19490	2.7104e+23
19500	2.70832e+23
19510	2.70621e+23
19520	2.70387e+23
19530	2.70178e+23
19540	2.69968e+23
19550	2.69759e+23
19560	2.69551e+23
19570	2.69344e+23
19580	2.69137e+23
19590	2.68929e+23
19600	2.68719e+23
19610	2.68512e+23
19620	2.68299e+23
19630	2.68096e+23
19640	2.6788e+23
19650	2.67674e+23
19660	2.67471e+23
19670	2.67261e+23
19680	2.67057e+23
19690	2.66851e+23
19700	2.66644e+23
19710	2.66442e+23
19720	2.66238e+23
19730	2.66034e+23
19740	2.65829e+23
19750	2.65624e+23
19760	2.65415e+23
19770	2.6521e+23
19780	2.65e+23
19790	2.64798e+23
19800	2.64595e+23
19810	2.64397e+23
19820	2.64196e+23
19830	2.63991e+23
19840	2.63792e+23
19850	2.63589e+23
19860	2.63384e+23
19870	2.63187e+23
19880	2.62979e+23
19890	2.62769e+23
19900	2.62572e+23
19910	2.62372e+23
19920	2.62169e+23
19930	2.61974e+23
19940	2.61772e+23
19950	2.61572e+23
19960	2.61368e+23
19970	2.61172e+23
19980	2.60971e+23
19990	2.60774e+23
