0.1	0.1
0.11	0.11
0.121	0.121
0.1331	0.1331
0.14641	0.14641
0.161051	0.161051
0.177156	0.177156
0.194872	0.194872
0.214359	0.214359
0.235795	0.235795
0.259374	0.259374
0.285312	0.285312
0.313843	0.313843
0.345227	0.345227
0.37975	0.37975
0.417725	0.417725
0.459497	0.459497
0.505447	0.505447
0.555992	0.555992
0.611591	0.611591
0.67275	0.67275
0.740025	0.740025
0.814027	0.814027
0.89543	0.89543
0.984973	0.984973
1.08347	1.08347
1.19182	1.19182
1.311	1.311
1.4421	1.4421
1.58631	1.58631
1.74494	1.74494
1.91943	1.91943
2.11138	2.11138
2.32252	2.32252
2.55477	2.55477
2.81024	2.81024
3.09127	3.09127
3.40039	3.40039
3.74043	3.74043
4.11448	4.11448
4.52593	4.52593
4.97852	4.97852
5.47637	5.47637
6.02401	6.02401
6.62641	6.62641
7.28905	7.28905
8.01795	8.01795
8.81975	8.81975
9.70172	9.70172
10.6719	10.6719
11.7391	11.7391
12.913	12.913
14.2043	14.2043
15.6247	15.6247
17.1872	17.1872
18.9059	18.9059
20.7965	20.7965
22.8762	22.8762
25.1638	25.1638
27.6801	27.6801
30.4482	30.4482
33.493	33.493
36.8423	36.8423
40.5265	40.5265
44.5792	44.5792
49.0371	49.0371
53.9408	53.9408
59.3349	59.3349
65.2683	65.2683
71.7952	71.7952
78.9747	78.9747
86.8722	86.8722
95.5594	95.5594
105.115	105.115
115.627	115.627
127.19	127.19
139.908	139.908
153.899	153.899
169.289	169.289
186.218	186.218
204.84	204.84
225.324	225.324
247.856	247.856
272.642	272.642
299.906	299.906
329.897	329.897
362.887	362.887
399.175	399.175
439.093	439.093
483.002	483.002
531.302	531.302
584.432	584.432
642.876	642.876
707.163	707.163
777.88	777.88
855.668	855.668
941.234	941.234
1035.36	1035.36
1138.89	1138.89
1252.78	1252.78
1378.06	1378.06
1515.87	1515.87
1667.45	1667.45
1834.2	1834.2
2017.62	2017.62
2219.38	2219.38
2441.32	2441.32
2685.45	2685.45
2954	2954
3249.4	3249.4
3574.34	3574.34
3931.77	3931.77
4324.95	4324.95
4757.44	4757.44
5233.19	5233.19
5756.5	5756.5
6332.15	6332.15
6965.37	6965.37
7661.91	7661.91
8428.1	8428.1
9270.91	9270.91
10198	10198
11217.8	11217.8
12339.6	12339.6
13573.5	13573.5
14930.9	14930.9
16424	16424
18066.4	18066.4
19873	19873
21860.3	21860.3
24046.3	24046.3
26451	26451
29096.1	29096.1
32005.7	32005.7
35206.3	35206.3
38726.9	38726.9
42599.6	42599.6
46859.5	46859.5
51545.5	51545.5
56700	56700
62370	62370
68607	68607
75467.7	75467.7
83014.5	83014.5
91316	91316
100448	100448
110492	110492
121542	121542
133696	133696
147065	147065
161772	161772
177949	177949
195744	195744
215318	215318
236850	236850
260535	260535
286589	286589
315247	315247
346772	346772
381449	381449
419594	419594
461554	461554
507709	507709
558480	558480
614328	614328
675761	675761
743337	743337
817671	817671
899438	899438
989382	989382
1.08832e+06	1.08832e+06
1.19715e+06	1.19715e+06
1.31687e+06	1.31687e+06
1.44855e+06	1.44855e+06
1.59341e+06	1.59341e+06
1.75275e+06	1.75275e+06
1.92802e+06	1.92802e+06
2.12083e+06	2.12083e+06
2.33291e+06	2.33291e+06
2.5662e+06	2.5662e+06
2.82282e+06	2.82282e+06
3.1051e+06	3.1051e+06
3.41561e+06	3.41561e+06
3.75717e+06	3.75717e+06
4.13289e+06	4.13289e+06
4.54618e+06	4.54618e+06
5.0008e+06	5.0008e+06
5.50088e+06	5.50088e+06
6.05097e+06	6.05097e+06
6.65606e+06	6.65606e+06
7.32167e+06	7.32167e+06
8.05384e+06	8.05384e+06
8.85922e+06	8.85922e+06
9.74514e+06	9.74514e+06
1.07197e+07	1.07197e+07
1.17916e+07	1.17916e+07
1.29708e+07	1.29708e+07
1.42679e+07	1.42679e+07
1.56947e+07	1.56947e+07
1.72641e+07	1.72641e+07
1.89905e+07	1.89905e+07
2.08896e+07	2.08896e+07
2.29785e+07	2.29785e+07
2.52764e+07	2.52764e+07
2.7804e+07	2.7804e+07
3.05844e+07	3.05844e+07
3.36429e+07	3.36429e+07
3.70072e+07	3.70072e+07
4.07079e+07	4.07079e+07
4.47787e+07	4.47787e+07
4.92565e+07	4.92565e+07
5.41822e+07	5.41822e+07
5.96004e+07	5.96004e+07
6.55605e+07	6.55605e+07
7.21165e+07	7.21165e+07
7.93281e+07	7.93281e+07
8.7261e+07	8.7261e+07
9.59871e+07	9.59871e+07
1.05586e+08	1.05586e+08
1.16144e+08	1.16144e+08
1.27759e+08	1.27759e+08
1.40535e+08	1.40535e+08
1.54588e+08	1.54588e+08
1.70047e+08	1.70047e+08
1.87052e+08	1.87052e+08
2.05757e+08	2.05757e+08
2.26332e+08	2.26332e+08
2.48966e+08	2.48966e+08
2.73862e+08	2.73862e+08
3.01249e+08	3.01249e+08
3.31373e+08	3.31373e+08
3.64511e+08	3.64511e+08
4.00962e+08	4.00962e+08
4.41058e+08	4.41058e+08
4.85164e+08	4.85164e+08
5.3368e+08	5.3368e+08
5.87048e+08	5.87048e+08
6.45753e+08	6.45753e+08
7.10328e+08	7.10328e+08
7.81361e+08	7.81361e+08
8.59497e+08	8.59497e+08
9.45447e+08	9.45447e+08
1.03999e+09	1.03999e+09
1.14399e+09	1.14399e+09
1.25839e+09	1.25839e+09
1.38423e+09	1.38423e+09
1.52265e+09	1.52265e+09
1.67492e+09	1.67492e+09
1.84241e+09	1.84241e+09
2.02665e+09	2.02665e+09
2.22931e+09	2.22931e+09
2.45225e+09	2.45225e+09
2.69747e+09	2.69747e+09
2.96722e+09	2.96722e+09
3.26394e+09	3.26394e+09
3.59033e+09	3.59033e+09
3.94937e+09	3.94937e+09
4.3443e+09	4.3443e+09
4.77873e+09	4.77873e+09
5.25661e+09	5.25661e+09
5.78227e+09	5.78227e+09
6.36049e+09	6.36049e+09
6.99654e+09	6.99654e+09
7.6962e+09	7.6962e+09
8.46582e+09	8.46582e+09
9.3124e+09	9.3124e+09
1.02436e+10	1.02436e+10
1.1268e+10	1.1268e+10
1.23948e+10	1.23948e+10
1.36343e+10	1.36343e+10
1.49977e+10	1.49977e+10
1.64975e+10	1.64975e+10
1.81472e+10	1.81472e+10
1.9962e+10	1.9962e+10
2.19581e+10	2.19581e+10
2.4154e+10	2.4154e+10
2.65694e+10	2.65694e+10
2.92263e+10	2.92263e+10
3.21489e+10	3.21489e+10
3.53638e+10	3.53638e+10
3.89002e+10	3.89002e+10
4.27902e+10	4.27902e+10
4.70692e+10	4.70692e+10
5.17762e+10	5.17762e+10
5.69538e+10	5.69538e+10
6.26492e+10	6.26492e+10
6.89141e+10	6.89141e+10
7.58055e+10	7.58055e+10
8.3386e+10	8.3386e+10
9.17246e+10	9.17246e+10
1.00897e+11	1.00897e+11
1.10987e+11	1.10987e+11
1.22085e+11	1.22085e+11
1.34294e+11	1.34294e+11
1.47723e+11	1.47723e+11
1.62496e+11	1.62496e+11
1.78745e+11	1.78745e+11
1.9662e+11	1.9662e+11
2.16282e+11	2.16282e+11
2.3791e+11	2.3791e+11
2.61701e+11	2.61701e+11
2.87871e+11	2.87871e+11
3.16658e+11	3.16658e+11
3.48324e+11	3.48324e+11
3.83157e+11	3.83157e+11
4.21472e+11	4.21472e+11
4.63619e+11	4.63619e+11
5.09981e+11	5.09981e+11
5.6098e+11	5.6098e+11
6.17078e+11	6.17078e+11
6.78785e+11	6.78785e+11
7.46664e+11	7.46664e+11
8.2133e+11	8.2133e+11
9.03463e+11	9.03463e+11
9.93809e+11	9.93809e+11
1.09319e+12	1.09319e+12
1.20251e+12	1.20251e+12
1.32276e+12	1.32276e+12
1.45504e+12	1.45504e+12
1.60054e+12	1.60054e+12
1.76059e+12	1.76059e+12
1.93665e+12	1.93665e+12
2.13032e+12	2.13032e+12
2.34335e+12	2.34335e+12
2.57769e+12	2.57769e+12
2.83545e+12	2.83545e+12
3.119e+12	3.119e+12
3.4309e+12	3.4309e+12
3.77399e+12	3.77399e+12
4.15139e+12	4.15139e+12
4.56653e+12	4.56653e+12
5.02318e+12	5.02318e+12
5.5255e+12	5.5255e+12
6.07805e+12	6.07805e+12
6.68585e+12	6.68585e+12
7.35444e+12	7.35444e+12
8.08988e+12	8.08988e+12
8.89887e+12	8.89887e+12
9.78876e+12	9.78876e+12
1.07676e+13	1.07676e+13
1.18444e+13	1.18444e+13
1.30288e+13	1.30288e+13
1.43317e+13	1.43317e+13
1.57649e+13	1.57649e+13
1.73414e+13	1.73414e+13
1.90755e+13	1.90755e+13
2.09831e+13	2.09831e+13
2.30814e+13	2.30814e+13
2.53895e+13	2.53895e+13
2.79285e+13	2.79285e+13
3.07213e+13	3.07213e+13
3.37934e+13	3.37934e+13
3.71728e+13	3.71728e+13
4.08901e+13	4.08901e+13
4.49791e+13	4.49791e+13
4.9477e+13	4.9477e+13
5.44247e+13	5.44247e+13
5.98672e+13	5.98672e+13
6.58539e+13	6.58539e+13
7.24393e+13	7.24393e+13
7.96832e+13	7.96832e+13
8.76515e+13	8.76515e+13
9.64166e+13	9.64166e+13
1.06058e+14	1.06058e+14
1.16664e+14	1.16664e+14
1.28331e+14	1.28331e+14
1.41164e+14	1.41164e+14
1.5528e+14	1.5528e+14
1.70808e+14	1.70808e+14
1.87889e+14	1.87889e+14
2.06678e+14	2.06678e+14
2.27345e+14	2.27345e+14
2.5008e+14	2.5008e+14
2.75088e+14	2.75088e+14
3.02597e+14	3.02597e+14
3.32856e+14	3.32856e+14
3.66142e+14	3.66142e+14
4.02756e+14	4.02756e+14
4.43032e+14	4.43032e+14
4.87335e+14	4.87335e+14
5.36069e+14	5.36069e+14
5.89675e+14	5.89675e+14
6.48643e+14	6.48643e+14
7.13507e+14	7.13507e+14
7.84858e+14	7.84858e+14
8.63344e+14	8.63344e+14
9.49678e+14	9.49678e+14
1.04465e+15	1.04465e+15
1.14911e+15	1.14911e+15
1.26402e+15	1.26402e+15
1.39042e+15	1.39042e+15
1.52947e+15	1.52947e+15
1.68241e+15	1.68241e+15
1.85065e+15	1.85065e+15
2.03572e+15	2.03572e+15
2.23929e+15	2.23929e+15
2.46322e+15	2.46322e+15
2.70954e+15	2.70954e+15
2.9805e+15	2.9805e+15
3.27855e+15	3.27855e+15
3.6064e+15	3.6064e+15
3.96704e+15	3.96704e+15
4.36375e+15	4.36375e+15
4.80012e+15	4.80012e+15
5.28013e+15	5.28013e+15
5.80815e+15	5.80815e+15
6.38896e+15	6.38896e+15
7.02786e+15	7.02786e+15
7.73064e+15	7.73064e+15
8.50371e+15	8.50371e+15
9.35408e+15	9.35408e+15
1.02895e+16	1.02895e+16
1.13184e+16	1.13184e+16
1.24503e+16	1.24503e+16
1.36953e+16	1.36953e+16
1.50648e+16	1.50648e+16
1.65713e+16	1.65713e+16
1.82284e+16	1.82284e+16
2.00513e+16	2.00513e+16
2.20564e+16	2.20564e+16
2.42621e+16	2.42621e+16
2.66883e+16	2.66883e+16
2.93571e+16	2.93571e+16
3.22928e+16	3.22928e+16
3.55221e+16	3.55221e+16
3.90743e+16	3.90743e+16
4.29817e+16	4.29817e+16
4.72799e+16	4.72799e+16
5.20079e+16	5.20079e+16
5.72087e+16	5.72087e+16
6.29295e+16	6.29295e+16
6.92225e+16	6.92225e+16
7.61448e+16	7.61448e+16
8.37592e+16	8.37592e+16
9.21352e+16	9.21352e+16
1.01349e+17	1.01349e+17
1.11484e+17	1.11484e+17
1.22632e+17	1.22632e+17
1.34895e+17	1.34895e+17
1.48385e+17	1.48385e+17
1.63223e+17	1.63223e+17
1.79545e+17	1.79545e+17
1.975e+17	1.975e+17
2.1725e+17	2.1725e+17
2.38975e+17	2.38975e+17
2.62872e+17	2.62872e+17
2.8916e+17	2.8916e+17
3.18076e+17	3.18076e+17
3.49883e+17	3.49883e+17
3.84871e+17	3.84871e+17
4.23359e+17	4.23359e+17
4.65694e+17	4.65694e+17
5.12264e+17	5.12264e+17
5.6349e+17	5.6349e+17
6.19839e+17	6.19839e+17
6.81823e+17	6.81823e+17
7.50005e+17	7.50005e+17
8.25006e+17	8.25006e+17
9.07507e+17	9.07507e+17
9.98257e+17	9.98257e+17
