5.29056e+12	3.69424e-10
7.05408e+12	3.69424e-10
8.8176e+12	3.69424e-10
1.05811e+13	3.69056e-10
1.23446e+13	3.69056e-10
1.41082e+13	3.68688e-10
1.58717e+13	3.68688e-10
1.76352e+13	3.6832e-10
1.93987e+13	3.6832e-10
2.11622e+13	3.67952e-10
2.29258e+13	3.67952e-10
2.46893e+13	3.67585e-10
2.64528e+13	3.67217e-10
2.82163e+13	3.6685e-10
2.99798e+13	3.66483e-10
3.17434e+13	3.66115e-10
3.35069e+13	3.65748e-10
3.52704e+13	3.65381e-10
3.70339e+13	3.65015e-10
3.87974e+13	3.64648e-10
4.0561e+13	3.64281e-10
4.23245e+13	3.63549e-10
4.4088e+13	3.63183e-10
4.58515e+13	3.62817e-10
4.7615e+13	3.62085e-10
4.93785e+13	3.61719e-10
5.11421e+13	3.60988e-10
5.29056e+13	3.60258e-10
5.46691e+13	3.59893e-10
5.64326e+13	3.59163e-10
5.81961e+13	3.58434e-10
5.99597e+13	3.58069e-10
6.17232e+13	3.57341e-10
6.34867e+13	3.56613e-10
6.52502e+13	3.55885e-10
6.70137e+13	3.55158e-10
6.87773e+13	3.54431e-10
7.05408e+13	3.53705e-10
7.23043e+13	3.5298e-10
7.40678e+13	3.51892e-10
7.58313e+13	3.51168e-10
7.75949e+13	3.50444e-10
7.93584e+13	3.49721e-10
8.11219e+13	3.48637e-10
8.28854e+13	3.47915e-10
8.46489e+13	3.46833e-10
8.64125e+13	3.46112e-10
8.8176e+13	3.45032e-10
8.99395e+13	3.44312e-10
9.1703e+13	3.43234e-10
9.34665e+13	3.42156e-10
9.52301e+13	3.41439e-10
9.69936e+13	3.40363e-10
9.87571e+13	3.39289e-10
1.00521e+14	3.38216e-10
1.02284e+14	3.37501e-10
1.04048e+14	3.3643e-10
1.05811e+14	3.3536e-10
1.07575e+14	3.34291e-10
1.09338e+14	3.33223e-10
1.11102e+14	3.32156e-10
1.12865e+14	3.31091e-10
1.14629e+14	3.30026e-10
1.16392e+14	3.28963e-10
1.18156e+14	3.27547e-10
1.19919e+14	3.26487e-10
1.21683e+14	3.25427e-10
1.23446e+14	3.24369e-10
1.2521e+14	3.2296e-10
1.26973e+14	3.21904e-10
1.28737e+14	3.2085e-10
1.305e+14	3.19445e-10
1.32264e+14	3.18394e-10
1.34027e+14	3.17343e-10
1.35791e+14	3.15944e-10
1.37555e+14	3.14896e-10
1.39318e+14	3.13501e-10
1.41082e+14	3.12456e-10
1.42845e+14	3.11064e-10
1.44609e+14	3.09674e-10
1.46372e+14	3.08633e-10
1.48136e+14	3.07247e-10
1.49899e+14	3.06209e-10
1.51663e+14	3.04826e-10
1.53426e+14	3.03446e-10
1.5519e+14	3.02068e-10
1.56953e+14	3.01036e-10
1.58717e+14	2.99661e-10
1.6048e+14	2.98288e-10
1.62244e+14	2.96918e-10
1.64007e+14	2.95892e-10
1.65771e+14	2.94525e-10
1.67534e+14	2.9316e-10
1.69298e+14	2.91798e-10
1.71061e+14	2.90437e-10
1.72825e+14	2.89079e-10
1.74588e+14	2.87723e-10
1.76352e+14	2.86707e-10
1.78115e+14	2.85355e-10
1.79879e+14	2.84005e-10
1.81643e+14	2.82657e-10
1.83406e+14	2.81311e-10
1.8517e+14	2.79967e-10
1.86933e+14	2.78625e-10
1.88697e+14	2.77286e-10
1.9046e+14	2.75948e-10
1.92224e+14	2.74613e-10
1.93987e+14	2.7328e-10
1.95751e+14	2.71949e-10
1.97514e+14	2.7062e-10
1.99278e+14	2.69294e-10
2.01041e+14	2.67969e-10
2.02805e+14	2.66317e-10
2.04568e+14	2.64997e-10
2.06332e+14	2.6368e-10
2.08095e+14	2.62365e-10
2.09859e+14	2.61052e-10
2.11622e+14	2.59741e-10
2.13386e+14	2.58433e-10
2.15149e+14	2.57127e-10
2.16913e+14	2.55822e-10
2.18676e+14	2.54521e-10
2.2044e+14	2.53221e-10
2.22203e+14	2.51599e-10
2.23967e+14	2.50305e-10
2.25731e+14	2.49012e-10
2.27494e+14	2.47722e-10
2.29258e+14	2.46434e-10
2.31021e+14	2.45148e-10
2.32785e+14	2.43865e-10
2.34548e+14	2.42584e-10
2.36312e+14	2.40985e-10
2.38075e+14	2.39709e-10
2.39839e+14	2.38435e-10
2.41602e+14	2.37163e-10
2.43366e+14	2.35894e-10
2.45129e+14	2.34627e-10
2.46893e+14	2.33362e-10
2.48656e+14	2.321e-10
2.5042e+14	2.30525e-10
2.52183e+14	2.29267e-10
2.53947e+14	2.28012e-10
2.5571e+14	2.26759e-10
2.57474e+14	2.25509e-10
2.59237e+14	2.24261e-10
2.61001e+14	2.23015e-10
2.62764e+14	2.21771e-10
2.64528e+14	2.2053e-10
2.66291e+14	2.19291e-10
2.68055e+14	2.17745e-10
2.69819e+14	2.16512e-10
2.71582e+14	2.1528e-10
2.73346e+14	2.14051e-10
2.75109e+14	2.12825e-10
2.76873e+14	2.116e-10
2.78636e+14	2.10379e-10
2.804e+14	2.09159e-10
2.82163e+14	2.07942e-10
2.83927e+14	2.06727e-10
2.8569e+14	2.05514e-10
2.87454e+14	2.04304e-10
2.89217e+14	2.03097e-10
2.90981e+14	2.01891e-10
2.92744e+14	2.00688e-10
2.94508e+14	1.99518e-10
2.96271e+14	1.9832e-10
2.98035e+14	1.97154e-10
2.99798e+14	1.9596e-10
3.01562e+14	1.94799e-10
3.03325e+14	1.9361e-10
3.05089e+14	1.92454e-10
3.06852e+14	1.913e-10
3.08616e+14	1.90148e-10
3.10379e+14	1.88998e-10
3.12143e+14	1.87851e-10
3.13906e+14	1.86706e-10
3.1567e+14	1.85592e-10
3.17434e+14	1.84452e-10
3.19197e+14	1.83343e-10
3.20961e+14	1.82207e-10
3.22724e+14	1.81103e-10
3.24488e+14	1.80001e-10
3.26251e+14	1.78901e-10
3.28015e+14	1.77803e-10
3.29778e+14	1.76708e-10
3.31542e+14	1.75615e-10
3.33305e+14	1.74553e-10
3.35069e+14	1.73464e-10
3.36832e+14	1.72406e-10
3.38596e+14	1.71351e-10
3.40359e+14	1.70269e-10
3.42123e+14	1.69218e-10
3.43886e+14	1.68169e-10
3.4565e+14	1.67122e-10
3.47413e+14	1.66105e-10
3.49177e+14	1.65063e-10
3.5094e+14	1.64022e-10
3.52704e+14	1.63012e-10
3.54467e+14	1.62004e-10
3.56231e+14	1.6097e-10
3.57994e+14	1.59966e-10
3.59758e+14	1.58964e-10
3.61522e+14	1.57965e-10
3.63285e+14	1.56995e-10
3.65049e+14	1.55999e-10
3.66812e+14	1.55033e-10
3.68576e+14	1.54042e-10
3.70339e+14	1.5308e-10
3.72103e+14	1.52121e-10
3.73866e+14	1.51163e-10
3.7563e+14	1.50207e-10
3.77393e+14	1.49253e-10
3.79157e+14	1.48302e-10
3.8092e+14	1.47379e-10
3.82684e+14	1.46432e-10
3.84447e+14	1.45513e-10
3.86211e+14	1.44569e-10
3.87974e+14	1.43655e-10
3.89738e+14	1.42742e-10
3.91501e+14	1.41831e-10
3.93265e+14	1.40949e-10
3.95028e+14	1.40042e-10
3.96792e+14	1.39137e-10
3.98555e+14	1.3826e-10
4.00319e+14	1.37386e-10
4.02082e+14	1.36486e-10
4.03846e+14	1.35615e-10
4.0561e+14	1.34746e-10
4.07373e+14	1.33905e-10
4.09137e+14	1.3304e-10
4.109e+14	1.32176e-10
4.12664e+14	1.31341e-10
4.14427e+14	1.30481e-10
4.16191e+14	1.29649e-10
4.17954e+14	1.28819e-10
4.19718e+14	1.2799e-10
4.21481e+14	1.27164e-10
4.23245e+14	1.26339e-10
4.25008e+14	1.25516e-10
4.26772e+14	1.2472e-10
4.28535e+14	1.23901e-10
4.30299e+14	1.23109e-10
4.32062e+14	1.22318e-10
4.33826e+14	1.21529e-10
4.35589e+14	1.20742e-10
4.37353e+14	1.19957e-10
4.39116e+14	1.19173e-10
4.4088e+14	1.18391e-10
4.42643e+14	1.17636e-10
4.44407e+14	1.16858e-10
4.4617e+14	1.16106e-10
4.47934e+14	1.15356e-10
4.49698e+14	1.14582e-10
4.51461e+14	1.13835e-10
4.53225e+14	1.13115e-10
4.54988e+14	1.12371e-10
4.56752e+14	1.11629e-10
4.58515e+14	1.10913e-10
4.60279e+14	1.10174e-10
4.62042e+14	1.09462e-10
4.63806e+14	1.08726e-10
4.65569e+14	1.08017e-10
4.67333e+14	1.07309e-10
4.69096e+14	1.06602e-10
4.7086e+14	1.05922e-10
4.72623e+14	1.05219e-10
4.74387e+14	1.04517e-10
4.7615e+14	1.03841e-10
4.77914e+14	1.03142e-10
4.79677e+14	1.02469e-10
4.81441e+14	1.01797e-10
4.83204e+14	1.01127e-10
4.84968e+14	1.00459e-10
4.86731e+14	9.97914e-11
4.88495e+14	9.91257e-11
4.90258e+14	9.84852e-11
4.92022e+14	9.78224e-11
4.93785e+14	9.71847e-11
4.95549e+14	9.65249e-11
4.97313e+14	9.589e-11
4.99076e+14	9.52566e-11
5.0084e+14	9.46245e-11
5.02603e+14	9.39939e-11
5.04367e+14	9.33646e-11
5.0613e+14	9.27368e-11
5.07894e+14	9.21336e-11
5.09657e+14	9.15085e-11
5.11421e+14	9.09079e-11
5.13184e+14	9.02857e-11
5.14948e+14	8.96878e-11
5.16711e+14	8.90913e-11
5.18475e+14	8.84961e-11
5.20238e+14	8.79022e-11
5.22002e+14	8.73096e-11
5.23765e+14	8.67184e-11
5.25529e+14	8.61512e-11
5.27292e+14	8.55626e-11
5.29056e+14	8.4998e-11
5.30819e+14	8.4412e-11
5.32583e+14	8.38499e-11
5.34346e+14	8.32891e-11
5.3611e+14	8.27294e-11
5.37873e+14	8.21711e-11
5.39637e+14	8.1614e-11
5.41401e+14	8.10582e-11
5.43164e+14	8.05036e-11
5.44928e+14	7.99724e-11
5.46691e+14	7.94204e-11
5.48455e+14	7.88916e-11
5.50218e+14	7.8342e-11
5.51982e+14	7.78157e-11
5.53745e+14	7.72905e-11
5.55509e+14	7.67665e-11
5.57272e+14	7.62436e-11
5.59036e+14	7.5722e-11
5.60799e+14	7.52016e-11
5.62563e+14	7.46824e-11
5.64326e+14	7.41859e-11
5.6609e+14	7.3669e-11
5.67853e+14	7.31748e-11
5.69617e+14	7.26603e-11
5.7138e+14	7.21684e-11
5.73144e+14	7.16776e-11
5.74907e+14	7.11879e-11
5.76671e+14	7.06781e-11
5.78434e+14	7.02118e-11
5.80198e+14	6.97255e-11
5.81961e+14	6.92403e-11
5.83725e+14	6.87562e-11
5.85489e+14	6.82942e-11
5.87252e+14	6.78124e-11
5.89016e+14	6.73526e-11
5.90779e+14	6.68729e-11
5.92543e+14	6.64152e-11
5.94306e+14	6.59586e-11
5.9607e+14	6.5503e-11
5.97833e+14	6.50484e-11
5.99597e+14	6.45949e-11
6.0136e+14	6.41425e-11
6.03124e+14	6.36911e-11
6.04887e+14	6.32408e-11
6.06651e+14	6.2812e-11
6.08414e+14	6.23638e-11
6.10178e+14	6.19369e-11
6.11941e+14	6.14908e-11
6.13705e+14	6.1066e-11
6.15468e+14	6.06421e-11
6.17232e+14	6.02192e-11
6.18995e+14	5.97973e-11
6.20759e+14	5.93765e-11
6.22522e+14	5.89565e-11
6.24286e+14	5.85376e-11
6.26049e+14	5.81197e-11
6.27813e+14	5.77226e-11
6.29577e+14	5.73067e-11
6.3134e+14	5.69115e-11
6.33104e+14	5.64975e-11
6.34867e+14	5.61041e-11
6.36631e+14	5.57117e-11
6.38394e+14	5.53006e-11
6.40158e+14	5.49101e-11
6.41921e+14	5.45205e-11
6.43685e+14	5.41318e-11
6.45448e+14	5.3744e-11
6.47212e+14	5.33765e-11
6.48975e+14	5.29906e-11
6.50739e+14	5.26056e-11
6.52502e+14	5.22407e-11
6.54266e+14	5.18575e-11
6.56029e+14	5.14943e-11
6.57793e+14	5.1113e-11
6.59556e+14	5.07516e-11
6.6132e+14	5.0391e-11
6.63083e+14	5.00314e-11
6.64847e+14	4.96725e-11
6.6661e+14	4.93146e-11
6.68374e+14	4.89575e-11
6.70137e+14	4.86012e-11
6.71901e+14	4.82459e-11
6.73664e+14	4.791e-11
6.75428e+14	4.75563e-11
6.77192e+14	4.72035e-11
6.78955e+14	4.68701e-11
6.80719e+14	4.6519e-11
6.82482e+14	4.61872e-11
6.84246e+14	4.58562e-11
6.86009e+14	4.5526e-11
6.87773e+14	4.51966e-11
6.89536e+14	4.4868e-11
6.913e+14	4.45402e-11
6.93063e+14	4.42132e-11
6.94827e+14	4.3887e-11
6.9659e+14	4.35616e-11
6.98354e+14	4.3237e-11
7.00117e+14	4.29312e-11
7.01881e+14	4.26081e-11
7.03644e+14	4.23038e-11
7.05408e+14	4.19824e-11
7.07171e+14	4.16796e-11
7.08935e+14	4.13775e-11
7.10698e+14	4.10584e-11
7.12462e+14	4.07578e-11
7.14225e+14	4.0458e-11
7.15989e+14	4.01589e-11
7.17752e+14	3.98605e-11
7.19516e+14	3.95629e-11
7.2128e+14	3.92835e-11
7.23043e+14	3.89873e-11
7.24807e+14	3.86919e-11
7.2657e+14	3.84145e-11
7.28334e+14	3.81206e-11
7.30097e+14	3.78446e-11
7.31861e+14	3.75521e-11
7.33624e+14	3.72775e-11
7.35388e+14	3.70036e-11
7.37151e+14	3.67132e-11
7.38915e+14	3.64407e-11
7.40678e+14	3.61688e-11
7.42442e+14	3.58977e-11
7.44205e+14	3.56272e-11
7.45969e+14	3.53573e-11
7.47732e+14	3.5105e-11
7.49496e+14	3.48365e-11
7.51259e+14	3.45687e-11
7.53023e+14	3.43183e-11
7.54786e+14	3.40518e-11
7.5655e+14	3.38026e-11
7.58313e+14	3.35375e-11
7.60077e+14	3.32896e-11
7.6184e+14	3.30423e-11
7.63604e+14	3.27792e-11
7.65368e+14	3.25332e-11
7.67131e+14	3.22878e-11
7.68895e+14	3.2043e-11
7.70658e+14	3.17988e-11
7.72422e+14	3.15553e-11
7.74185e+14	3.13123e-11
7.75949e+14	3.107e-11
7.77712e+14	3.08445e-11
7.79476e+14	3.06034e-11
7.81239e+14	3.0363e-11
7.83003e+14	3.01391e-11
7.84766e+14	2.98999e-11
7.8653e+14	2.96772e-11
7.88293e+14	2.94551e-11
7.90057e+14	2.92177e-11
7.9182e+14	2.89967e-11
7.93584e+14	2.87762e-11
7.95347e+14	2.85564e-11
7.97111e+14	2.83371e-11
7.98874e+14	2.81183e-11
8.00638e+14	2.79002e-11
8.02401e+14	2.76826e-11
8.04165e+14	2.74655e-11
8.05928e+14	2.72491e-11
8.07692e+14	2.70486e-11
8.09456e+14	2.68332e-11
8.11219e+14	2.66184e-11
8.12983e+14	2.64195e-11
8.14746e+14	2.62211e-11
8.1651e+14	2.60079e-11
8.18273e+14	2.58105e-11
8.20037e+14	2.55985e-11
8.218e+14	2.54022e-11
8.23564e+14	2.52063e-11
8.25327e+14	2.5011e-11
8.27091e+14	2.48161e-11
8.28854e+14	2.46218e-11
8.30618e+14	2.4428e-11
8.32381e+14	2.42347e-11
8.34145e+14	2.40419e-11
8.35908e+14	2.38644e-11
8.37672e+14	2.36726e-11
8.39435e+14	2.34813e-11
8.41199e+14	2.33052e-11
8.42962e+14	2.31149e-11
8.44726e+14	2.29397e-11
8.46489e+14	2.27505e-11
8.48253e+14	2.25762e-11
8.50016e+14	2.24024e-11
8.5178e+14	2.22146e-11
8.53543e+14	2.20417e-11
8.55307e+14	2.18693e-11
8.57071e+14	2.16973e-11
8.58834e+14	2.15258e-11
8.60598e+14	2.13547e-11
8.62361e+14	2.11841e-11
8.64125e+14	2.1014e-11
8.65888e+14	2.08443e-11
8.67652e+14	2.06751e-11
8.69415e+14	2.05203e-11
8.71179e+14	2.0352e-11
8.72942e+14	2.01981e-11
8.74706e+14	2.00306e-11
8.76469e+14	1.98775e-11
8.78233e+14	1.97109e-11
8.79996e+14	1.95586e-11
8.8176e+14	1.9393e-11
8.83523e+14	1.92415e-11
8.85287e+14	1.90905e-11
8.8705e+14	1.89398e-11
8.88814e+14	1.87895e-11
8.90577e+14	1.86261e-11
8.92341e+14	1.84766e-11
8.94104e+14	1.83276e-11
8.95868e+14	1.81925e-11
8.97631e+14	1.80442e-11
8.99395e+14	1.78964e-11
9.01159e+14	1.7749e-11
9.02922e+14	1.76019e-11
9.04686e+14	1.74686e-11
9.06449e+14	1.73224e-11
9.08213e+14	1.71898e-11
9.09976e+14	1.70443e-11
9.1174e+14	1.69124e-11
9.13503e+14	1.67677e-11
9.15267e+14	1.66365e-11
9.1703e+14	1.65057e-11
9.18794e+14	1.63622e-11
9.20557e+14	1.62321e-11
9.22321e+14	1.61024e-11
9.24084e+14	1.5973e-11
9.25848e+14	1.58439e-11
9.27611e+14	1.57152e-11
9.29375e+14	1.55868e-11
9.31138e+14	1.54588e-11
9.32902e+14	1.53312e-11
9.34665e+14	1.52039e-11
9.36429e+14	1.50896e-11
9.38192e+14	1.4963e-11
9.39956e+14	1.48367e-11
9.41719e+14	1.47108e-11
9.43483e+14	1.45978e-11
9.45247e+14	1.44726e-11
9.4701e+14	1.43602e-11
9.48774e+14	1.42356e-11
9.50537e+14	1.41238e-11
9.52301e+14	1.40123e-11
9.54064e+14	1.38888e-11
9.55828e+14	1.37779e-11
9.57591e+14	1.36674e-11
9.59355e+14	1.35571e-11
9.61118e+14	1.34471e-11
9.62882e+14	1.33375e-11
9.64645e+14	1.32281e-11
9.66409e+14	1.3119e-11
9.68172e+14	1.30103e-11
9.69936e+14	1.29018e-11
9.71699e+14	1.27936e-11
9.73463e+14	1.26858e-11
9.75226e+14	1.25782e-11
9.7699e+14	1.24828e-11
9.78753e+14	1.23759e-11
9.80517e+14	1.22692e-11
9.8228e+14	1.21746e-11
9.84044e+14	1.20686e-11
9.85807e+14	1.19745e-11
9.87571e+14	1.1869e-11
9.89335e+14	1.17755e-11
9.91098e+14	1.16706e-11
9.92862e+14	1.15776e-11
9.94625e+14	1.14848e-11
9.96389e+14	1.13808e-11
9.98152e+14	1.12886e-11
9.99916e+14	1.11966e-11
1.00168e+15	1.11049e-11
1.00344e+15	1.10135e-11
1.00521e+15	1.09222e-11
1.00697e+15	1.08313e-11
1.00873e+15	1.07406e-11
1.0105e+15	1.06501e-11
1.01226e+15	1.05599e-11
1.01402e+15	1.047e-11
1.01579e+15	1.03803e-11
1.01755e+15	1.03021e-11
1.01931e+15	1.02129e-11
1.02108e+15	1.01239e-11
1.02284e+15	1.00463e-11
1.0246e+15	9.95789e-12
1.02637e+15	9.8697e-12
1.02813e+15	9.79275e-12
1.0299e+15	9.716e-12
1.03166e+15	9.62854e-12
1.03342e+15	9.55222e-12
1.03519e+15	9.46525e-12
1.03695e+15	9.38937e-12
1.03871e+15	9.3137e-12
1.04048e+15	9.22746e-12
1.04224e+15	9.15222e-12
1.044e+15	9.07719e-12
1.04577e+15	9.00236e-12
1.04753e+15	8.92774e-12
1.04929e+15	8.85333e-12
1.05106e+15	8.77912e-12
1.05282e+15	8.70513e-12
1.05458e+15	8.63134e-12
1.05635e+15	8.55776e-12
1.05811e+15	8.4844e-12
1.05988e+15	8.41124e-12
1.06164e+15	8.3383e-12
1.0634e+15	8.27594e-12
1.06517e+15	8.20339e-12
1.06693e+15	8.13105e-12
1.06869e+15	8.06922e-12
1.07046e+15	7.99728e-12
1.07222e+15	7.92556e-12
1.07398e+15	7.86425e-12
1.07575e+15	7.79293e-12
1.07751e+15	7.73197e-12
1.07927e+15	7.66105e-12
1.08104e+15	7.60043e-12
1.0828e+15	7.53998e-12
1.08456e+15	7.46965e-12
1.08633e+15	7.40955e-12
1.08809e+15	7.34961e-12
1.08986e+15	7.28983e-12
1.09162e+15	7.22029e-12
1.09338e+15	7.16086e-12
1.09515e+15	7.1016e-12
1.09691e+15	7.0425e-12
1.09867e+15	6.98357e-12
1.10044e+15	6.9248e-12
1.1022e+15	6.8662e-12
1.10396e+15	6.80777e-12
1.10573e+15	6.7495e-12
1.10749e+15	6.69139e-12
1.10925e+15	6.63346e-12
1.11102e+15	6.5757e-12
1.11278e+15	6.52769e-12
1.11454e+15	6.47023e-12
1.11631e+15	6.41294e-12
1.11807e+15	6.35583e-12
1.11983e+15	6.30457e-12
1.1216e+15	6.25156e-12
1.12336e+15	6.19869e-12
1.12513e+15	6.14598e-12
1.12689e+15	6.09342e-12
1.12865e+15	6.04194e-12
1.13042e+15	5.99061e-12
1.13218e+15	5.94036e-12
1.13394e+15	5.88932e-12
1.13571e+15	5.83935e-12
1.13747e+15	5.79044e-12
1.13923e+15	5.74076e-12
1.141e+15	5.69213e-12
1.14276e+15	5.64364e-12
1.14452e+15	5.5962e-12
1.14629e+15	5.54889e-12
1.14805e+15	5.50172e-12
1.14981e+15	5.45468e-12
1.15158e+15	5.40867e-12
1.15334e+15	5.3628e-12
1.15511e+15	5.31706e-12
1.15687e+15	5.27145e-12
1.15863e+15	5.22686e-12
1.1604e+15	5.18239e-12
1.16216e+15	5.13894e-12
1.16392e+15	5.09473e-12
1.16569e+15	5.05153e-12
1.16745e+15	5.00845e-12
1.16921e+15	4.96636e-12
1.17098e+15	4.9244e-12
1.17274e+15	4.88255e-12
1.1745e+15	4.84083e-12
1.17627e+15	4.79922e-12
1.17803e+15	4.7586e-12
1.17979e+15	4.71809e-12
1.18156e+15	4.67855e-12
1.18332e+15	4.63827e-12
1.18509e+15	4.59896e-12
1.18685e+15	4.55977e-12
1.18861e+15	4.52153e-12
1.19038e+15	4.48255e-12
1.19214e+15	4.44453e-12
1.1939e+15	4.40662e-12
1.19567e+15	4.36966e-12
1.19743e+15	4.3328e-12
1.19919e+15	4.29521e-12
1.20096e+15	4.25939e-12
1.20272e+15	4.22284e-12
1.20448e+15	4.18723e-12
1.20625e+15	4.15171e-12
1.20801e+15	4.1163e-12
1.20977e+15	4.08099e-12
1.21154e+15	4.0466e-12
1.2133e+15	4.0123e-12
1.21507e+15	3.9781e-12
1.21683e+15	3.944e-12
1.21859e+15	3.91081e-12
1.22036e+15	3.87771e-12
1.22212e+15	3.8447e-12
1.22388e+15	3.81179e-12
1.22565e+15	3.77977e-12
1.22741e+15	3.74784e-12
1.22917e+15	3.71601e-12
1.23094e+15	3.68426e-12
1.2327e+15	3.6526e-12
1.23446e+15	3.62183e-12
1.23623e+15	3.59114e-12
1.23799e+15	3.56053e-12
1.23975e+15	3.53002e-12
1.24152e+15	3.50037e-12
1.24328e+15	3.4708e-12
1.24504e+15	3.44132e-12
1.24681e+15	3.41192e-12
1.24857e+15	3.38338e-12
1.25034e+15	3.35415e-12
1.2521e+15	3.32577e-12
1.25386e+15	3.29747e-12
1.25563e+15	3.27001e-12
1.25739e+15	3.24187e-12
1.25915e+15	3.21457e-12
1.26092e+15	3.18735e-12
1.26268e+15	3.1602e-12
1.26444e+15	3.13313e-12
1.26621e+15	3.10688e-12
1.26797e+15	3.08071e-12
1.26973e+15	3.05462e-12
1.2715e+15	3.0286e-12
1.27326e+15	3.00265e-12
1.27502e+15	2.97751e-12
1.27679e+15	2.95245e-12
1.27855e+15	2.92746e-12
1.28032e+15	2.90253e-12
1.28208e+15	2.87768e-12
1.28384e+15	2.85363e-12
1.28561e+15	2.82964e-12
1.28737e+15	2.80573e-12
1.28913e+15	2.78188e-12
1.2909e+15	2.75809e-12
1.29266e+15	2.7351e-12
1.29442e+15	2.71145e-12
1.29619e+15	2.68859e-12
1.29795e+15	2.66578e-12
1.29971e+15	2.64376e-12
1.30148e+15	2.62109e-12
1.30324e+15	2.59918e-12
1.305e+15	2.57734e-12
1.30677e+15	2.55556e-12
1.30853e+15	2.53385e-12
1.3103e+15	2.51219e-12
1.31206e+15	2.49129e-12
1.31382e+15	2.46976e-12
1.31559e+15	2.44898e-12
1.31735e+15	2.42826e-12
1.31911e+15	2.40828e-12
1.32088e+15	2.38768e-12
1.32264e+15	2.36782e-12
1.3244e+15	2.34733e-12
1.32617e+15	2.32758e-12
1.32793e+15	2.30789e-12
1.32969e+15	2.28892e-12
1.33146e+15	2.26934e-12
1.33322e+15	2.25049e-12
1.33498e+15	2.23168e-12
1.33675e+15	2.21226e-12
1.33851e+15	2.19424e-12
1.34027e+15	2.17559e-12
1.34204e+15	2.157e-12
1.3438e+15	2.13912e-12
1.34557e+15	2.1213e-12
1.34733e+15	2.10286e-12
1.34909e+15	2.08579e-12
1.35086e+15	2.06812e-12
1.35262e+15	2.05049e-12
1.35438e+15	2.03356e-12
1.35615e+15	2.01604e-12
1.35791e+15	1.9992e-12
1.35967e+15	1.98242e-12
1.36144e+15	1.96568e-12
1.3632e+15	1.94964e-12
1.36496e+15	1.93299e-12
1.36673e+15	1.91703e-12
1.36849e+15	1.90048e-12
1.37025e+15	1.88462e-12
1.37202e+15	1.86879e-12
1.37378e+15	1.85301e-12
1.37555e+15	1.83791e-12
1.37731e+15	1.82222e-12
1.37907e+15	1.80719e-12
1.38084e+15	1.79221e-12
1.3826e+15	1.77665e-12
1.38436e+15	1.76238e-12
1.38613e+15	1.74752e-12
1.38789e+15	1.73271e-12
1.38965e+15	1.71794e-12
1.39142e+15	1.70382e-12
1.39318e+15	1.68975e-12
1.39494e+15	1.67571e-12
1.39671e+15	1.66171e-12
1.39847e+15	1.64775e-12
1.40023e+15	1.63383e-12
1.402e+15	1.61995e-12
1.40376e+15	1.60671e-12
1.40553e+15	1.5935e-12
1.40729e+15	1.57974e-12
1.40905e+15	1.56661e-12
1.41082e+15	1.55352e-12
1.41258e+15	1.54046e-12
1.41434e+15	1.52803e-12
1.41611e+15	1.51505e-12
1.41787e+15	1.50269e-12
1.41963e+15	1.48978e-12
1.4214e+15	1.47749e-12
1.42316e+15	1.46523e-12
1.42492e+15	1.45301e-12
1.42669e+15	1.44082e-12
1.42845e+15	1.42924e-12
1.43021e+15	1.41712e-12
1.43198e+15	1.40561e-12
1.43374e+15	1.39356e-12
1.4355e+15	1.38211e-12
1.43727e+15	1.37069e-12
1.43903e+15	1.35931e-12
1.4408e+15	1.34795e-12
1.44256e+15	1.33663e-12
1.44432e+15	1.32591e-12
1.44609e+15	1.31465e-12
1.44785e+15	1.30398e-12
1.44961e+15	1.29279e-12
1.45138e+15	1.28218e-12
1.45314e+15	1.2716e-12
1.4549e+15	1.26106e-12
1.45667e+15	1.25054e-12
1.45843e+15	1.2406e-12
1.46019e+15	1.23014e-12
1.46196e+15	1.21971e-12
1.46372e+15	1.20985e-12
1.46548e+15	1.20002e-12
1.46725e+15	1.18968e-12
1.46901e+15	1.1799e-12
1.47078e+15	1.17016e-12
1.47254e+15	1.16044e-12
1.4743e+15	1.15128e-12
1.47607e+15	1.14161e-12
1.47783e+15	1.13197e-12
1.47959e+15	1.12289e-12
1.48136e+15	1.11384e-12
1.48312e+15	1.10428e-12
1.48488e+15	1.09527e-12
1.48665e+15	1.08629e-12
1.48841e+15	1.07734e-12
1.49017e+15	1.06841e-12
1.49194e+15	1.0595e-12
1.4937e+15	1.05114e-12
1.49546e+15	1.04229e-12
1.49723e+15	1.03397e-12
1.49899e+15	1.02517e-12
1.50076e+15	1.0169e-12
1.50252e+15	1.00865e-12
1.50428e+15	1.00043e-12
1.50605e+15	9.9223e-13
1.50781e+15	9.84052e-13
1.50957e+15	9.75897e-13
1.51134e+15	9.67764e-13
1.5131e+15	9.59655e-13
1.51486e+15	9.52073e-13
1.51663e+15	9.44007e-13
1.51839e+15	9.36466e-13
1.52015e+15	9.28946e-13
1.52192e+15	9.21446e-13
1.52368e+15	9.13468e-13
1.52544e+15	9.0601e-13
1.52721e+15	8.99067e-13
1.52897e+15	8.91648e-13
1.53074e+15	8.8425e-13
1.5325e+15	8.76873e-13
1.53426e+15	8.70005e-13
1.53603e+15	8.62668e-13
1.53779e+15	8.55838e-13
1.53955e+15	8.4854e-13
1.54132e+15	8.41748e-13
1.54308e+15	8.34974e-13
1.54484e+15	8.28219e-13
1.54661e+15	8.21481e-13
1.54837e+15	8.14762e-13
1.55013e+15	8.08062e-13
1.5519e+15	8.0138e-13
1.55366e+15	7.95191e-13
1.55542e+15	7.88545e-13
1.55719e+15	7.81917e-13
1.55895e+15	7.7578e-13
1.56071e+15	7.69658e-13
1.56248e+15	7.63084e-13
1.56424e+15	7.56996e-13
1.56601e+15	7.50925e-13
1.56777e+15	7.44869e-13
1.56953e+15	7.38831e-13
1.5713e+15	7.32808e-13
1.57306e+15	7.26802e-13
1.57482e+15	7.20813e-13
1.57659e+15	7.15299e-13
1.57835e+15	7.09341e-13
1.58011e+15	7.03856e-13
1.58188e+15	6.97931e-13
1.58364e+15	6.92476e-13
1.5854e+15	6.86583e-13
1.58717e+15	6.81157e-13
1.58893e+15	6.75747e-13
1.59069e+15	6.7035e-13
1.59246e+15	6.64968e-13
1.59422e+15	6.59601e-13
1.59599e+15	6.54248e-13
1.59775e+15	6.4891e-13
1.59951e+15	6.43586e-13
1.60128e+15	6.38277e-13
1.60304e+15	6.33423e-13
1.6048e+15	6.28142e-13
1.60657e+15	6.23314e-13
1.60833e+15	6.18061e-13
1.61009e+15	6.1326e-13
1.61186e+15	6.0847e-13
1.61362e+15	6.0326e-13
1.61538e+15	5.98497e-13
1.61715e+15	5.93746e-13
1.61891e+15	5.89008e-13
1.62067e+15	5.84283e-13
1.62244e+15	5.7957e-13
1.6242e+15	5.74871e-13
1.62597e+15	5.70184e-13
1.62773e+15	5.65934e-13
1.62949e+15	5.61271e-13
1.63126e+15	5.56622e-13
1.63302e+15	5.52406e-13
1.63478e+15	5.47781e-13
1.63655e+15	5.43588e-13
1.63831e+15	5.39405e-13
1.64007e+15	5.34817e-13
1.64184e+15	5.30657e-13
1.6436e+15	5.26508e-13
1.64536e+15	5.2237e-13
1.64713e+15	5.18243e-13
1.64889e+15	5.14126e-13
1.65065e+15	5.10021e-13
1.65242e+15	5.05927e-13
1.65418e+15	5.01843e-13
1.65594e+15	4.97771e-13
1.65771e+15	4.9371e-13
1.65947e+15	4.90064e-13
1.66124e+15	4.86024e-13
1.663e+15	4.81995e-13
1.66476e+15	4.78379e-13
1.66653e+15	4.74371e-13
1.66829e+15	4.70774e-13
1.67005e+15	4.67186e-13
1.67182e+15	4.6321e-13
1.67358e+15	4.59641e-13
1.67534e+15	4.56082e-13
1.67711e+15	4.52531e-13
1.67887e+15	4.4899e-13
1.68063e+15	4.45458e-13
1.6824e+15	4.41936e-13
1.68416e+15	4.38423e-13
1.68592e+15	4.34919e-13
1.68769e+15	4.31425e-13
1.68945e+15	4.2794e-13
1.69122e+15	4.24464e-13
1.69298e+15	4.21383e-13
1.69474e+15	4.17925e-13
1.69651e+15	4.14477e-13
1.69827e+15	4.1142e-13
1.70003e+15	4.0799e-13
1.7018e+15	4.04949e-13
1.70356e+15	4.01916e-13
1.70532e+15	3.98513e-13
1.70709e+15	3.95495e-13
1.70885e+15	3.92486e-13
1.71061e+15	3.89109e-13
1.71238e+15	3.86116e-13
1.71414e+15	3.83131e-13
1.7159e+15	3.80153e-13
1.71767e+15	3.77183e-13
1.71943e+15	3.74221e-13
1.7212e+15	3.71267e-13
1.72296e+15	3.6832e-13
1.72472e+15	3.65381e-13
1.72649e+15	3.62817e-13
1.72825e+15	3.59893e-13
1.73001e+15	3.56977e-13
1.73178e+15	3.54068e-13
1.73354e+15	3.5153e-13
1.7353e+15	3.48637e-13
1.73707e+15	3.46112e-13
1.73883e+15	3.43234e-13
1.74059e+15	3.40722e-13
1.74236e+15	3.37859e-13
1.74412e+15	3.3536e-13
1.74588e+15	3.32867e-13
1.74765e+15	3.30026e-13
1.74941e+15	3.27547e-13
1.75117e+15	3.25074e-13
1.75294e+15	3.22608e-13
1.7547e+15	3.20147e-13
1.75647e+15	3.17343e-13
1.75823e+15	3.14896e-13
1.75999e+15	3.12456e-13
1.76176e+15	3.10021e-13
1.76352e+15	3.07593e-13
1.76528e+15	3.05517e-13
1.76705e+15	3.03101e-13
1.76881e+15	3.00692e-13
1.77057e+15	2.98288e-13
1.77234e+15	2.95892e-13
1.7741e+15	2.93842e-13
1.77586e+15	2.91458e-13
1.77763e+15	2.89079e-13
1.77939e+15	2.87046e-13
1.78115e+15	2.8468e-13
1.78292e+15	2.82657e-13
1.78468e+15	2.80303e-13
1.78645e+15	2.7829e-13
1.78821e+15	2.75948e-13
1.78997e+15	2.73946e-13
1.79174e+15	2.71949e-13
1.7935e+15	2.69625e-13
1.79526e+15	2.67639e-13
1.79703e+15	2.65657e-13
1.79879e+15	2.6368e-13
1.80055e+15	2.61708e-13
1.80232e+15	2.59414e-13
1.80408e+15	2.57453e-13
1.80584e+15	2.55497e-13
1.80761e+15	2.53546e-13
1.80937e+15	2.51599e-13
1.81113e+15	2.49658e-13
1.8129e+15	2.47722e-13
1.81466e+15	2.45791e-13
1.81643e+15	2.44185e-13
1.81819e+15	2.42264e-13
1.81995e+15	2.40347e-13
1.82172e+15	2.38435e-13
1.82348e+15	2.36528e-13
1.82524e+15	2.34943e-13
1.82701e+15	2.33046e-13
1.82877e+15	2.31154e-13
1.83053e+15	2.29581e-13
1.8323e+15	2.27699e-13
1.83406e+15	2.26134e-13
1.83582e+15	2.24261e-13
1.83759e+15	2.22704e-13
1.83935e+15	2.2084e-13
1.84111e+15	2.19291e-13
1.84288e+15	2.17437e-13
1.84464e+15	2.15896e-13
1.84641e+15	2.14358e-13
1.84817e+15	2.12518e-13
1.84993e+15	2.10989e-13
1.8517e+15	2.09464e-13
1.85346e+15	2.07942e-13
1.85522e+15	2.0612e-13
1.85699e+15	2.04607e-13
1.85875e+15	2.03097e-13
1.86051e+15	2.0159e-13
1.86228e+15	2.00088e-13
1.86404e+15	1.98559e-13
1.8658e+15	1.97064e-13
1.86757e+15	1.95573e-13
1.86933e+15	1.94115e-13
1.87109e+15	1.92632e-13
1.87286e+15	1.91181e-13
1.87462e+15	1.89735e-13
1.87638e+15	1.88321e-13
1.87815e+15	1.86882e-13
1.87991e+15	1.85475e-13
1.88168e+15	1.84072e-13
1.88344e+15	1.82702e-13
1.8852e+15	1.81335e-13
1.88697e+15	1.79972e-13
1.88873e+15	1.78612e-13
1.89049e+15	1.77255e-13
1.89226e+15	1.75931e-13
1.89402e+15	1.7461e-13
1.89578e+15	1.73292e-13
1.89755e+15	1.72007e-13
1.89931e+15	1.70696e-13
1.90107e+15	1.69445e-13
1.90284e+15	1.68169e-13
1.9046e+15	1.66896e-13
1.90636e+15	1.65654e-13
1.90813e+15	1.64416e-13
1.90989e+15	1.6318e-13
1.91166e+15	1.61976e-13
1.91342e+15	1.60747e-13
1.91518e+15	1.59548e-13
1.91695e+15	1.58353e-13
1.91871e+15	1.57189e-13
1.92047e+15	1.55999e-13
1.92224e+15	1.54841e-13
1.924e+15	1.53685e-13
1.92576e+15	1.52559e-13
1.92753e+15	1.51409e-13
1.92929e+15	1.50289e-13
1.93105e+15	1.49172e-13
1.93282e+15	1.48057e-13
1.93458e+15	1.46946e-13
1.93634e+15	1.45864e-13
1.93811e+15	1.44785e-13
1.93987e+15	1.43708e-13
1.94164e+15	1.42635e-13
1.9434e+15	1.4159e-13
1.94516e+15	1.40548e-13
1.94693e+15	1.39483e-13
1.94869e+15	1.38473e-13
1.95045e+15	1.37439e-13
1.95222e+15	1.36407e-13
1.95398e+15	1.35405e-13
1.95574e+15	1.34404e-13
1.95751e+15	1.33407e-13
1.95927e+15	1.32438e-13
1.96103e+15	1.31445e-13
1.9628e+15	1.30481e-13
1.96456e+15	1.29519e-13
1.96632e+15	1.2856e-13
1.96809e+15	1.27629e-13
1.96985e+15	1.26674e-13
1.97161e+15	1.25747e-13
1.97338e+15	1.24823e-13
1.97514e+15	1.23901e-13
1.97691e+15	1.22981e-13
1.97867e+15	1.22089e-13
1.98043e+15	1.21199e-13
1.9822e+15	1.20286e-13
1.98396e+15	1.19401e-13
1.98572e+15	1.18542e-13
1.98749e+15	1.17661e-13
1.98925e+15	1.16807e-13
1.99101e+15	1.15956e-13
1.99278e+15	1.15106e-13
1.99454e+15	1.14258e-13
1.9963e+15	1.13413e-13
1.99807e+15	1.12594e-13
1.99983e+15	1.11777e-13
2.00159e+15	1.10938e-13
2.00336e+15	1.10125e-13
2.00512e+15	1.09339e-13
2.00689e+15	1.0853e-13
2.00865e+15	1.07748e-13
2.01041e+15	1.06968e-13
2.01218e+15	1.06189e-13
2.01394e+15	1.05412e-13
2.0157e+15	1.04638e-13
2.01747e+15	1.03865e-13
2.01923e+15	1.03118e-13
2.02099e+15	1.02373e-13
2.02276e+15	1.0163e-13
2.02452e+15	1.00888e-13
2.02628e+15	1.00149e-13
2.02805e+15	9.94346e-14
2.02981e+15	9.86985e-14
2.03157e+15	9.79879e-14
2.03334e+15	9.72791e-14
2.0351e+15	9.6572e-14
2.03687e+15	9.58665e-14
2.03863e+15	9.51863e-14
2.04039e+15	9.44843e-14
2.04216e+15	9.38073e-14
2.04392e+15	9.31319e-14
2.04568e+15	9.24582e-14
2.04745e+15	9.17861e-14
2.04921e+15	9.11157e-14
2.05097e+15	9.04699e-14
2.05274e+15	8.98027e-14
2.0545e+15	8.916e-14
2.05626e+15	8.85189e-14
2.05803e+15	8.78794e-14
2.05979e+15	8.72414e-14
2.06155e+15	8.66276e-14
2.06332e+15	8.59926e-14
2.06508e+15	8.53818e-14
2.06684e+15	8.47725e-14
2.06861e+15	8.41646e-14
2.07037e+15	8.35581e-14
2.07214e+15	8.29531e-14
2.0739e+15	8.2372e-14
2.07566e+15	8.17699e-14
2.07743e+15	8.11915e-14
2.07919e+15	8.05923e-14
2.08095e+15	8.00167e-14
2.08272e+15	7.94424e-14
2.08448e+15	7.88916e-14
2.08624e+15	7.83201e-14
2.08801e+15	7.77499e-14
2.08977e+15	7.7203e-14
2.09153e+15	7.66574e-14
2.0933e+15	7.60914e-14
2.09506e+15	7.55484e-14
2.09682e+15	7.50284e-14
2.09859e+15	7.4488e-14
2.10035e+15	7.39489e-14
2.10212e+15	7.34325e-14
2.10388e+15	7.2896e-14
2.10564e+15	7.23821e-14
2.10741e+15	7.18695e-14
2.10917e+15	7.13581e-14
2.11093e+15	7.08479e-14
2.1127e+15	7.03389e-14
2.11446e+15	6.98523e-14
2.11622e+15	6.93457e-14
2.11799e+15	6.88614e-14
2.11975e+15	6.83782e-14
2.12151e+15	6.78752e-14
2.12328e+15	6.73943e-14
2.12504e+15	6.69354e-14
2.1268e+15	6.64568e-14
2.12857e+15	6.59793e-14
2.13033e+15	6.55237e-14
2.1321e+15	6.50484e-14
2.13386e+15	6.45949e-14
2.13562e+15	6.41425e-14
2.13739e+15	6.36911e-14
2.13915e+15	6.32408e-14
2.14091e+15	6.27916e-14
2.14268e+15	6.23434e-14
2.14444e+15	6.19166e-14
2.1462e+15	6.14706e-14
2.14797e+15	6.10458e-14
2.14973e+15	6.06018e-14
2.15149e+15	6.0179e-14
2.15326e+15	5.97572e-14
2.15502e+15	5.93364e-14
2.15678e+15	5.89166e-14
2.15855e+15	5.84978e-14
2.16031e+15	5.80999e-14
2.16208e+15	5.7683e-14
2.16384e+15	5.72869e-14
2.1656e+15	5.68917e-14
2.16737e+15	5.64778e-14
2.16913e+15	5.60845e-14
2.17089e+15	5.56921e-14
2.17266e+15	5.53006e-14
2.17442e+15	5.49101e-14
2.17618e+15	5.45399e-14
2.17795e+15	5.41512e-14
2.17971e+15	5.37828e-14
2.18147e+15	5.33958e-14
2.18324e+15	5.30291e-14
2.185e+15	5.26633e-14
2.18676e+15	5.22982e-14
2.18853e+15	5.1934e-14
2.19029e+15	5.15707e-14
2.19205e+15	5.12082e-14
2.19382e+15	5.08466e-14
2.19558e+15	5.05048e-14
2.19735e+15	5.01448e-14
2.19911e+15	4.98046e-14
2.20087e+15	4.94463e-14
2.20264e+15	4.91077e-14
2.2044e+15	4.87699e-14
2.20616e+15	4.84328e-14
2.20793e+15	4.80965e-14
2.20969e+15	4.7761e-14
2.21145e+15	4.74263e-14
2.21322e+15	4.71108e-14
2.21498e+15	4.67776e-14
2.21674e+15	4.64452e-14
2.21851e+15	4.6132e-14
2.22027e+15	4.58195e-14
2.22203e+15	4.54894e-14
2.2238e+15	4.51783e-14
2.22556e+15	4.4868e-14
2.22733e+15	4.45584e-14
2.22909e+15	4.42495e-14
2.23085e+15	4.39413e-14
2.23262e+15	4.36519e-14
2.23438e+15	4.33451e-14
2.23614e+15	4.3057e-14
2.23791e+15	4.27516e-14
2.23967e+15	4.24648e-14
2.24143e+15	4.21609e-14
2.2432e+15	4.18754e-14
2.24496e+15	4.15906e-14
2.24672e+15	4.13065e-14
2.24849e+15	4.1023e-14
2.25025e+15	4.07402e-14
2.25201e+15	4.0458e-14
2.25378e+15	4.01765e-14
2.25554e+15	3.99131e-14
2.25731e+15	3.96329e-14
2.25907e+15	3.93707e-14
2.26083e+15	3.90918e-14
2.2626e+15	3.88308e-14
2.26436e+15	3.85705e-14
2.26612e+15	3.83107e-14
2.26789e+15	3.80343e-14
2.26965e+15	3.77757e-14
2.27141e+15	3.75177e-14
2.27318e+15	3.72603e-14
2.27494e+15	3.70207e-14
2.2767e+15	3.67644e-14
2.27847e+15	3.65088e-14
2.28023e+15	3.62707e-14
2.28199e+15	3.60162e-14
2.28376e+15	3.57792e-14
2.28552e+15	3.55259e-14
2.28728e+15	3.529e-14
2.28905e+15	3.50546e-14
2.29081e+15	3.48198e-14
2.29258e+15	3.45687e-14
2.29434e+15	3.4335e-14
2.2961e+15	3.41184e-14
2.29787e+15	3.38856e-14
2.29963e+15	3.36534e-14
2.30139e+15	3.34218e-14
2.30316e+15	3.31906e-14
2.30492e+15	3.29765e-14
2.30668e+15	3.27464e-14
2.30845e+15	3.25332e-14
2.31021e+15	3.23041e-14
2.31197e+15	3.20919e-14
2.31374e+15	3.18801e-14
2.3155e+15	3.16688e-14
2.31726e+15	3.14418e-14
2.31903e+15	3.12315e-14
2.32079e+15	3.10217e-14
2.32256e+15	3.08123e-14
2.32432e+15	3.06034e-14
2.32608e+15	3.0411e-14
2.32785e+15	3.0203e-14
2.32961e+15	2.99955e-14
2.33137e+15	2.97885e-14
2.33314e+15	2.95978e-14
2.3349e+15	2.93917e-14
2.33666e+15	2.92019e-14
2.33843e+15	2.89967e-14
2.34019e+15	2.88077e-14
2.34195e+15	2.86191e-14
2.34372e+15	2.8431e-14
2.34548e+15	2.82433e-14
2.34724e+15	2.80404e-14
2.34901e+15	2.78535e-14
2.35077e+15	2.7667e-14
2.35254e+15	2.7481e-14
2.3543e+15	2.73109e-14
2.35606e+15	2.71256e-14
2.35783e+15	2.69408e-14
2.35959e+15	2.67564e-14
2.36135e+15	2.65878e-14
2.36312e+15	2.64042e-14
2.36488e+15	2.62363e-14
2.36664e+15	2.60535e-14
2.36841e+15	2.58864e-14
2.37017e+15	2.57044e-14
2.37193e+15	2.5538e-14
2.3737e+15	2.5372e-14
2.37546e+15	2.52063e-14
2.37722e+15	2.5041e-14
2.37899e+15	2.48611e-14
2.38075e+15	2.46965e-14
2.38251e+15	2.45323e-14
2.38428e+15	2.43834e-14
2.38604e+15	2.42199e-14
2.38781e+15	2.40567e-14
2.38957e+15	2.3894e-14
2.39133e+15	2.37316e-14
2.3931e+15	2.35843e-14
2.39486e+15	2.34226e-14
2.39662e+15	2.32759e-14
2.39839e+15	2.31149e-14
2.40015e+15	2.29689e-14
2.40191e+15	2.28086e-14
2.40368e+15	2.26633e-14
2.40544e+15	2.25037e-14
2.4072e+15	2.2359e-14
2.40897e+15	2.22146e-14
2.41073e+15	2.20705e-14
2.41249e+15	2.19267e-14
2.41426e+15	2.17833e-14
2.41602e+15	2.16401e-14
2.41779e+15	2.14973e-14
2.41955e+15	2.13547e-14
2.42131e+15	2.12125e-14
2.42308e+15	2.10706e-14
2.42484e+15	2.09291e-14
2.4266e+15	2.07878e-14
2.42837e+15	2.0661e-14
2.43013e+15	2.05203e-14
2.43189e+15	2.0394e-14
2.43366e+15	2.0254e-14
2.43542e+15	2.01282e-14
2.43718e+15	1.99888e-14
2.43895e+15	1.98636e-14
2.44071e+15	1.97248e-14
2.44247e+15	1.96001e-14
2.44424e+15	1.94757e-14
2.446e+15	1.93516e-14
2.44777e+15	1.9214e-14
2.44953e+15	1.90905e-14
2.45129e+15	1.89672e-14
2.45306e+15	1.88441e-14
2.45482e+15	1.87214e-14
2.45658e+15	1.85989e-14
2.45835e+15	1.84766e-14
2.46011e+15	1.83547e-14
2.46187e+15	1.82465e-14
2.46364e+15	1.81251e-14
2.4654e+15	1.80039e-14
2.46716e+15	1.7883e-14
2.46893e+15	1.77757e-14
2.47069e+15	1.76553e-14
2.47245e+15	1.75486e-14
2.47422e+15	1.74287e-14
2.47598e+15	1.73224e-14
2.47775e+15	1.7203e-14
2.47951e+15	1.70971e-14
2.48127e+15	1.69915e-14
2.48304e+15	1.68729e-14
2.4848e+15	1.67677e-14
2.48656e+15	1.66627e-14
2.48833e+15	1.6558e-14
2.49009e+15	1.64535e-14
2.49185e+15	1.63492e-14
2.49362e+15	1.62451e-14
2.49538e+15	1.61412e-14
2.49714e+15	1.60376e-14
2.49891e+15	1.59342e-14
2.50067e+15	1.5831e-14
2.50243e+15	1.5728e-14
2.5042e+15	1.56381e-14
2.50596e+15	1.55356e-14
2.50772e+15	1.54333e-14
2.50949e+15	1.53439e-14
2.51125e+15	1.5242e-14
2.51302e+15	1.51531e-14
2.51478e+15	1.50516e-14
2.51654e+15	1.4963e-14
2.51831e+15	1.48619e-14
2.52007e+15	1.47737e-14
2.52183e+15	1.46857e-14
2.5236e+15	1.45852e-14
2.52536e+15	1.44976e-14
2.52712e+15	1.44101e-14
2.52889e+15	1.43228e-14
2.53065e+15	1.42356e-14
2.53241e+15	1.41486e-14
2.53418e+15	1.40619e-14
2.53594e+15	1.39752e-14
2.5377e+15	1.38888e-14
2.53947e+15	1.38026e-14
2.54123e+15	1.37165e-14
2.543e+15	1.36429e-14
2.54476e+15	1.35571e-14
2.54652e+15	1.34716e-14
2.54829e+15	1.33862e-14
2.55005e+15	1.33131e-14
2.55181e+15	1.32281e-14
2.55358e+15	1.31553e-14
2.55534e+15	1.30827e-14
2.5571e+15	1.29982e-14
2.55887e+15	1.29259e-14
2.56063e+15	1.28537e-14
2.56239e+15	1.27816e-14
2.56416e+15	1.27097e-14
2.56592e+15	1.26379e-14
2.56768e+15	1.25663e-14
2.56945e+15	1.24948e-14
2.57121e+15	1.24234e-14
2.57298e+15	1.23521e-14
2.57474e+15	1.2281e-14
2.5765e+15	1.22101e-14
2.57827e+15	1.21392e-14
2.58003e+15	1.20803e-14
2.58179e+15	1.20097e-14
2.58356e+15	1.19393e-14
2.58532e+15	1.1869e-14
2.58708e+15	1.17988e-14
2.58885e+15	1.17288e-14
2.59061e+15	1.16589e-14
2.59237e+15	1.16008e-14
2.59414e+15	1.15312e-14
2.5959e+15	1.14617e-14
2.59766e+15	1.13923e-14
2.59943e+15	1.13347e-14
2.60119e+15	1.12656e-14
2.60295e+15	1.11966e-14
2.60472e+15	1.11393e-14
2.60648e+15	1.10706e-14
2.60825e+15	1.1002e-14
2.61001e+15	1.0945e-14
2.61177e+15	1.08767e-14
2.61354e+15	1.08086e-14
2.6153e+15	1.07519e-14
2.61706e+15	1.0684e-14
2.61883e+15	1.06276e-14
2.62059e+15	1.05599e-14
2.62235e+15	1.04925e-14
2.62412e+15	1.04364e-14
2.62588e+15	1.03691e-14
2.62764e+15	1.03132e-14
2.62941e+15	1.02463e-14
2.63117e+15	1.01906e-14
2.63293e+15	1.01239e-14
2.6347e+15	1.00685e-14
2.63646e+15	1.00131e-14
2.63823e+15	9.94685e-15
2.63999e+15	9.89172e-15
2.64175e+15	9.82571e-15
2.64352e+15	9.7708e-15
2.64528e+15	9.716e-15
2.64704e+15	9.65038e-15
2.64881e+15	9.59581e-15
2.65057e+15	9.54134e-15
2.65233e+15	9.47611e-15
2.6541e+15	9.42187e-15
2.65586e+15	9.36773e-15
2.65762e+15	9.3137e-15
2.65939e+15	9.24899e-15
2.66115e+15	9.19519e-15
2.66291e+15	9.14149e-15
2.66468e+15	9.08789e-15
2.66644e+15	9.02372e-15
2.66821e+15	8.97036e-15
2.66997e+15	8.9171e-15
2.67173e+15	8.86395e-15
2.6735e+15	8.8109e-15
2.67526e+15	8.75796e-15
2.67702e+15	8.70513e-15
2.67879e+15	8.64187e-15
2.68055e+15	8.58927e-15
2.68231e+15	8.53678e-15
2.68408e+15	8.4844e-15
2.68584e+15	8.43212e-15
2.6876e+15	8.37995e-15
2.68937e+15	8.32789e-15
2.69113e+15	8.27594e-15
2.69289e+15	8.2241e-15
2.69466e+15	8.17236e-15
2.69642e+15	8.12074e-15
2.69819e+15	8.06922e-15
2.69995e+15	8.01781e-15
2.70171e+15	7.96652e-15
2.70348e+15	7.91533e-15
2.70524e+15	7.87446e-15
2.707e+15	7.82347e-15
2.70877e+15	7.77259e-15
2.71053e+15	7.72182e-15
2.71229e+15	7.67117e-15
2.71406e+15	7.62062e-15
2.71582e+15	7.57019e-15
2.71758e+15	7.52992e-15
2.71935e+15	7.47969e-15
2.72111e+15	7.42956e-15
2.72287e+15	7.37956e-15
2.72464e+15	7.32966e-15
2.7264e+15	7.28983e-15
2.72816e+15	7.24013e-15
2.72993e+15	7.19056e-15
2.73169e+15	7.15097e-15
2.73346e+15	7.1016e-15
2.73522e+15	7.05234e-15
2.73698e+15	7.0032e-15
2.73875e+15	6.96396e-15
2.74051e+15	6.91502e-15
2.74227e+15	6.87596e-15
2.74404e+15	6.82723e-15
2.7458e+15	6.77861e-15
2.74756e+15	6.7398e-15
2.74933e+15	6.69139e-15
2.75109e+15	6.65275e-15
2.75285e+15	6.60456e-15
2.75462e+15	6.55648e-15
2.75638e+15	6.5181e-15
2.75814e+15	6.47023e-15
2.75991e+15	6.43202e-15
2.76167e+15	6.38436e-15
2.76344e+15	6.34632e-15
2.7652e+15	6.30267e-15
2.76696e+15	6.26007e-15
2.76873e+15	6.2185e-15
2.77049e+15	6.17609e-15
2.77225e+15	6.13471e-15
2.77402e+15	6.09342e-15
2.77578e+15	6.05223e-15
2.77754e+15	6.01113e-15
2.77931e+15	5.97012e-15
2.78107e+15	5.92921e-15
2.78283e+15	5.88932e-15
2.7846e+15	5.84859e-15
2.78636e+15	5.80888e-15
2.78812e+15	5.76926e-15
2.78989e+15	5.72973e-15
2.79165e+15	5.69029e-15
2.79342e+15	5.65095e-15
2.79518e+15	5.61169e-15
2.79694e+15	5.57344e-15
2.79871e+15	5.53436e-15
2.80047e+15	5.49628e-15
2.80223e+15	5.45829e-15
2.804e+15	5.41949e-15
2.80576e+15	5.38168e-15
2.80752e+15	5.34485e-15
2.80929e+15	5.30721e-15
2.81105e+15	5.26966e-15
2.81281e+15	5.23309e-15
2.81458e+15	5.19572e-15
2.81634e+15	5.15932e-15
2.8181e+15	5.12301e-15
2.81987e+15	5.0859e-15
2.82163e+15	5.04977e-15
2.82339e+15	5.01459e-15
2.82516e+15	4.97862e-15
2.82692e+15	4.94274e-15
2.82869e+15	4.90782e-15
2.83045e+15	4.87211e-15
2.83221e+15	4.83736e-15
2.83398e+15	4.80268e-15
2.83574e+15	4.76809e-15
2.8375e+15	4.73359e-15
2.83927e+15	4.69917e-15
2.84103e+15	4.66483e-15
2.84279e+15	4.63057e-15
2.84456e+15	4.59726e-15
2.84632e+15	4.56402e-15
2.84808e+15	4.53002e-15
2.84985e+15	4.49694e-15
2.85161e+15	4.46395e-15
2.85337e+15	4.43104e-15
2.85514e+15	4.39821e-15
2.8569e+15	4.36546e-15
2.85867e+15	4.33363e-15
2.86043e+15	4.30105e-15
2.86219e+15	4.26937e-15
2.86396e+15	4.23778e-15
2.86572e+15	4.20544e-15
2.86748e+15	4.174e-15
2.86925e+15	4.14264e-15
2.87101e+15	4.11137e-15
2.87277e+15	4.08099e-15
2.87454e+15	4.04987e-15
2.8763e+15	4.01883e-15
2.87806e+15	3.98868e-15
2.87983e+15	3.95779e-15
2.88159e+15	3.9278e-15
2.88335e+15	3.89788e-15
2.88512e+15	3.86804e-15
2.88688e+15	3.83827e-15
2.88865e+15	3.80858e-15
2.89041e+15	3.77977e-15
2.89217e+15	3.75024e-15
2.89394e+15	3.72157e-15
2.8957e+15	3.69219e-15
2.89746e+15	3.66367e-15
2.89923e+15	3.63523e-15
2.90099e+15	3.60686e-15
2.90275e+15	3.57857e-15
2.90452e+15	3.55035e-15
2.90628e+15	3.52221e-15
2.90804e+15	3.49492e-15
2.90981e+15	3.46692e-15
2.91157e+15	3.43977e-15
2.91333e+15	3.41192e-15
2.9151e+15	3.38492e-15
2.91686e+15	3.35799e-15
2.91862e+15	3.33113e-15
2.92039e+15	3.30435e-15
2.92215e+15	3.27839e-15
2.92392e+15	3.25175e-15
2.92568e+15	3.22518e-15
2.92744e+15	3.19944e-15
2.92921e+15	3.17301e-15
2.93097e+15	3.1474e-15
2.93273e+15	3.12187e-15
2.9345e+15	3.09641e-15
2.93626e+15	3.07101e-15
2.93802e+15	3.04569e-15
2.93979e+15	3.02043e-15
2.94155e+15	2.99525e-15
2.94331e+15	2.97087e-15
2.94508e+15	2.94583e-15
2.94684e+15	2.92158e-15
2.9486e+15	2.89741e-15
2.95037e+15	2.8733e-15
2.95213e+15	2.84926e-15
2.9539e+15	2.82529e-15
2.95566e+15	2.80138e-15
2.95742e+15	2.77755e-15
2.95919e+15	2.75378e-15
2.96095e+15	2.73079e-15
2.96271e+15	2.70716e-15
2.96448e+15	2.68431e-15
2.96624e+15	2.66152e-15
2.968e+15	2.63808e-15
2.96977e+15	2.61543e-15
2.97153e+15	2.59284e-15
2.97329e+15	2.57031e-15
2.97506e+15	2.54855e-15
2.97682e+15	2.52615e-15
2.97858e+15	2.50382e-15
2.98035e+15	2.48225e-15
2.98211e+15	2.46075e-15
2.98388e+15	2.43861e-15
2.98564e+15	2.41723e-15
2.9874e+15	2.39591e-15
2.98917e+15	2.37466e-15
2.99093e+15	2.35347e-15
2.99269e+15	2.33234e-15
2.99446e+15	2.31196e-15
2.99622e+15	2.29095e-15
2.99798e+15	2.27001e-15
2.99975e+15	2.24981e-15
3.00151e+15	2.22967e-15
3.00327e+15	2.20892e-15
3.00504e+15	2.1889e-15
3.0068e+15	2.16895e-15
3.00856e+15	2.14905e-15
3.01033e+15	2.12921e-15
3.01209e+15	2.1101e-15
3.01386e+15	2.09038e-15
3.01562e+15	2.07139e-15
3.01738e+15	2.05179e-15
3.01915e+15	2.03291e-15
3.02091e+15	2.01344e-15
3.02267e+15	1.99468e-15
3.02444e+15	1.97598e-15
3.0262e+15	1.95733e-15
3.02796e+15	1.93875e-15
3.02973e+15	1.92086e-15
3.03149e+15	1.90239e-15
3.03325e+15	1.88398e-15
3.03502e+15	1.86626e-15
3.03678e+15	1.84797e-15
3.03854e+15	1.83037e-15
3.04031e+15	1.81282e-15
3.04207e+15	1.79471e-15
3.04383e+15	1.77728e-15
3.0456e+15	1.7599e-15
3.04736e+15	1.7432e-15
3.04913e+15	1.72594e-15
3.05089e+15	1.70873e-15
3.05265e+15	1.69158e-15
3.05442e+15	1.6751e-15
3.05618e+15	1.65867e-15
3.05794e+15	1.64169e-15
3.05971e+15	1.62538e-15
3.06147e+15	1.60911e-15
3.06323e+15	1.59291e-15
3.065e+15	1.57675e-15
3.06676e+15	1.56065e-15
3.06852e+15	1.54461e-15
3.07029e+15	1.52921e-15
3.07205e+15	1.51328e-15
3.07381e+15	1.49799e-15
3.07558e+15	1.48216e-15
3.07734e+15	1.46698e-15
3.07911e+15	1.45184e-15
3.08087e+15	1.43676e-15
3.08263e+15	1.42116e-15
3.0844e+15	1.40618e-15
3.08616e+15	1.39184e-15
3.08792e+15	1.37697e-15
3.08969e+15	1.36215e-15
3.09145e+15	1.34795e-15
3.09321e+15	1.33324e-15
3.09498e+15	1.31915e-15
3.09674e+15	1.30454e-15
3.0985e+15	1.29055e-15
3.10027e+15	1.27661e-15
3.10203e+15	1.26272e-15
3.10379e+15	1.24888e-15
3.10556e+15	1.23509e-15
3.10732e+15	1.22135e-15
3.10909e+15	1.20766e-15
3.11085e+15	1.19457e-15
3.11261e+15	1.18099e-15
3.11438e+15	1.16799e-15
3.11614e+15	1.15505e-15
3.1179e+15	1.14161e-15
3.11967e+15	1.12877e-15
3.12143e+15	1.11597e-15
3.12319e+15	1.10322e-15
3.12496e+15	1.09052e-15
3.12672e+15	1.07787e-15
3.12848e+15	1.06579e-15
3.13025e+15	1.05323e-15
3.13201e+15	1.04073e-15
3.13377e+15	1.02879e-15
3.13554e+15	1.01638e-15
3.1373e+15	1.00454e-15
3.13906e+15	9.92742e-16
3.14083e+15	9.80991e-16
3.14259e+15	9.69288e-16
3.14436e+15	9.57631e-16
3.14612e+15	9.46021e-16
3.14788e+15	9.34459e-16
3.14965e+15	9.22944e-16
3.15141e+15	9.11975e-16
3.15317e+15	9.00553e-16
3.15494e+15	8.89674e-16
3.1567e+15	8.78838e-16
3.15846e+15	8.67557e-16
3.16023e+15	8.56813e-16
3.16199e+15	8.46113e-16
3.16375e+15	8.35458e-16
3.16552e+15	8.24848e-16
3.16728e+15	8.14283e-16
3.16904e+15	8.04241e-16
3.17081e+15	7.93766e-16
3.17257e+15	7.83336e-16
3.17434e+15	7.73423e-16
3.1761e+15	7.63084e-16
3.17786e+15	7.53258e-16
3.17963e+15	7.43474e-16
3.18139e+15	7.33734e-16
3.18315e+15	7.24036e-16
3.18492e+15	7.14381e-16
3.18668e+15	7.0477e-16
3.18844e+15	6.95202e-16
3.19021e+15	6.85677e-16
3.19197e+15	6.76647e-16
3.19373e+15	6.67209e-16
3.1955e+15	6.58261e-16
3.19726e+15	6.4891e-16
3.19902e+15	6.40045e-16
3.20079e+15	6.31221e-16
3.20255e+15	6.22e-16
3.20432e+15	6.1326e-16
3.20608e+15	6.04561e-16
3.20784e+15	5.96336e-16
3.20961e+15	5.87718e-16
3.21137e+15	5.79143e-16
3.21313e+15	5.70609e-16
3.2149e+15	5.62542e-16
3.21666e+15	5.54091e-16
3.21842e+15	5.46102e-16
3.22019e+15	5.38152e-16
3.22195e+15	5.30242e-16
3.22371e+15	5.2237e-16
3.22548e+15	5.14538e-16
3.22724e+15	5.06745e-16
3.229e+15	4.98992e-16
3.23077e+15	4.91278e-16
3.23253e+15	4.83605e-16
3.23429e+15	4.76374e-16
3.23606e+15	4.68779e-16
3.23782e+15	4.61623e-16
3.23959e+15	4.54108e-16
3.24135e+15	4.47027e-16
3.24311e+15	4.39983e-16
3.24488e+15	4.32977e-16
3.24664e+15	4.26008e-16
3.2484e+15	4.19077e-16
3.25017e+15	4.12184e-16
3.25193e+15	4.05329e-16
3.25369e+15	3.98513e-16
3.25546e+15	3.9211e-16
3.25722e+15	3.85369e-16
3.25898e+15	3.79039e-16
3.26075e+15	3.72743e-16
3.26251e+15	3.66115e-16
3.26427e+15	3.59893e-16
3.26604e+15	3.53705e-16
3.2678e+15	3.47554e-16
3.26957e+15	3.41439e-16
3.27133e+15	3.3536e-16
3.27309e+15	3.29672e-16
3.27486e+15	3.23664e-16
3.27662e+15	3.17693e-16
3.27838e+15	3.12107e-16
3.28015e+15	3.06209e-16
3.28191e+15	3.00692e-16
3.28367e+15	2.95208e-16
3.28544e+15	2.89758e-16
3.2872e+15	2.84005e-16
3.28896e+15	2.78625e-16
3.29073e+15	2.73613e-16
3.29249e+15	2.683e-16
3.29425e+15	2.63022e-16
3.29602e+15	2.57779e-16
3.29778e+15	2.52896e-16
3.29955e+15	2.47722e-16
3.30131e+15	2.42904e-16
3.30307e+15	2.38117e-16
3.30484e+15	2.33046e-16
3.3066e+15	2.28326e-16
3.30836e+15	2.23637e-16
3.31013e+15	2.18981e-16
3.31189e+15	2.14358e-16
3.31365e+15	2.09768e-16
3.31542e+15	2.05514e-16
3.31718e+15	2.00989e-16
3.31894e+15	1.96646e-16
3.32071e+15	1.92335e-16
3.32247e+15	1.88086e-16
3.32423e+15	1.83897e-16
3.326e+15	1.79769e-16
3.32776e+15	1.75701e-16
3.32953e+15	1.71664e-16
3.33129e+15	1.67716e-16
3.33305e+15	1.63797e-16
3.33482e+15	1.59938e-16
3.33658e+15	1.56137e-16
3.33834e+15	1.52395e-16
3.34011e+15	1.48709e-16
3.34187e+15	1.45081e-16
3.34363e+15	1.41483e-16
3.3454e+15	1.37969e-16
3.34716e+15	1.3451e-16
3.34892e+15	1.3108e-16
3.35069e+15	1.27706e-16
3.35245e+15	1.24387e-16
3.35421e+15	1.21097e-16
3.35598e+15	1.17888e-16
3.35774e+15	1.14732e-16
3.3595e+15	1.11604e-16
3.36127e+15	1.0853e-16
3.36303e+15	1.05534e-16
3.3648e+15	1.02565e-16
3.36656e+15	9.96486e-17
3.36832e+15	9.67839e-17
3.37009e+15	9.39705e-17
3.37185e+15	9.1185e-17
3.37361e+15	8.84732e-17
3.37538e+15	8.57889e-17
3.37714e+15	8.3177e-17
3.3789e+15	8.06144e-17
3.38067e+15	7.80787e-17
3.38243e+15	7.55918e-17
3.38419e+15	7.31534e-17
3.38596e+15	7.07629e-17
3.38772e+15	6.84201e-17
3.38948e+15	6.61245e-17
3.39125e+15	6.38757e-17
3.39301e+15	6.16529e-17
3.39478e+15	5.94966e-17
3.39654e+15	5.73858e-17
3.3983e+15	5.53006e-17
3.40007e+15	5.32799e-17
3.40183e+15	5.12845e-17
3.40359e+15	4.93522e-17
3.40536e+15	4.74448e-17
3.40712e+15	4.55993e-17
3.40888e+15	4.37784e-17
3.41065e+15	4.20002e-17
3.41241e+15	4.02644e-17
3.41417e+15	3.85878e-17
3.41594e+15	3.69352e-17
3.4177e+15	3.53237e-17
3.41946e+15	3.37695e-17
3.42123e+15	3.22388e-17
3.42299e+15	3.0748e-17
3.42476e+15	2.93125e-17
3.42652e+15	2.79002e-17
3.42828e+15	2.65418e-17
3.43005e+15	2.52063e-17
3.43181e+15	2.39235e-17
3.43357e+15	2.26633e-17
3.43534e+15	2.14545e-17
3.4371e+15	2.0296e-17
3.43886e+15	1.91591e-17
3.44063e+15	1.80577e-17
3.44239e+15	1.70047e-17
3.44415e+15	1.59859e-17
3.44592e+15	1.50009e-17
3.44768e+15	1.40495e-17
3.44944e+15	1.31432e-17
3.45121e+15	1.22692e-17
3.45297e+15	1.14386e-17
3.45473e+15	1.06389e-17
3.4565e+15	9.88071e-18
3.45826e+15	9.15222e-18
3.46003e+15	8.45302e-18
3.46179e+15	7.8031e-18
3.46355e+15	7.17076e-18
3.46532e+15	6.58531e-18
3.46708e+15	6.02606e-18
3.46884e+15	5.49809e-18
3.47061e+15	5.00055e-18
3.47237e+15	4.53256e-18
3.47413e+15	4.09247e-18
