0.0015	-80817.5
0.002	-80819.7
0.0025	-80823.7
0.003	-80774.1
0.0035	-80780.3
0.004	-80733.9
0.0045	-80741.3
0.005	-80696.5
0.0055	-80705.7
0.006	-80662.7
0.0065	-80673.8
0.007	-80632.6
0.0075	-80592.1
0.008	-80552.7
0.0085	-80513.9
0.009	-80475.8
0.0095	-80438.8
0.01	-80403
0.0105	-80367.9
0.011	-80333.3
0.0115	-80299.9
0.012	-80213.5
0.0125	-80181.2
0.013	-80150.2
0.0135	-80066.6
0.014	-80036.8
0.0145	-79954.4
0.015	-79873.2
0.0155	-79846.2
0.016	-79766
0.0165	-79687
0.017	-79662.2
0.0175	-79584.3
0.018	-79507.4
0.0185	-79431.1
0.019	-79356.5
0.0195	-79280.6
0.02	-79206.4
0.0205	-79133.9
0.021	-79006.2
0.0215	-78934.1
0.022	-78863.7
0.0225	-78792
0.023	-78668.5
0.0235	-78599
0.024	-78475.2
0.0245	-78407.7
0.025	-78286
0.0255	-78218.9
0.026	-78098
0.0265	-77978.2
0.027	-77912.4
0.0275	-77793.4
0.028	-77674.7
0.0285	-77556.5
0.029	-77494.2
0.0295	-77376.1
0.03	-77260.2
0.0305	-77144.1
0.031	-77028.3
0.0315	-76913
0.032	-76798
0.0325	-76683.3
0.033	-76569
0.0335	-76401
0.034	-76287.4
0.0345	-76174.1
0.035	-76061.7
0.0355	-75894.3
0.036	-75783.1
0.0365	-75670.6
0.037	-75504
0.0375	-75393.7
0.038	-75282.7
0.0385	-75116.3
0.039	-75007
0.0395	-74841.7
0.04	-74731.7
0.0405	-74567.4
0.041	-74401.7
0.0415	-74292.6
0.042	-74128.9
0.0425	-74019.8
0.043	-73855.5
0.0435	-73691.3
0.044	-73527.4
0.0445	-73418.8
0.045	-73255.2
0.0455	-73091.3
0.046	-72928.1
0.0465	-72819.3
0.047	-72656.4
0.0475	-72492.7
0.048	-72329.1
0.0485	-72165.1
0.049	-72001.2
0.0495	-71837.6
0.05	-71729.7
0.0505	-71565.8
0.051	-71402
0.0515	-71237.9
0.052	-71074.4
0.0525	-70909.4
0.053	-70745.2
0.0535	-70581.5
0.054	-70416.9
0.0545	-70252.4
0.055	-70087.5
0.0555	-69922.2
0.056	-69757
0.0565	-69591.9
0.057	-69426.4
0.0575	-69204.6
0.058	-69038.7
0.0585	-68872.3
0.059	-68706.1
0.0595	-68539.4
0.06	-68373.4
0.0605	-68205.4
0.061	-68038.4
0.0615	-67871.6
0.062	-67703.8
0.0625	-67535.5
0.063	-67309.9
0.0635	-67141.2
0.064	-66972.2
0.0645	-66803.7
0.065	-66633.3
0.0655	-66463.4
0.066	-66294
0.0665	-66122.8
0.067	-65894.6
0.0675	-65723.4
0.068	-65551.8
0.0685	-65379.7
0.069	-65207.7
0.0695	-65035.6
0.07	-64861.8
0.0705	-64688.5
0.071	-64456.3
0.0715	-64283
0.072	-64108.2
0.0725	-63933.1
0.073	-63758.4
0.0735	-63581.9
0.074	-63406.3
0.0745	-63228.9
0.075	-63052.5
0.0755	-62875.2
0.076	-62638
0.0765	-62459.7
0.077	-62280.6
0.0775	-62101.4
0.078	-61922.2
0.0785	-61741.8
0.079	-61560.4
0.0795	-61379.9
0.08	-61198.1
0.0805	-61015.9
0.081	-60833.3
0.0815	-60650.2
0.082	-60467
0.0825	-60283.1
0.083	-60098.2
0.0835	-59919.4
0.084	-59733.7
0.0845	-59553.6
0.085	-59367.1
0.0855	-59186.4
0.086	-58998.2
0.0865	-58816
0.087	-58633.3
0.0875	-58450.7
0.088	-58267.1
0.0885	-58082.8
0.089	-57898.1
0.0895	-57719
0.09	-57533.9
0.0905	-57353.6
0.091	-57166.8
0.0915	-56985.7
0.092	-56803.8
0.0925	-56622.2
0.093	-56438.8
0.0935	-56255.7
0.094	-56071.8
0.0945	-55894
0.095	-55709.3
0.0955	-55530
0.096	-55350.3
0.0965	-55163.7
0.097	-54983.6
0.0975	-54801.6
0.098	-54620.4
0.0985	-54444.2
0.099	-54260.7
0.0995	-54078
0.1	-53900.3
0.1005	-53721.9
0.101	-53537
0.1015	-53358.2
0.102	-53178
0.1025	-52998.1
0.103	-52823.7
0.1035	-52642.5
0.104	-52466.7
0.1045	-52284.5
0.105	-52108
0.1055	-51930.8
0.106	-51753.7
0.1065	-51575.2
0.107	-51396.7
0.1075	-51218.2
0.108	-51044.9
0.1085	-50864.7
0.109	-50690.5
0.1095	-50510
0.11	-50334.8
0.1105	-50158.6
0.111	-49982.4
0.1115	-49812.5
0.112	-49635.3
0.1125	-49457.9
0.113	-49286.1
0.1135	-49113.6
0.114	-48934.6
0.1145	-48761.6
0.115	-48588.3
0.1155	-48420
0.116	-48245.4
0.1165	-48070.9
0.117	-47901.8
0.1175	-47725.7
0.118	-47555.7
0.1185	-47385.2
0.119	-47214.3
0.1195	-47042.8
0.12	-46871.1
0.1205	-46698.9
0.121	-46533
0.1215	-46359.5
0.122	-46192.8
0.1225	-46025.2
0.123	-45857.1
0.1235	-45688.7
0.124	-45519.4
0.1245	-45350.5
0.125	-45181.4
0.1255	-45017.2
0.126	-44847.3
0.1265	-44682.3
0.127	-44517.4
0.1275	-44346.2
0.128	-44180.5
0.1285	-44020.8
0.129	-43854.4
0.1295	-43687.4
0.13	-43526.8
0.1305	-43359.1
0.131	-43197.1
0.1315	-43028.8
0.132	-42866.9
0.1325	-42704.2
0.133	-42541.2
0.1335	-42384.3
0.134	-42220.5
0.1345	-42056.5
0.135	-41898.4
0.1355	-41734
0.136	-41575.3
0.1365	-41415.9
0.137	-41256.8
0.1375	-41096.7
0.138	-40937
0.1385	-40776.5
0.139	-40622.3
0.1395	-40461.2
0.14	-40306.4
0.1405	-40144.7
0.141	-39989
0.1415	-39833.2
0.142	-39677.4
0.1425	-39520.5
0.143	-39364.1
0.1435	-39207
0.144	-39056.1
0.1445	-38898.6
0.145	-38747.1
0.1455	-38588.4
0.146	-38436.7
0.1465	-38284.2
0.147	-38131.5
0.1475	-37978.9
0.148	-37825.7
0.1485	-37672
0.149	-37524.8
0.1495	-37371
0.15	-37223.5
0.1505	-37068.8
0.151	-36920.4
0.1515	-36772.2
0.152	-36623.3
0.1525	-36474.3
0.153	-36325
0.1535	-36175.3
0.154	-36025.6
0.1545	-35882.4
0.155	-35732
0.1555	-35588.1
0.156	-35437.2
0.1565	-35292.6
0.157	-35148.1
0.1575	-35003.4
0.158	-34858.4
0.1585	-34712.9
0.159	-34567.4
0.1595	-34421.4
0.16	-34281.8
0.1605	-34135.8
0.161	-33996
0.1615	-33849.1
0.162	-33708.9
0.1625	-33568.6
0.163	-33427.8
0.1635	-33280
0.164	-33146
0.1645	-33004.5
0.165	-32862.8
0.1655	-32721.3
0.166	-32585.8
0.1665	-32443.8
0.167	-32308.1
0.1675	-32165.7
0.168	-32029.5
0.1685	-31893.2
0.169	-31757
0.1695	-31620.5
0.17	-31483.5
0.1705	-31346.5
0.171	-31209.6
0.1715	-31072.1
0.172	-30941.3
0.1725	-30803.7
0.173	-30672.6
0.1735	-30534.5
0.174	-30402.9
0.1745	-30271.5
0.175	-30139.6
0.1755	-30007.5
0.176	-29875.4
0.1765	-29743
0.177	-29610.6
0.1775	-29478.2
0.178	-29351.8
0.1785	-29219.2
0.179	-29092.6
0.1795	-28959.7
0.18	-28833
0.1805	-28706.1
0.181	-28572.5
0.1815	-28445.5
0.182	-28318.1
0.1825	-28190.7
0.183	-28063.5
0.1835	-27942.5
0.184	-27814.8
0.1845	-27686.8
0.185	-27565.6
0.1855	-27437.6
0.186	-27315.9
0.1865	-27187.5
0.187	-27065.9
0.1875	-26944
0.188	-26822.1
0.1885	-26700.1
0.189	-26577.7
0.1895	-26455.4
0.19	-26333
0.1905	-26210.3
0.191	-26094.4
0.1915	-25971.8
0.192	-25848.9
0.1925	-25732.5
0.193	-25609.5
0.1935	-25493
0.194	-25376.5
0.1945	-25259.7
0.195	-25143.3
0.1955	-25026.4
0.196	-24909.3
0.1965	-24792.1
0.197	-24675.1
0.1975	-24558
0.198	-24440.6
0.1985	-24329.9
0.199	-24212.5
0.1995	-24101.6
0.2	-23984.2
0.2005	-23872.9
0.201	-23762
0.2015	-23644.3
0.202	-23532.9
0.2025	-23421.6
0.203	-23310.4
0.2035	-23198.8
0.204	-23087.4
0.2045	-22982.6
0.205	-22870.8
0.2055	-22759.1
0.206	-22654
0.2065	-22542.3
0.207	-22437
0.2075	-22324.9
0.208	-22219.6
0.2085	-22114.4
0.209	-22002
0.2095	-21896.5
0.21	-21790.9
0.2105	-21685.1
0.211	-21579.6
0.2115	-21473.8
0.212	-21374.7
0.2125	-21268.7
0.213	-21162.8
0.2135	-21063.6
0.214	-20957.5
0.2145	-20858.2
0.215	-20751.9
0.2155	-20652.7
0.216	-20553.1
0.2165	-20446.8
0.217	-20347
0.2175	-20247.5
0.218	-20147.8
0.2185	-20047.9
0.219	-19948.1
0.2195	-19848.5
0.22	-19748.5
0.2205	-19655.2
0.221	-19555.2
0.2215	-19455.2
0.222	-19362
0.2225	-19261.8
0.223	-19168.3
0.2235	-19075.2
0.224	-18974.9
0.2245	-18881.3
0.225	-18787.8
0.2255	-18694.1
0.226	-18600.5
0.2265	-18506.9
0.227	-18413.2
0.2275	-18319.4
0.228	-18225.7
0.2285	-18131.8
0.229	-18044.7
0.2295	-17951
0.23	-17857
0.2305	-17769.9
0.231	-17682.6
0.2315	-17588.5
0.232	-17501.3
0.2325	-17407.2
0.233	-17320
0.2335	-17232.6
0.234	-17145.1
0.2345	-17057.7
0.235	-16970.5
0.2355	-16883
0.236	-16795.5
0.2365	-16707.8
0.237	-16627.2
0.2375	-16539.5
0.238	-16452
0.2385	-16371.2
0.239	-16283.5
0.2395	-16202.7
0.24	-16114.8
0.2405	-16034
0.241	-15953.1
0.2415	-15865.3
0.242	-15784.2
0.2425	-15703.2
0.243	-15622.1
0.2435	-15541.1
0.244	-15459.9
0.2445	-15378.9
0.245	-15297.7
0.2455	-15216.5
0.246	-15135.5
0.2465	-15061.1
0.247	-14979.7
0.2475	-14905.4
0.248	-14824.1
0.2485	-14749.8
0.249	-14668.4
0.2495	-14593.9
0.25	-14512.6
0.2505	-14438
0.251	-14363.6
0.2515	-14289
0.252	-14214.2
0.2525	-14132.9
0.253	-14058.2
0.2535	-13983.7
0.254	-13915.8
0.2545	-13841.1
0.255	-13766.5
0.2555	-13691.8
0.256	-13616.9
0.2565	-13549.1
0.257	-13474.4
0.2575	-13406.5
0.258	-13331.6
0.2585	-13263.8
0.259	-13188.9
0.2595	-13120.9
0.26	-13052.8
0.2605	-12978.1
0.261	-12910.1
0.2615	-12842
0.262	-12774
0.2625	-12705.8
0.263	-12637.8
0.2635	-12569.7
0.264	-12501.5
0.2645	-12433.5
0.265	-12365.3
0.2655	-12304
0.266	-12235.9
0.2665	-12167.7
0.267	-12099.5
0.2675	-12038.2
0.268	-11970
0.2685	-11908.6
0.269	-11840.3
0.2695	-11779
0.27	-11717.7
0.2705	-11649.5
0.271	-11588
0.2715	-11526.6
0.272	-11465.2
0.2725	-11403.8
0.273	-11342.2
0.2735	-11280.7
0.274	-11219.3
0.2745	-11157.8
0.275	-11096.4
0.2755	-11034.9
0.276	-10973.3
0.2765	-10911.8
0.277	-10857.2
0.2775	-10795.7
0.278	-10734
0.2785	-10679.4
0.279	-10617.9
0.2795	-10563.1
0.28	-10501.5
0.2805	-10446.9
0.281	-10385.2
0.2815	-10330.6
0.282	-10275.7
0.2825	-10214.2
0.283	-10159.4
0.2835	-10104.7
0.284	-10049.8
0.2845	-9995.12
0.285	-9940.31
0.2855	-9885.57
0.286	-9830.75
0.2865	-9775.99
0.287	-9721.15
0.2875	-9666.38
0.288	-9611.54
0.2885	-9563.58
0.289	-9508.79
0.2895	-9453.95
0.29	-9405.94
0.2905	-9351.17
0.291	-9296.27
0.2915	-9248.27
0.292	-9200.37
0.2925	-9145.52
0.293	-9097.51
0.2935	-9042.59
0.294	-8994.59
0.2945	-8946.56
0.295	-8891.68
0.2955	-8843.68
0.296	-8795.62
0.2965	-8747.62
0.297	-8699.56
0.2975	-8651.55
0.298	-8603.54
0.2985	-8555.47
0.299	-8507.44
0.2995	-8459.42
0.3	-8411.39
0.3005	-8363.25
0.301	-8315.22
0.3015	-8274.03
0.302	-8225.89
0.3025	-8177.84
0.303	-8136.68
0.3035	-8088.54
0.304	-8040.4
0.3045	-7999.29
0.305	-7951.14
0.3055	-7909.98
0.306	-7861.82
0.3065	-7820.56
0.307	-7779.38
0.3075	-7731.23
0.308	-7690.1
0.3085	-7648.83
0.309	-7607.57
0.3095	-7559.4
0.31	-7518.13
0.3105	-7476.9
0.311	-7435.63
0.3115	-7394.36
0.312	-7353.08
0.3125	-7311.85
0.313	-7270.58
0.3135	-7229.31
0.314	-7188.07
0.3145	-7146.8
0.315	-7105.43
0.3155	-7071.09
0.316	-7029.81
0.3165	-6988.56
0.317	-6947.27
0.3175	-6910.04
0.318	-6871.56
0.3185	-6832.95
0.319	-6794.42
0.3195	-6755.85
0.32	-6718.02
0.3205	-6680.17
0.321	-6642.98
0.3215	-6605.13
0.322	-6567.94
0.3225	-6531.4
0.323	-6494.24
0.3235	-6457.74
0.324	-6421.21
0.3245	-6385.46
0.325	-6349.61
0.3255	-6313.79
0.326	-6277.99
0.3265	-6242.83
0.327	-6207.7
0.3275	-6172.54
0.328	-6137.41
0.3285	-6103
0.329	-6068.56
0.3295	-6034.77
0.33	-6000.32
0.3305	-5966.54
0.331	-5932.75
0.3315	-5899.68
0.332	-5866.58
0.3325	-5833.52
0.333	-5800.41
0.3335	-5767.34
0.334	-5734.92
0.3345	-5702.47
0.335	-5670.75
0.3355	-5638.37
0.336	-5606.65
0.3365	-5574.95
0.337	-5543.92
0.3375	-5512.16
0.338	-5481.12
0.3385	-5450.11
0.339	-5419.77
0.3395	-5389.39
0.34	-5358.35
0.3405	-5328.73
0.341	-5298.31
0.3415	-5268.68
0.342	-5239.02
0.3425	-5209.33
0.343	-5179.66
0.3435	-5150.66
0.344	-5121.69
0.3445	-5092.69
0.345	-5063.71
0.3455	-5035.4
0.346	-5007.12
0.3465	-4978.8
0.347	-4950.51
0.3475	-4922.89
0.348	-4895.29
0.3485	-4867.67
0.349	-4840.1
0.3495	-4812.44
0.35	-4785.51
0.3505	-4758.6
0.351	-4731.66
0.3515	-4704.69
0.352	-4678.5
0.3525	-4652.23
0.353	-4625.98
0.3535	-4599.79
0.354	-4574.2
0.3545	-4547.95
0.355	-4522.36
0.3555	-4496.86
0.356	-4471.96
0.3565	-4446.4
0.357	-4421.53
0.3575	-4396.64
0.358	-4371.76
0.3585	-4346.92
0.359	-4322.74
0.3595	-4298.55
0.36	-4274.34
0.3605	-4250.16
0.361	-4225.95
0.3615	-4202.46
0.362	-4178.97
0.3625	-4155.45
0.363	-4132.01
0.3635	-4108.49
0.364	-4085.68
0.3645	-4062.88
0.365	-4040.05
0.3655	-4017.25
0.366	-3994.42
0.3665	-3972.3
0.367	-3949.5
0.3675	-3927.36
0.368	-3905.24
0.3685	-3883.79
0.369	-3861.67
0.3695	-3840.25
0.37	-3818.8
0.3705	-3797.37
0.371	-3775.9
0.3715	-3754.45
0.372	-3733.71
0.3725	-3712.26
0.373	-3691.52
0.3735	-3670.79
0.374	-3650.72
0.3745	-3629.98
0.375	-3609.89
0.3755	-3589.12
0.376	-3569.07
0.3765	-3549.02
0.377	-3529.65
0.3775	-3509.59
0.378	-3490.19
0.3785	-3470.81
0.379	-3450.76
0.3795	-3432.07
0.38	-3412.71
0.3805	-3393.35
0.381	-3374.62
0.3815	-3355.95
0.382	-3336.58
0.3825	-3318.58
0.383	-3299.87
0.3835	-3281.2
0.384	-3263.2
0.3845	-3244.53
0.385	-3226.51
0.3855	-3208.51
0.386	-3190.52
0.3865	-3173.19
0.387	-3155.19
0.3875	-3137.9
0.388	-3119.91
0.3885	-3102.56
0.389	-3085.27
0.3895	-3067.98
0.39	-3051.32
0.3905	-3034.03
0.391	-3017.43
0.3915	-3000.77
0.392	-2983.47
0.3925	-2967.56
0.393	-2950.9
0.3935	-2934.3
0.394	-2917.69
0.3945	-2901.73
0.395	-2885.81
0.3955	-2869.87
0.396	-2853.93
0.3965	-2838.02
0.397	-2822.07
0.3975	-2806.15
0.398	-2790.91
0.3985	-2775.65
0.399	-2759.74
0.3995	-2744.46
0.4	-2729.24
0.4005	-2714.01
0.401	-2699.43
0.4015	-2684.2
0.402	-2669.64
0.4025	-2654.39
0.403	-2639.83
0.4035	-2625.29
0.404	-2610.74
0.4045	-2596.17
0.405	-2582.33
0.4055	-2567.76
0.406	-2553.9
0.4065	-2539.33
0.407	-2525.48
0.4075	-2511.59
0.408	-2497.75
0.4085	-2483.87
0.409	-2470.02
0.4095	-2456.86
0.41	-2442.98
0.4105	-2429.82
0.411	-2415.93
0.4115	-2402.77
0.412	-2389.59
0.4125	-2376.43
0.413	-2363.23
0.4135	-2350.77
0.414	-2337.59
0.4145	-2324.39
0.415	-2311.92
0.4155	-2299.43
0.416	-2286.27
0.4165	-2273.76
0.417	-2261.29
0.4175	-2248.8
0.418	-2237.03
0.4185	-2224.52
0.419	-2212.05
0.4195	-2200.25
0.42	-2188.46
0.4205	-2175.97
0.421	-2164.17
0.4215	-2152.39
0.422	-2140.57
0.4225	-2128.8
0.423	-2116.99
0.4235	-2105.91
0.424	-2094.09
0.4245	-2082.98
0.425	-2071.2
0.4255	-2060.09
0.426	-2049
0.4265	-2037.89
0.427	-2026.78
0.4275	-2015.69
0.428	-2004.56
0.4285	-1993.48
0.429	-1982.37
0.4295	-1971.95
0.43	-1960.86
0.4305	-1950.43
0.431	-1940.04
0.4315	-1929.62
0.432	-1918.5
0.4325	-1908.1
0.433	-1898.37
0.4335	-1887.95
0.434	-1877.56
0.4345	-1867.13
0.435	-1857.42
0.4355	-1847
0.436	-1837.28
0.4365	-1826.88
0.437	-1817.14
0.4375	-1807.41
0.438	-1797.71
0.4385	-1787.98
0.439	-1778.24
0.4395	-1768.54
0.44	-1758.81
0.4405	-1749.78
0.441	-1740.07
0.4415	-1730.33
0.442	-1721.3
0.4425	-1712.28
0.443	-1702.56
0.4435	-1693.52
0.444	-1684.5
0.4445	-1675.46
0.445	-1666.43
0.4455	-1657.41
0.446	-1648.38
0.4465	-1639.33
0.447	-1631.01
0.4475	-1621.98
0.448	-1613.63
0.4485	-1604.61
0.449	-1596.27
0.4495	-1587.23
0.45	-1578.89
0.4505	-1570.57
0.451	-1562.21
0.4515	-1553.87
0.452	-1545.55
0.4525	-1537.21
0.453	-1528.86
0.4535	-1520.53
0.454	-1512.19
0.4545	-1504.54
0.455	-1496.19
0.4555	-1488.56
0.456	-1480.21
0.4565	-1472.56
0.457	-1464.93
0.4575	-1456.59
0.458	-1448.94
0.4585	-1441.3
0.459	-1433.65
0.4595	-1426
0.46	-1418.35
0.4605	-1410.71
0.461	-1403.06
0.4615	-1396.1
0.462	-1388.47
0.4625	-1380.81
0.463	-1373.86
0.4635	-1366.21
0.464	-1359.26
0.4645	-1352.31
0.465	-1344.65
0.4655	-1337.7
0.466	-1330.76
0.4665	-1323.79
0.467	-1316.84
0.4675	-1309.89
0.468	-1302.94
0.4685	-1295.98
0.469	-1289.02
0.4695	-1282.07
0.47	-1275.11
0.4705	-1268.85
0.471	-1261.9
0.4715	-1254.95
0.472	-1248.68
0.4725	-1241.72
0.473	-1235.46
0.4735	-1229.21
0.474	-1222.25
0.4745	-1215.99
0.475	-1209.72
0.4755	-1203.47
0.476	-1197.21
0.4765	-1190.94
0.477	-1184.68
0.4775	-1178.43
0.478	-1172.16
0.4785	-1165.9
0.479	-1159.63
0.4795	-1153.38
0.48	-1147.81
0.4805	-1141.54
0.481	-1135.28
0.4815	-1129.72
0.482	-1123.45
0.4825	-1117.89
0.483	-1112.32
0.4835	-1106.06
0.484	-1100.49
0.4845	-1094.92
0.485	-1088.65
0.4855	-1083.1
0.486	-1077.53
0.4865	-1071.95
0.487	-1066.38
0.4875	-1060.81
0.488	-1055.25
0.4885	-1049.68
0.489	-1044.1
0.4895	-1039.23
0.49	-1033.67
0.4905	-1028.1
0.491	-1022.53
0.4915	-1017.65
0.492	-1012.09
0.4925	-1007.21
0.493	-1001.64
0.4935	-996.767
0.494	-991.195
0.4945	-986.33
0.495	-981.449
0.4955	-975.876
0.496	-971.001
0.4965	-966.137
0.497	-961.261
0.4975	-956.385
0.498	-950.806
0.4985	-945.941
0.499	-941.064
0.4995	-936.188
0.5	-931.311
0.5005	-927.137
0.501	-922.26
0.5015	-917.383
0.502	-912.506
0.5025	-907.629
0.503	-903.459
0.5035	-898.576
0.504	-893.699
0.5045	-889.518
0.505	-884.651
0.5055	-880.471
0.506	-875.587
0.5065	-871.406
0.507	-866.537
0.5075	-862.356
0.508	-858.175
0.5085	-853.291
0.509	-849.12
0.5095	-844.938
0.51	-840.757
0.5105	-836.575
0.511	-831.705
0.5115	-827.519
0.512	-823.337
0.5125	-819.154
0.513	-814.982
0.5135	-810.799
0.514	-806.612
0.5145	-802.429
0.515	-798.945
0.5155	-794.771
0.516	-790.589
0.5165	-786.405
0.517	-782.217
0.5175	-778.741
0.518	-774.558
0.5185	-770.374
0.519	-766.889
0.5195	-762.709
0.52	-759.223
0.5205	-755.039
0.521	-751.553
0.5215	-747.378
0.522	-743.887
0.5225	-739.703
0.523	-736.217
0.5235	-732.739
0.524	-728.554
0.5245	-725.064
0.525	-721.576
0.5255	-718.089
0.526	-713.913
0.5265	-710.426
0.527	-706.935
0.5275	-703.447
0.528	-699.968
0.5285	-696.411
0.529	-692.924
0.5295	-689.436
0.53	-686.022
0.5305	-682.534
0.531	-679.116
0.5315	-675.698
0.532	-672.358
0.5325	-668.935
0.533	-665.587
0.5335	-662.238
0.534	-658.967
0.5345	-655.688
0.535	-652.405
0.5355	-649.126
0.536	-645.854
0.5365	-642.645
0.537	-639.435
0.5375	-636.221
0.538	-633.082
0.5385	-629.879
0.539	-626.809
0.5395	-623.669
0.54	-620.525
0.5405	-617.462
0.541	-614.391
0.5415	-611.321
0.542	-608.32
0.5425	-605.253
0.543	-602.252
0.5435	-599.251
0.544	-596.319
0.5445	-593.325
0.545	-590.394
0.5455	-587.459
0.546	-584.597
0.5465	-581.666
0.547	-578.811
0.5475	-575.948
0.548	-573.083
0.5485	-570.221
0.549	-567.435
0.5495	-564.643
0.55	-561.851
0.5505	-559.055
0.551	-556.339
0.5515	-553.616
0.552	-550.823
0.5525	-548.17
0.553	-545.451
0.5535	-542.728
0.554	-540.075
0.5545	-537.421
0.555	-534.774
0.5555	-532.188
0.556	-529.534
0.5565	-526.951
0.557	-524.367
0.5575	-521.789
0.558	-519.272
0.5585	-516.688
0.559	-514.174
0.5595	-511.666
0.56	-509.152
0.5605	-506.635
0.561	-504.191
0.5615	-501.752
0.562	-499.238
0.5625	-496.793
0.563	-494.415
0.5635	-491.971
0.564	-489.602
0.5645	-487.227
0.565	-484.852
0.5655	-482.477
0.566	-480.099
0.5665	-477.799
0.567	-475.494
0.5675	-473.119
0.568	-470.813
0.5685	-468.581
0.569	-466.275
0.5695	-464.04
0.57	-461.804
0.5705	-459.569
0.571	-457.338
0.5715	-455.1
0.572	-452.864
0.5725	-450.698
0.573	-448.532
0.5735	-446.371
0.574	-444.205
0.5745	-442.036
0.575	-439.94
0.5755	-437.773
0.576	-435.677
0.5765	-433.586
0.577	-431.489
0.5775	-429.39
0.578	-427.364
0.5785	-425.267
0.579	-423.246
0.5795	-421.219
0.58	-419.192
0.5805	-417.165
0.581	-415.136
0.5815	-413.178
0.582	-411.156
0.5825	-409.199
0.583	-407.242
0.5835	-405.285
0.584	-403.328
0.5845	-401.438
0.585	-399.48
0.5855	-397.598
0.586	-395.71
0.5865	-393.823
0.587	-391.935
0.5875	-390.048
0.588	-388.23
0.5885	-386.343
0.589	-384.527
0.5895	-382.639
0.59	-380.821
0.5905	-379.004
0.591	-377.255
0.5915	-375.438
0.592	-373.62
0.5925	-371.876
0.593	-370.128
0.5935	-368.31
0.594	-366.56
0.5945	-364.881
0.595	-363.133
0.5955	-361.385
0.596	-359.707
0.5965	-357.958
0.597	-356.28
0.5975	-354.602
0.598	-352.923
0.5985	-351.245
0.599	-349.566
0.5995	-347.958
0.6	-346.283
0.6005	-344.674
0.601	-343.066
0.6015	-341.387
0.602	-339.778
0.6025	-338.24
0.603	-336.631
0.6035	-335.022
0.604	-333.483
0.6045	-331.87
0.605	-330.331
0.6055	-328.793
0.606	-327.254
0.6065	-325.715
0.607	-324.176
0.6075	-322.636
0.608	-321.167
0.6085	-319.628
0.609	-318.159
0.6095	-316.62
0.61	-315.153
0.6105	-313.683
0.611	-312.214
0.6115	-310.745
0.612	-309.275
0.6125	-307.872
0.613	-306.403
0.6135	-305.004
0.614	-303.604
0.6145	-302.137
0.615	-300.737
0.6155	-299.334
0.616	-297.935
0.6165	-296.535
0.617	-295.206
0.6175	-293.806
0.618	-292.478
0.6185	-291.075
0.619	-289.745
0.6195	-288.416
0.62	-287.088
0.6205	-285.755
0.621	-284.425
0.6215	-283.095
0.622	-281.766
0.6225	-280.504
0.623	-279.174
0.6235	-277.914
0.624	-276.583
0.6245	-275.323
0.625	-274.063
0.6255	-272.8
0.626	-271.542
0.6265	-270.282
0.627	-269.019
0.6275	-267.83
0.628	-266.57
0.6285	-265.307
0.629	-264.117
0.6295	-262.929
0.63	-261.666
0.6305	-260.476
0.631	-259.287
0.6315	-258.094
0.632	-256.904
0.6325	-255.715
0.633	-254.592
0.6335	-253.402
0.634	-252.282
0.6345	-251.09
0.635	-249.97
0.6355	-248.78
0.636	-247.658
0.6365	-246.538
0.637	-245.418
0.6375	-244.295
0.638	-243.176
0.6385	-242.056
0.639	-240.932
0.6395	-239.882
0.64	-238.762
0.6405	-237.712
0.641	-236.59
0.6415	-235.54
0.642	-234.489
0.6425	-233.439
0.643	-232.319
0.6435	-231.268
0.644	-230.218
0.6445	-229.167
0.645	-228.186
0.6455	-227.135
0.646	-226.085
0.6465	-225.104
0.647	-224.053
0.6475	-223.072
0.648	-222.024
0.6485	-221.043
0.649	-220.062
0.6495	-219.083
0.65	-218.032
0.6505	-217.053
0.651	-216.144
0.6515	-215.162
0.652	-214.183
0.6525	-213.203
0.653	-212.224
0.6535	-211.314
0.654	-210.335
0.6545	-209.425
0.655	-208.445
0.6555	-207.537
0.656	-206.627
0.6565	-205.719
0.657	-204.741
0.6575	-203.83
0.658	-202.922
0.6585	-202.013
0.659	-201.106
0.6595	-200.266
0.66	-199.358
0.6605	-198.451
0.661	-197.541
0.6615	-196.703
0.662	-195.796
0.6625	-194.958
0.663	-194.05
0.6635	-193.214
0.664	-192.378
0.6645	-191.539
0.665	-190.703
0.6655	-189.795
0.666	-188.96
0.6665	-188.122
0.667	-187.287
0.6675	-186.521
0.668	-185.685
0.6685	-184.848
0.669	-184.011
0.6695	-183.248
0.67	-182.411
0.6705	-181.646
0.671	-180.811
0.6715	-180.047
0.672	-179.212
0.6725	-178.448
0.673	-177.683
0.6735	-176.92
0.674	-176.155
0.6745	-175.321
0.675	-174.559
0.6755	-173.794
0.676	-173.102
0.6765	-172.339
0.677	-171.576
0.6775	-170.813
0.678	-170.05
0.6785	-169.357
0.679	-168.596
0.6795	-167.903
0.68	-167.142
0.6805	-166.45
0.681	-165.687
0.6815	-164.997
0.682	-164.236
0.6825	-163.545
0.683	-162.853
0.6835	-162.164
0.684	-161.472
0.6845	-160.783
0.685	-160.091
0.6855	-159.401
0.686	-158.71
0.6865	-158.021
0.687	-157.331
0.6875	-156.64
0.688	-155.95
0.6885	-155.33
0.689	-154.64
0.6895	-154.02
0.69	-153.331
0.6905	-152.711
0.691	-152.023
0.6915	-151.403
0.692	-150.713
0.6925	-150.093
0.693	-149.473
0.6935	-148.855
0.694	-148.166
0.6945	-147.545
0.695	-146.927
0.6955	-146.307
0.696	-145.687
0.6965	-145.069
0.697	-144.45
0.6975	-143.831
0.698	-143.282
0.6985	-142.662
0.699	-142.042
0.6995	-141.423
0.7	-140.876
0.7005	-140.256
0.701	-139.707
0.7015	-139.088
0.702	-138.54
0.7025	-137.919
0.703	-137.371
0.7035	-136.823
0.704	-136.203
0.7045	-135.654
0.705	-135.106
0.7055	-134.556
0.706	-134.008
0.7065	-133.459
0.707	-132.91
0.7075	-132.361
0.708	-131.811
0.7085	-131.263
0.709	-130.713
0.7095	-130.164
0.71	-129.686
0.7105	-129.137
0.711	-128.587
0.7115	-128.109
0.712	-127.559
0.7125	-127.081
0.713	-126.532
0.7135	-126.054
0.714	-125.504
0.7145	-125.025
0.715	-124.547
0.7155	-123.996
0.716	-123.518
0.7165	-123.039
0.717	-122.56
0.7175	-122.082
0.718	-121.603
0.7185	-121.124
0.719	-120.646
0.7195	-120.166
0.72	-119.688
0.7205	-119.209
0.721	-118.802
0.7215	-118.323
0.722	-117.844
0.7225	-117.365
0.723	-116.956
0.7235	-116.475
0.724	-116.066
0.7245	-115.655
0.725	-115.157
0.7255	-114.73
0.726	-114.303
0.7265	-113.876
0.727	-113.45
0.7275	-113.023
0.728	-112.596
0.7285	-112.169
0.729	-111.743
0.7295	-111.316
0.73	-110.889
0.7305	-110.462
0.731	-110.036
0.7315	-109.68
0.732	-109.253
0.7325	-108.826
0.733	-108.399
0.7335	-107.973
0.734	-107.546
0.7345	-107.119
0.735	-106.763
0.7355	-106.337
0.736	-105.91
0.7365	-105.483
0.737	-105.127
0.7375	-104.7
0.738	-104.274
0.7385	-103.918
0.739	-103.491
0.7395	-103.064
0.74	-102.708
0.7405	-102.282
0.741	-101.855
0.7415	-101.499
0.742	-101.072
0.7425	-100.716
0.743	-100.29
0.7435	-99.8627
0.744	-99.507
0.7445	-99.0801
0.745	-98.7244
0.7455	-98.2975
0.746	-97.9418
0.7465	-97.5149
0.747	-97.1591
0.7475	-96.8034
0.748	-96.3765
0.7485	-96.0207
0.749	-95.5938
0.7495	-95.238
0.75	-94.8823
0.7505	-94.4553
0.751	-94.0996
0.7515	-93.7438
0.752	-93.3169
0.7525	-92.9611
0.753	-92.6053
0.7535	-92.2495
0.754	-91.8225
0.7545	-91.4668
0.755	-91.111
0.7555	-90.7552
0.756	-90.3282
0.7565	-89.9724
0.757	-89.6166
0.7575	-89.2608
0.758	-88.905
0.7585	-88.5491
0.759	-88.1933
0.7595	-87.7663
0.76	-87.4105
0.7605	-87.0547
0.761	-86.6988
0.7615	-86.343
0.762	-85.9872
0.7625	-85.6313
0.763	-85.2755
0.7635	-84.9196
0.764	-84.5638
0.7645	-84.2079
0.765	-83.8521
0.7655	-83.4962
0.766	-83.1403
0.7665	-82.7845
0.767	-82.4998
0.7675	-82.1439
0.768	-81.788
0.7685	-81.4321
0.769	-81.0763
0.7695	-80.7204
0.77	-80.3645
0.7705	-80.0798
0.771	-79.7239
0.7715	-79.368
0.772	-79.0121
0.7725	-78.6562
0.773	-78.3715
0.7735	-78.0155
0.774	-77.6596
0.7745	-77.3749
0.775	-77.019
0.7755	-76.6631
0.776	-76.3071
0.7765	-76.0224
0.777	-75.6664
0.7775	-75.3817
0.778	-75.0258
0.7785	-74.6698
0.779	-74.3851
0.7795	-74.0291
0.78	-73.7443
0.7805	-73.3884
0.781	-73.0324
0.7815	-72.7477
0.782	-72.3917
0.7825	-72.1069
0.783	-71.751
0.7835	-71.4662
0.784	-71.1387
0.7845	-70.8183
0.785	-70.505
0.7855	-70.1846
0.786	-69.8714
0.7865	-69.5581
0.787	-69.2448
0.7875	-68.9315
0.788	-68.6183
0.7885	-68.305
0.789	-67.9988
0.7895	-67.6855
0.79	-67.3793
0.7905	-67.0732
0.791	-66.767
0.7915	-66.4608
0.792	-66.1546
0.7925	-65.8484
0.793	-65.5493
0.7935	-65.2431
0.794	-64.9441
0.7945	-64.645
0.795	-64.3388
0.7955	-64.0397
0.796	-63.7477
0.7965	-63.4486
0.797	-63.1496
0.7975	-62.8576
0.798	-62.5585
0.7985	-62.2665
0.799	-61.9745
0.7995	-61.6754
0.8	-61.3834
0.8005	-61.0986
0.801	-60.8066
0.8015	-60.5146
0.802	-60.2297
0.8025	-59.9377
0.803	-59.6528
0.8035	-59.3679
0.804	-59.083
0.8045	-58.7981
0.805	-58.5132
0.8055	-58.2283
0.806	-57.9434
0.8065	-57.6657
0.807	-57.3879
0.8075	-57.103
0.808	-56.8252
0.8085	-56.5474
0.809	-56.2696
0.8095	-55.9918
0.81	-55.714
0.8105	-55.4433
0.811	-55.1655
0.8115	-54.8949
0.812	-54.6242
0.8125	-54.3464
0.813	-54.0757
0.8135	-53.805
0.814	-53.5343
0.8145	-53.2707
0.815	-53
0.8155	-52.7293
0.816	-52.4657
0.8165	-52.195
0.817	-51.9314
0.8175	-51.6678
0.818	-51.4042
0.8185	-51.1406
0.819	-50.877
0.8195	-50.6206
0.82	-50.3569
0.8205	-50.1005
0.821	-49.8369
0.8215	-49.5804
0.822	-49.3239
0.8225	-49.0674
0.823	-48.8109
0.8235	-48.5544
0.824	-48.2979
0.8245	-48.0485
0.825	-47.792
0.8255	-47.5426
0.826	-47.2861
0.8265	-47.0367
0.827	-46.7873
0.8275	-46.5379
0.828	-46.2885
0.8285	-46.0463
0.829	-45.7969
0.8295	-45.5475
0.83	-45.3052
0.8305	-45.0558
0.831	-44.8135
0.8315	-44.5712
0.832	-44.3289
0.8325	-44.0866
0.833	-43.8443
0.8335	-43.602
0.834	-43.3597
0.8345	-43.1246
0.835	-42.8822
0.8355	-42.6471
0.836	-42.4119
0.8365	-42.1767
0.837	-41.9415
0.8375	-41.7063
0.838	-41.4711
0.8385	-41.2359
0.839	-41.0007
0.8395	-40.7727
0.84	-40.5374
0.8405	-40.3094
0.841	-40.0813
0.8415	-39.8461
0.842	-39.618
0.8425	-39.3899
0.843	-39.1618
0.8435	-38.9408
0.844	-38.7127
0.8445	-38.4846
0.845	-38.2637
0.8455	-38.0427
0.846	-37.8146
0.8465	-37.5936
0.847	-37.3726
0.8475	-37.1516
0.848	-36.9307
0.8485	-36.7097
0.849	-36.4958
0.8495	-36.2748
0.85	-36.0538
0.8505	-35.8399
0.851	-35.6261
0.8515	-35.4051
0.852	-35.1912
0.8525	-34.9773
0.853	-34.7634
0.8535	-34.5495
0.854	-34.3428
0.8545	-34.1289
0.855	-33.9221
0.8555	-33.7082
0.856	-33.5014
0.8565	-33.2875
0.857	-33.0808
0.8575	-32.874
0.858	-32.6672
0.8585	-32.4604
0.859	-32.2608
0.8595	-32.054
0.86	-31.8472
0.8605	-31.6476
0.861	-31.4408
0.8615	-31.2411
0.862	-31.0414
0.8625	-30.8346
0.863	-30.635
0.8635	-30.4353
0.864	-30.2428
0.8645	-30.0431
0.865	-29.8434
0.8655	-29.6437
0.866	-29.4512
0.8665	-29.2586
0.867	-29.0589
0.8675	-28.8663
0.868	-28.6738
0.8685	-28.4812
0.869	-28.2887
0.8695	-28.0961
0.87	-27.9035
0.8705	-27.7181
0.871	-27.5255
0.8715	-27.34
0.872	-27.1475
0.8725	-26.962
0.873	-26.7766
0.8735	-26.5911
0.874	-26.3985
0.8745	-26.2131
0.875	-26.0347
0.8755	-25.8493
0.876	-25.6638
0.8765	-25.4855
0.877	-25.3
0.8775	-25.1216
0.878	-24.9362
0.8785	-24.7578
0.879	-24.5795
0.8795	-24.4011
0.88	-24.2228
0.8805	-24.0444
0.881	-23.8661
0.8815	-23.6877
0.882	-23.5165
0.8825	-23.3381
0.883	-23.1669
0.8835	-22.9956
0.884	-22.8173
0.8845	-22.646
0.885	-22.4748
0.8855	-22.3035
0.886	-22.1323
0.8865	-21.961
0.887	-21.7969
0.8875	-21.6257
0.888	-21.4544
0.8885	-21.2903
0.889	-21.119
0.8895	-20.9549
0.89	-20.7908
0.8905	-20.6267
0.891	-20.4625
0.8915	-20.2984
0.892	-20.1343
0.8925	-19.9701
0.893	-19.806
0.8935	-19.649
0.894	-19.4848
0.8945	-19.3278
0.895	-19.1708
0.8955	-19.0066
0.896	-18.8496
0.8965	-18.6926
0.897	-18.5356
0.8975	-18.3785
0.898	-18.2215
0.8985	-18.0716
0.899	-17.9146
0.8995	-17.7576
0.9	-17.6077
0.9005	-17.4506
0.901	-17.3007
0.9015	-17.1508
0.902	-17.0009
0.9025	-16.851
0.903	-16.7011
0.9035	-16.5512
0.904	-16.4012
0.9045	-16.2513
0.905	-16.1085
0.9055	-15.9586
0.906	-15.8158
0.9065	-15.6659
0.907	-15.5231
0.9075	-15.3803
0.908	-15.2304
0.9085	-15.0876
0.909	-14.9448
0.9095	-14.8091
0.91	-14.6663
0.9105	-14.5235
0.911	-14.3807
0.9115	-14.245
0.912	-14.1022
0.9125	-13.9665
0.913	-13.8309
0.9135	-13.6952
0.914	-13.5595
0.9145	-13.4238
0.915	-13.2881
0.9155	-13.1524
0.916	-13.0168
0.9165	-12.8811
0.917	-12.7525
0.9175	-12.6168
0.918	-12.4883
0.9185	-12.3526
0.919	-12.224
0.9195	-12.0954
0.92	-11.9669
0.9205	-11.8383
0.921	-11.7097
0.9215	-11.5811
0.922	-11.4526
0.9225	-11.324
0.923	-11.2025
0.9235	-11.074
0.924	-10.9525
0.9245	-10.8311
0.925	-10.7025
0.9255	-10.581
0.926	-10.4596
0.9265	-10.3381
0.927	-10.2167
0.9275	-10.0952
0.928	-9.98091
0.9285	-9.85945
0.929	-9.73799
0.9295	-9.62366
0.93	-9.5022
0.9305	-9.38787
0.931	-9.27354
0.9315	-9.15921
0.932	-9.03773
0.9325	-8.9234
0.933	-8.81621
0.9335	-8.70187
0.934	-8.58753
0.9345	-8.47318
0.935	-8.36598
0.9355	-8.25163
0.936	-8.14443
0.9365	-8.03722
0.937	-7.92287
0.9375	-7.81566
0.938	-7.70844
0.9385	-7.60123
0.939	-7.49401
0.9395	-7.38679
0.94	-7.28672
0.9405	-7.17949
0.941	-7.07584
0.9415	-6.97218
0.942	-6.86924
0.9425	-6.76701
0.943	-6.66549
0.9435	-6.56469
0.944	-6.46388
0.9445	-6.3645
0.945	-6.26512
0.9455	-6.16645
0.946	-6.06849
0.9465	-5.97125
0.947	-5.87472
0.9475	-5.7789
0.948	-5.68308
0.9485	-5.58869
0.949	-5.49501
0.9495	-5.40132
0.95	-5.30835
0.9505	-5.2161
0.951	-5.12384
0.9515	-5.03301
0.952	-4.94289
0.9525	-4.85277
0.953	-4.76336
0.9535	-4.67538
0.954	-4.5874
0.9545	-4.50013
0.955	-4.41357
0.9555	-4.32773
0.956	-4.24188
0.9565	-4.15747
0.957	-4.07305
0.9575	-3.99006
0.958	-3.90778
0.9585	-3.8255
0.959	-3.74393
0.9595	-3.66307
0.96	-3.58293
0.9605	-3.5035
0.961	-3.42479
0.9615	-3.34679
0.962	-3.26878
0.9625	-3.19221
0.963	-3.11634
0.9635	-3.04048
0.964	-2.96604
0.9645	-2.8916
0.965	-2.81859
0.9655	-2.74558
0.966	-2.674
0.9665	-2.60241
0.967	-2.53154
0.9675	-2.46138
0.968	-2.39265
0.9685	-2.32392
0.969	-2.2559
0.9695	-2.18931
0.97	-2.12271
0.9705	-2.05683
0.971	-1.99238
0.9715	-1.92793
0.972	-1.86491
0.9725	-1.80188
0.973	-1.74029
0.9735	-1.67869
0.974	-1.61852
0.9745	-1.55978
0.975	-1.50104
0.9755	-1.44301
0.976	-1.38641
0.9765	-1.33053
0.977	-1.27536
0.9775	-1.2209
0.978	-1.16787
0.9785	-1.11556
0.979	-1.06468
0.9795	-1.01451
0.98	-0.96577
0.9805	-0.917745
0.981	-0.870435
0.9815	-0.825272
0.982	-0.780106
0.9825	-0.737088
0.983	-0.694785
0.9835	-0.653625
0.984	-0.613611
0.9845	-0.574741
0.985	-0.536944
