0.6	-248.687
0.6005	-247.65
0.601	-246.613
0.6015	-245.53
0.602	-244.491
0.6025	-243.496
0.603	-242.456
0.6035	-241.415
0.604	-240.419
0.6045	-239.372
0.605	-238.374
0.6055	-237.376
0.606	-236.377
0.6065	-235.377
0.607	-234.376
0.6075	-233.375
0.608	-232.419
0.6085	-231.416
0.609	-230.459
0.6095	-229.455
0.61	-228.498
0.6105	-227.538
0.611	-226.578
0.6115	-225.617
0.612	-224.655
0.6125	-223.735
0.613	-222.773
0.6135	-221.855
0.614	-220.937
0.6145	-219.974
0.615	-219.055
0.6155	-218.132
0.616	-217.211
0.6165	-216.29
0.617	-215.414
0.6175	-214.492
0.618	-213.617
0.6185	-212.69
0.619	-211.812
0.6195	-210.934
0.62	-210.056
0.6205	-209.173
0.621	-208.293
0.6215	-207.413
0.622	-206.532
0.6225	-205.695
0.623	-204.812
0.6235	-203.976
0.624	-203.091
0.6245	-202.253
0.625	-201.415
0.6255	-200.574
0.626	-199.736
0.6265	-198.897
0.627	-198.053
0.6275	-197.261
0.628	-196.42
0.6285	-195.575
0.629	-194.78
0.6295	-193.986
0.63	-193.139
0.6305	-192.343
0.631	-191.547
0.6315	-190.746
0.632	-189.948
0.6325	-189.151
0.633	-188.396
0.6335	-187.596
0.634	-186.843
0.6345	-186.041
0.635	-185.287
0.6355	-184.485
0.636	-183.729
0.6365	-182.974
0.637	-182.218
0.6375	-181.459
0.638	-180.704
0.6385	-179.946
0.639	-179.186
0.6395	-178.476
0.64	-177.717
0.6405	-177.006
0.641	-176.245
0.6415	-175.533
0.642	-174.82
0.6425	-174.107
0.643	-173.346
0.6435	-172.632
0.644	-171.918
0.6445	-171.203
0.645	-170.535
0.6455	-169.819
0.646	-169.103
0.6465	-168.435
0.647	-167.717
0.6475	-167.047
0.648	-166.333
0.6485	-165.661
0.649	-164.991
0.6495	-164.321
0.65	-163.602
0.6505	-162.932
0.651	-162.309
0.6515	-161.636
0.652	-160.964
0.6525	-160.292
0.653	-159.62
0.6535	-158.996
0.654	-158.323
0.6545	-157.696
0.655	-157.022
0.6555	-156.398
0.656	-155.772
0.6565	-155.146
0.657	-154.472
0.6575	-153.844
0.658	-153.217
0.6585	-152.591
0.659	-151.965
0.6595	-151.384
0.66	-150.757
0.6605	-150.13
0.661	-149.5
0.6615	-148.921
0.662	-148.292
0.6625	-147.712
0.663	-147.082
0.6635	-146.504
0.664	-145.924
0.6645	-145.342
0.665	-144.761
0.6655	-144.131
0.666	-143.552
0.6665	-142.969
0.667	-142.388
0.6675	-141.856
0.668	-141.274
0.6685	-140.691
0.669	-140.108
0.6695	-139.577
0.67	-138.994
0.6705	-138.46
0.671	-137.878
0.6715	-137.345
0.672	-136.762
0.6725	-136.229
0.673	-135.694
0.6735	-135.162
0.674	-134.626
0.6745	-134.043
0.675	-133.51
0.6755	-132.974
0.676	-132.491
0.6765	-131.956
0.677	-131.421
0.6775	-130.887
0.678	-130.351
0.6785	-129.865
0.679	-129.332
0.6795	-128.845
0.68	-128.311
0.6805	-127.825
0.681	-127.288
0.6815	-126.803
0.682	-126.268
0.6825	-125.782
0.683	-125.295
0.6835	-124.81
0.684	-124.322
0.6845	-123.838
0.685	-123.35
0.6855	-122.863
0.686	-122.376
0.6865	-121.89
0.687	-121.403
0.6875	-120.915
0.688	-120.427
0.6885	-119.989
0.689	-119.501
0.6895	-119.063
0.69	-118.576
0.6905	-118.137
0.691	-117.649
0.6915	-117.21
0.692	-116.721
0.6925	-116.281
0.693	-115.842
0.6935	-115.403
0.694	-114.914
0.6945	-114.472
0.695	-114.034
0.6955	-113.593
0.696	-113.152
0.6965	-112.713
0.697	-112.273
0.6975	-111.832
0.698	-111.441
0.6985	-110.999
0.699	-110.557
0.6995	-110.116
0.7	-109.726
0.7005	-109.283
0.701	-108.891
0.7015	-108.449
0.702	-108.058
0.7025	-107.614
0.703	-107.222
0.7035	-106.83
0.704	-106.386
0.7045	-105.993
0.705	-105.601
0.7055	-105.207
0.706	-104.815
0.7065	-104.421
0.707	-104.028
0.7075	-103.633
0.708	-103.239
0.7085	-102.845
0.709	-102.45
0.7095	-102.056
0.71	-101.712
0.7105	-101.317
0.711	-100.921
0.7115	-100.578
0.712	-100.181
0.7125	-99.8376
0.713	-99.4419
0.7135	-99.0969
0.714	-98.7004
0.7145	-98.3548
0.715	-98.0103
0.7155	-97.6121
0.716	-97.2671
0.7165	-96.9209
0.717	-96.5752
0.7175	-96.2299
0.718	-95.8829
0.7185	-95.537
0.719	-95.1907
0.7195	-94.8435
0.72	-94.4973
0.7205	-94.1509
0.721	-93.8564
0.7215	-93.5093
0.722	-93.1612
0.7225	-92.8135
0.723	-92.5178
0.7235	-92.1675
0.724	-91.8708
0.7245	-91.5722
0.725	-91.2044
0.7255	-90.8896
0.726	-90.5747
0.7265	-90.2596
0.727	-89.9445
0.7275	-89.6292
0.728	-89.3138
0.7285	-88.9983
0.729	-88.6827
0.7295	-88.367
0.73	-88.0512
0.7305	-87.7352
0.731	-87.4192
0.7315	-87.1557
0.732	-86.8394
0.7325	-86.5231
0.733	-86.2066
0.7335	-85.8899
0.734	-85.5732
0.7345	-85.2564
0.735	-84.9922
0.7355	-84.6752
0.736	-84.358
0.7365	-84.0407
0.737	-83.7762
0.7375	-83.4587
0.738	-83.141
0.7385	-82.8763
0.739	-82.5584
0.7395	-82.2404
0.74	-81.9754
0.7405	-81.6572
0.741	-81.3389
0.7415	-81.0735
0.742	-80.755
0.7425	-80.4894
0.743	-80.1707
0.7435	-79.8518
0.744	-79.5859
0.7445	-79.2668
0.745	-79.0008
0.7455	-78.6815
0.746	-78.4153
0.7465	-78.0957
0.747	-77.8293
0.7475	-77.5628
0.748	-77.2429
0.7485	-76.9762
0.749	-76.6561
0.7495	-76.3892
0.75	-76.1222
0.7505	-75.8017
0.751	-75.5346
0.7515	-75.2673
0.752	-74.9465
0.7525	-74.6791
0.753	-74.4115
0.7535	-74.1439
0.754	-73.8226
0.7545	-73.5548
0.755	-73.2869
0.7555	-73.0188
0.756	-72.6971
0.7565	-72.4289
0.757	-72.1606
0.7575	-71.8922
0.758	-71.6237
0.7585	-71.3551
0.759	-71.0864
0.7595	-70.7639
0.76	-70.495
0.7605	-70.226
0.761	-69.9569
0.7615	-69.6877
0.762	-69.4185
0.7625	-69.1491
0.763	-68.8796
0.7635	-68.6101
0.764	-68.3404
0.7645	-68.0707
0.765	-67.8008
0.7655	-67.5309
0.766	-67.2608
0.7665	-66.9907
0.767	-66.7745
0.7675	-66.5042
0.768	-66.2338
0.7685	-65.9632
0.769	-65.6926
0.7695	-65.4219
0.77	-65.1511
0.7705	-64.9343
0.771	-64.6633
0.7715	-64.3922
0.772	-64.121
0.7725	-63.8497
0.773	-63.6326
0.7735	-63.3611
0.774	-63.0895
0.7745	-62.8722
0.775	-62.6004
0.7755	-62.3285
0.776	-62.0565
0.7765	-61.8388
0.777	-61.5667
0.7775	-61.3489
0.778	-61.0765
0.7785	-60.804
0.779	-60.586
0.7795	-60.3133
0.78	-60.0951
0.7805	-59.8222
0.781	-59.5492
0.7815	-59.3308
0.782	-59.0576
0.7825	-58.839
0.783	-58.5657
0.7835	-58.3469
0.784	-58.0952
0.7845	-57.8489
0.785	-57.608
0.7855	-57.3616
0.786	-57.1205
0.7865	-56.8793
0.787	-56.6381
0.7875	-56.3967
0.788	-56.1553
0.7885	-55.9138
0.789	-55.6777
0.7895	-55.436
0.79	-55.1997
0.7905	-54.9634
0.791	-54.7269
0.7915	-54.4904
0.792	-54.2537
0.7925	-54.017
0.793	-53.7857
0.7935	-53.5489
0.794	-53.3174
0.7945	-53.0859
0.795	-52.8487
0.7955	-52.617
0.796	-52.3907
0.7965	-52.1589
0.797	-51.9269
0.7975	-51.7004
0.798	-51.4683
0.7985	-51.2416
0.799	-51.0148
0.7995	-50.7824
0.8	-50.5555
