0.0015	-78706.1
0.002	-78708.3
0.0025	-78712.3
0.003	-78664.5
0.0035	-78670.7
0.004	-78625.9
0.0045	-78633.3
0.005	-78590.3
0.0055	-78599.5
0.006	-78558.3
0.0065	-78569.3
0.007	-78529.9
0.0075	-78491.1
0.008	-78453.5
0.0085	-78416.5
0.009	-78380.1
0.0095	-78344.8
0.01	-78310.8
0.0105	-78277.4
0.011	-78244.5
0.0115	-78212.8
0.012	-78129.9
0.0125	-78099.4
0.013	-78070.1
0.0135	-77990
0.014	-77961.9
0.0145	-77883
0.015	-77805.2
0.0155	-77780
0.016	-77703.3
0.0165	-77627.7
0.017	-77604.7
0.0175	-77530.2
0.018	-77456.8
0.0185	-77384
0.019	-77312.9
0.0195	-77240.4
0.02	-77169.7
0.0205	-77100.7
0.021	-76978.2
0.0215	-76909.5
0.022	-76842.6
0.0225	-76774.3
0.023	-76656
0.0235	-76589.9
0.024	-76471.3
0.0245	-76407.3
0.025	-76290.8
0.0255	-76227.1
0.026	-76111.4
0.0265	-75996.8
0.027	-75934.4
0.0275	-75820.6
0.028	-75707
0.0285	-75594
0.029	-75535.1
0.0295	-75422.2
0.03	-75311.4
0.0305	-75200.5
0.031	-75089.9
0.0315	-74979.6
0.032	-74869.8
0.0325	-74760.3
0.033	-74651.1
0.0335	-74489.9
0.034	-74381.5
0.0345	-74273.3
0.035	-74166.1
0.0355	-74005.5
0.036	-73899.4
0.0365	-73792
0.037	-73632.2
0.0375	-73527.1
0.038	-73421.1
0.0385	-73261.5
0.039	-73157.3
0.0395	-72998.8
0.04	-72893.9
0.0405	-72736.4
0.041	-72577.5
0.0415	-72473.5
0.042	-72316.6
0.0425	-72212.6
0.043	-72055
0.0435	-71897.6
0.044	-71740.5
0.0445	-71636.9
0.045	-71480
0.0455	-71322.9
0.046	-71166.4
0.0465	-71062.7
0.047	-70906.6
0.0475	-70749.5
0.048	-70592.7
0.0485	-70435.4
0.049	-70278.3
0.0495	-70121.3
0.05	-70018.4
0.0505	-69861.2
0.051	-69704.2
0.0515	-69546.7
0.052	-69389.9
0.0525	-69231.6
0.053	-69074
0.0535	-68917
0.054	-68759.1
0.0545	-68601.2
0.055	-68443
0.0555	-68284.3
0.056	-68125.8
0.0565	-67967.3
0.057	-67808.5
0.0575	-67594.9
0.058	-67435.6
0.0585	-67275.9
0.059	-67116.3
0.0595	-66956.2
0.06	-66796.8
0.0605	-66635.4
0.061	-66475
0.0615	-66314.7
0.062	-66153.5
0.0625	-65991.8
0.063	-65774.4
0.0635	-65612.3
0.064	-65449.9
0.0645	-65287.9
0.065	-65124
0.0655	-64960.6
0.066	-64797.8
0.0665	-64633.1
0.067	-64413.1
0.0675	-64248.4
0.068	-64083.3
0.0685	-63917.8
0.069	-63752.3
0.0695	-63586.6
0.07	-63419.3
0.0705	-63252.5
0.071	-63028.4
0.0715	-62861.5
0.072	-62693.3
0.0725	-62524.6
0.073	-62356.3
0.0735	-62186.3
0.074	-62017.1
0.0745	-61846.2
0.075	-61676.2
0.0755	-61505.3
0.076	-61276.1
0.0765	-61104.3
0.077	-60931.5
0.0775	-60758.7
0.078	-60586
0.0785	-60411.9
0.079	-60237
0.0795	-60062.8
0.08	-59887.4
0.0805	-59711.5
0.081	-59535.3
0.0815	-59358.5
0.082	-59181.8
0.0825	-59004.1
0.083	-58825.6
0.0835	-58653
0.084	-58473.6
0.0845	-58299.6
0.085	-58119.4
0.0855	-57944.9
0.086	-57763
0.0865	-57586.9
0.087	-57410.4
0.0875	-57233.9
0.088	-57056.5
0.0885	-56878.3
0.089	-56699.7
0.0895	-56526.5
0.09	-56347.4
0.0905	-56173.1
0.091	-55992.4
0.0915	-55817.2
0.092	-55641.2
0.0925	-55465.6
0.093	-55288
0.0935	-55110.8
0.094	-54932.9
0.0945	-54760.7
0.095	-54582
0.0955	-54408.4
0.096	-54234.4
0.0965	-54053.6
0.097	-53879.2
0.0975	-53703
0.098	-53527.4
0.0985	-53356.8
0.099	-53179
0.0995	-53001.9
0.1	-52829.7
0.1005	-52656.8
0.101	-52477.6
0.1015	-52304.3
0.102	-52129.6
0.1025	-51955.2
0.103	-51786.2
0.1035	-51610.4
0.104	-51440
0.1045	-51263.2
0.105	-51092
0.1055	-50920.1
0.106	-50748.3
0.1065	-50575.1
0.107	-50401.9
0.1075	-50228.7
0.108	-50060.5
0.1085	-49885.6
0.109	-49716.5
0.1095	-49541.3
0.11	-49371.1
0.1105	-49200
0.111	-49028.9
0.1115	-48863.9
0.112	-48691.9
0.1125	-48519.5
0.113	-48352.6
0.1135	-48185.1
0.114	-48011.2
0.1145	-47843
0.115	-47674.6
0.1155	-47511.1
0.116	-47341.4
0.1165	-47171.8
0.117	-47007.4
0.1175	-46836.3
0.118	-46671
0.1185	-46505.1
0.119	-46338.9
0.1195	-46172.2
0.12	-46005.2
0.1205	-45837.7
0.121	-45676.3
0.1215	-45507.5
0.122	-45345.4
0.1225	-45182.3
0.123	-45018.7
0.1235	-44854.9
0.124	-44690.1
0.1245	-44525.7
0.125	-44361.1
0.1255	-44201.3
0.126	-44035.9
0.1265	-43875.3
0.127	-43714.7
0.1275	-43548
0.128	-43386.7
0.1285	-43231.1
0.129	-43069
0.1295	-42906.4
0.13	-42749.9
0.1305	-42586.6
0.131	-42428.8
0.1315	-42264.7
0.132	-42107
0.1325	-41948.5
0.133	-41789.6
0.1335	-41636.7
0.134	-41477
0.1345	-41317.2
0.135	-41163.1
0.1355	-41002.8
0.136	-40848.1
0.1365	-40692.7
0.137	-40537.5
0.1375	-40381.4
0.138	-40225.7
0.1385	-40069.1
0.139	-39918.8
0.1395	-39761.7
0.14	-39610.7
0.1405	-39452.9
0.141	-39301
0.1415	-39148.9
0.142	-38997
0.1425	-38843.8
0.143	-38691.2
0.1435	-38537.9
0.144	-38390.6
0.1445	-38236.9
0.145	-38089
0.1455	-37934.1
0.146	-37786
0.1465	-37637.1
0.147	-37488.1
0.1475	-37339.1
0.148	-37189.4
0.1485	-37039.4
0.149	-36895.5
0.1495	-36745.4
0.15	-36601.3
0.1505	-36450.2
0.151	-36305.3
0.1515	-36160.5
0.152	-36015.1
0.1525	-35869.5
0.153	-35723.6
0.1535	-35577.3
0.154	-35431
0.1545	-35291.1
0.155	-35144.1
0.1555	-35003.5
0.156	-34856
0.1565	-34714.7
0.157	-34573.4
0.1575	-34432
0.158	-34290.3
0.1585	-34147.9
0.159	-34005.7
0.1595	-33862.9
0.16	-33726.5
0.1605	-33583.7
0.161	-33447
0.1615	-33303.3
0.162	-33166.2
0.1625	-33029
0.163	-32891.3
0.1635	-32746.7
0.164	-32615.7
0.1645	-32477.2
0.165	-32338.6
0.1655	-32200.1
0.166	-32067.6
0.1665	-31928.7
0.167	-31795.8
0.1675	-31656.5
0.168	-31523.2
0.1685	-31389.8
0.169	-31256.6
0.1695	-31123
0.17	-30988.9
0.1705	-30854.8
0.171	-30720.7
0.1715	-30586.2
0.172	-30458.1
0.1725	-30323.4
0.173	-30195
0.1735	-30059.8
0.174	-29931
0.1745	-29802.3
0.175	-29673.2
0.1755	-29543.7
0.176	-29414.4
0.1765	-29284.7
0.177	-29155.1
0.1775	-29025.3
0.178	-28901.6
0.1785	-28771.7
0.179	-28647.6
0.1795	-28517.4
0.18	-28393.4
0.1805	-28269.1
0.181	-28138.1
0.1815	-28013.7
0.182	-27888.8
0.1825	-27764.1
0.183	-27639.4
0.1835	-27520.8
0.184	-27395.7
0.1845	-27270.3
0.185	-27151.5
0.1855	-27026
0.186	-26906.7
0.1865	-26780.9
0.187	-26661.7
0.1875	-26542.2
0.188	-26422.6
0.1885	-26303
0.189	-26183.1
0.1895	-26063.2
0.19	-25943.1
0.1905	-25822.8
0.191	-25709.3
0.1915	-25589
0.192	-25468.5
0.1925	-25354.3
0.193	-25233.7
0.1935	-25119.4
0.194	-25005.2
0.1945	-24890.6
0.195	-24776.5
0.1955	-24661.8
0.196	-24546.9
0.1965	-24432
0.197	-24317.2
0.1975	-24202.3
0.198	-24087.1
0.1985	-23978.5
0.199	-23863.4
0.1995	-23754.5
0.2	-23639.4
0.2005	-23530.2
0.201	-23421.4
0.2015	-23305.9
0.202	-23196.5
0.2025	-23087.3
0.203	-22978.2
0.2035	-22868.7
0.204	-22759.3
0.2045	-22656.4
0.205	-22546.7
0.2055	-22437.1
0.206	-22334
0.2065	-22224.3
0.207	-22121
0.2075	-22010.9
0.208	-21907.5
0.2085	-21804.2
0.209	-21693.9
0.2095	-21590.3
0.21	-21486.6
0.2105	-21382.8
0.211	-21279.1
0.2115	-21175.2
0.212	-21078
0.2125	-20973.9
0.213	-20869.9
0.2135	-20772.4
0.214	-20668.2
0.2145	-20570.7
0.215	-20466.3
0.2155	-20368.9
0.216	-20271.1
0.2165	-20166.7
0.217	-20068.6
0.2175	-19970.9
0.218	-19872.9
0.2185	-19774.8
0.219	-19676.8
0.2195	-19578.9
0.22	-19480.7
0.2205	-19389
0.221	-19290.8
0.2215	-19192.5
0.222	-19100.9
0.2225	-19002.5
0.223	-18910.6
0.2235	-18819.1
0.224	-18720.6
0.2245	-18628.5
0.225	-18536.7
0.2255	-18444.6
0.226	-18352.6
0.2265	-18260.6
0.227	-18168.6
0.2275	-18076.3
0.228	-17984.2
0.2285	-17891.9
0.229	-17806.3
0.2295	-17714.2
0.23	-17621.8
0.2305	-17536.2
0.231	-17450.4
0.2315	-17357.9
0.232	-17272.2
0.2325	-17179.6
0.233	-17093.8
0.2335	-17008
0.234	-16922
0.2345	-16836
0.235	-16750.2
0.2355	-16664.2
0.236	-16578.1
0.2365	-16491.9
0.237	-16412.6
0.2375	-16326.4
0.238	-16240.4
0.2385	-16160.9
0.239	-16074.7
0.2395	-15995.2
0.24	-15908.7
0.2405	-15829.2
0.241	-15749.7
0.2415	-15663.3
0.242	-15583.5
0.2425	-15503.8
0.243	-15424.1
0.2435	-15344.4
0.244	-15264.5
0.2445	-15184.9
0.245	-15105
0.2455	-15025
0.246	-14945.4
0.2465	-14872.1
0.247	-14792.1
0.2475	-14718.9
0.248	-14639
0.2485	-14565.9
0.249	-14485.8
0.2495	-14412.4
0.25	-14332.5
0.2505	-14259.1
0.251	-14185.8
0.2515	-14112.4
0.252	-14038.8
0.2525	-13958.8
0.253	-13885.3
0.2535	-13811.9
0.254	-13745.1
0.2545	-13671.6
0.255	-13598.2
0.2555	-13524.7
0.256	-13450.9
0.2565	-13384.1
0.257	-13310.6
0.2575	-13243.8
0.258	-13170
0.2585	-13103.3
0.259	-13029.5
0.2595	-12962.6
0.26	-12895.6
0.2605	-12822
0.261	-12755
0.2615	-12688
0.262	-12621
0.2625	-12553.9
0.263	-12486.9
0.2635	-12419.9
0.264	-12352.7
0.2645	-12285.7
0.265	-12218.6
0.2655	-12158.3
0.266	-12091.2
0.2665	-12024
0.267	-11956.8
0.2675	-11896.5
0.268	-11829.3
0.2685	-11768.8
0.269	-11701.6
0.2695	-11641.1
0.27	-11580.8
0.2705	-11513.6
0.271	-11453
0.2715	-11392.5
0.272	-11332
0.2725	-11271.5
0.273	-11210.8
0.2735	-11150.3
0.274	-11089.8
0.2745	-11029.2
0.275	-10968.7
0.2755	-10908.1
0.276	-10847.4
0.2765	-10786.8
0.277	-10733
0.2775	-10672.4
0.278	-10611.7
0.2785	-10557.8
0.279	-10497.2
0.2795	-10443.2
0.28	-10382.6
0.2805	-10328.7
0.281	-10267.9
0.2815	-10214.1
0.282	-10160
0.2825	-10099.3
0.283	-10045.3
0.2835	-9991.42
0.284	-9937.34
0.2845	-9883.43
0.285	-9829.4
0.2855	-9775.44
0.286	-9721.4
0.2865	-9667.42
0.287	-9613.36
0.2875	-9559.37
0.288	-9505.31
0.2885	-9458.02
0.289	-9404.01
0.2895	-9349.94
0.29	-9302.61
0.2905	-9248.62
0.291	-9194.49
0.2915	-9147.16
0.292	-9099.93
0.2925	-9045.84
0.293	-8998.5
0.2935	-8944.34
0.294	-8897.02
0.2945	-8849.65
0.295	-8795.53
0.2955	-8748.2
0.296	-8700.81
0.2965	-8653.47
0.297	-8606.07
0.2975	-8558.73
0.298	-8511.37
0.2985	-8463.96
0.299	-8416.59
0.2995	-8369.22
0.3	-8321.85
0.3005	-8274.37
0.301	-8227
0.3015	-8186.36
0.302	-8138.87
0.3025	-8091.48
0.303	-8050.88
0.3035	-8003.39
0.304	-7955.89
0.3045	-7915.34
0.305	-7867.83
0.3055	-7827.23
0.306	-7779.71
0.3065	-7739
0.307	-7698.38
0.3075	-7650.86
0.308	-7610.28
0.3085	-7569.57
0.309	-7528.86
0.3095	-7481.33
0.31	-7440.6
0.3105	-7399.92
0.311	-7359.19
0.3115	-7318.46
0.312	-7277.72
0.3125	-7237.04
0.313	-7196.31
0.3135	-7155.58
0.314	-7114.88
0.3145	-7074.15
0.315	-7033.32
0.3155	-6999.43
0.316	-6958.68
0.3165	-6917.97
0.317	-6877.21
0.3175	-6840.47
0.318	-6802.48
0.3185	-6764.37
0.319	-6726.34
0.3195	-6688.26
0.32	-6650.91
0.3205	-6613.56
0.321	-6576.83
0.3215	-6539.47
0.322	-6502.75
0.3225	-6466.68
0.323	-6430
0.3235	-6393.96
0.324	-6357.89
0.3245	-6322.6
0.325	-6287.19
0.3255	-6251.83
0.326	-6216.48
0.3265	-6181.76
0.327	-6147.08
0.3275	-6112.35
0.328	-6077.66
0.3285	-6043.68
0.329	-6009.67
0.3295	-5976.3
0.33	-5942.29
0.3305	-5908.92
0.331	-5875.55
0.3315	-5842.89
0.332	-5810.2
0.3325	-5777.55
0.333	-5744.85
0.3335	-5712.18
0.334	-5680.16
0.3345	-5648.12
0.335	-5616.78
0.3355	-5584.8
0.336	-5553.46
0.3365	-5522.15
0.337	-5491.5
0.3375	-5460.12
0.338	-5429.46
0.3385	-5398.83
0.339	-5368.85
0.3395	-5338.84
0.34	-5308.17
0.3405	-5278.91
0.341	-5248.86
0.3415	-5219.59
0.342	-5190.28
0.3425	-5160.94
0.343	-5131.63
0.3435	-5102.97
0.344	-5074.35
0.3445	-5045.69
0.345	-5017.06
0.3455	-4989.08
0.346	-4961.14
0.3465	-4933.15
0.347	-4905.2
0.3475	-4877.9
0.348	-4850.63
0.3485	-4823.33
0.349	-4796.09
0.3495	-4768.75
0.35	-4742.13
0.3505	-4715.53
0.351	-4688.91
0.3515	-4662.26
0.352	-4636.38
0.3525	-4610.4
0.353	-4584.46
0.3535	-4558.57
0.354	-4533.28
0.3545	-4507.33
0.355	-4482.04
0.3555	-4456.83
0.356	-4432.21
0.3565	-4406.95
0.357	-4382.36
0.3575	-4357.75
0.358	-4333.16
0.3585	-4308.6
0.359	-4284.69
0.3595	-4260.79
0.36	-4236.85
0.3605	-4212.94
0.361	-4189.01
0.3615	-4165.78
0.362	-4142.55
0.3625	-4119.3
0.363	-4096.12
0.3635	-4072.86
0.364	-4050.31
0.3645	-4027.76
0.365	-4005.19
0.3655	-3982.64
0.366	-3960.06
0.3665	-3938.19
0.367	-3915.64
0.3675	-3893.75
0.368	-3871.87
0.3685	-3850.66
0.369	-3828.79
0.3695	-3807.6
0.37	-3786.38
0.3705	-3765.19
0.371	-3743.95
0.3715	-3722.74
0.372	-3702.23
0.3725	-3681.01
0.373	-3660.5
0.3735	-3639.99
0.374	-3620.13
0.3745	-3599.62
0.375	-3579.75
0.3755	-3559.21
0.376	-3539.37
0.3765	-3519.54
0.377	-3500.37
0.3775	-3480.53
0.378	-3461.34
0.3785	-3442.17
0.379	-3422.33
0.3795	-3403.84
0.38	-3384.68
0.3805	-3365.53
0.381	-3347
0.3815	-3328.52
0.382	-3309.36
0.3825	-3291.55
0.383	-3273.04
0.3835	-3254.56
0.384	-3236.75
0.3845	-3218.28
0.385	-3200.44
0.3855	-3182.63
0.386	-3164.83
0.3865	-3147.69
0.387	-3129.87
0.3875	-3112.76
0.388	-3094.96
0.3885	-3077.79
0.389	-3060.68
0.3895	-3043.56
0.39	-3027.08
0.3905	-3009.96
0.391	-2993.53
0.3915	-2977.05
0.392	-2959.92
0.3925	-2944.18
0.393	-2927.69
0.3935	-2911.25
0.394	-2894.82
0.3945	-2879.01
0.395	-2863.26
0.3955	-2847.47
0.396	-2831.7
0.3965	-2815.95
0.397	-2800.16
0.3975	-2784.4
0.398	-2769.32
0.3985	-2754.21
0.399	-2738.45
0.3995	-2723.33
0.4	-2708.26
0.4005	-2693.19
0.401	-2678.75
0.4015	-2663.67
0.402	-2649.25
0.4025	-2634.16
0.403	-2619.74
0.4035	-2605.35
0.404	-2590.94
0.4045	-2576.51
0.405	-2562.81
0.4055	-2548.38
0.406	-2534.66
0.4065	-2520.23
0.407	-2506.52
0.4075	-2492.77
0.408	-2479.05
0.4085	-2465.31
0.409	-2451.6
0.4095	-2438.56
0.41	-2424.82
0.4105	-2411.79
0.411	-2398.03
0.4115	-2385
0.412	-2371.94
0.4125	-2358.91
0.413	-2345.84
0.4135	-2333.5
0.414	-2320.44
0.4145	-2307.36
0.415	-2295.02
0.4155	-2282.64
0.416	-2269.61
0.4165	-2257.22
0.417	-2244.87
0.4175	-2232.49
0.418	-2220.83
0.4185	-2208.44
0.419	-2196.09
0.4195	-2184.4
0.42	-2172.72
0.4205	-2160.35
0.421	-2148.66
0.4215	-2136.99
0.422	-2125.28
0.4225	-2113.61
0.423	-2101.92
0.4235	-2090.94
0.424	-2079.23
0.4245	-2068.23
0.425	-2056.56
0.4255	-2045.55
0.426	-2034.55
0.4265	-2023.55
0.427	-2012.54
0.4275	-2001.55
0.428	-1990.53
0.4285	-1979.54
0.429	-1968.53
0.4295	-1958.21
0.43	-1947.22
0.4305	-1936.89
0.431	-1926.59
0.4315	-1916.27
0.432	-1905.25
0.4325	-1894.94
0.433	-1885.3
0.4335	-1874.98
0.434	-1864.67
0.4345	-1854.34
0.435	-1844.72
0.4355	-1834.39
0.436	-1824.75
0.4365	-1814.45
0.437	-1804.79
0.4375	-1795.15
0.438	-1785.54
0.4385	-1775.9
0.439	-1766.24
0.4395	-1756.62
0.44	-1746.98
0.4405	-1738.03
0.441	-1728.41
0.4415	-1718.75
0.442	-1709.8
0.4425	-1700.86
0.443	-1691.22
0.4435	-1682.26
0.444	-1673.32
0.4445	-1664.36
0.445	-1655.41
0.4455	-1646.47
0.446	-1637.51
0.4465	-1628.55
0.447	-1620.3
0.4475	-1611.34
0.448	-1603.07
0.4485	-1594.12
0.449	-1585.85
0.4495	-1576.89
0.45	-1568.62
0.4505	-1560.37
0.451	-1552.09
0.4515	-1543.82
0.452	-1535.56
0.4525	-1527.29
0.453	-1519.02
0.4535	-1510.75
0.454	-1502.48
0.4545	-1494.9
0.455	-1486.62
0.4555	-1479.06
0.456	-1470.78
0.4565	-1463.19
0.457	-1455.62
0.4575	-1447.35
0.458	-1439.76
0.4585	-1432.18
0.459	-1424.6
0.4595	-1417.01
0.46	-1409.42
0.4605	-1401.85
0.461	-1394.27
0.4615	-1387.36
0.462	-1379.79
0.4625	-1372.2
0.463	-1365.3
0.4635	-1357.72
0.464	-1350.82
0.4645	-1343.93
0.465	-1336.34
0.4655	-1329.44
0.466	-1322.55
0.4665	-1315.64
0.467	-1308.74
0.4675	-1301.86
0.468	-1294.96
0.4685	-1288.06
0.469	-1281.15
0.4695	-1274.26
0.47	-1267.36
0.4705	-1261.15
0.471	-1254.24
0.4715	-1247.36
0.472	-1241.14
0.4725	-1234.23
0.473	-1228.02
0.4735	-1221.82
0.474	-1214.92
0.4745	-1208.71
0.475	-1202.48
0.4755	-1196.29
0.476	-1190.07
0.4765	-1183.86
0.477	-1177.64
0.4775	-1171.44
0.478	-1165.22
0.4785	-1159
0.479	-1152.79
0.4795	-1146.59
0.48	-1141.06
0.4805	-1134.84
0.481	-1128.62
0.4815	-1123.11
0.482	-1116.89
0.4825	-1111.37
0.483	-1105.84
0.4835	-1099.63
0.484	-1094.1
0.4845	-1088.57
0.485	-1082.36
0.4855	-1076.84
0.486	-1071.31
0.4865	-1065.78
0.487	-1060.25
0.4875	-1054.72
0.488	-1049.21
0.4885	-1043.68
0.489	-1038.15
0.4895	-1033.31
0.49	-1027.79
0.4905	-1022.26
0.491	-1016.73
0.4915	-1011.89
0.492	-1006.37
0.4925	-1001.53
0.493	-996.002
0.4935	-991.164
0.494	-985.633
0.4945	-980.805
0.495	-975.959
0.4955	-970.428
0.496	-965.588
0.4965	-960.76
0.497	-955.92
0.4975	-951.08
0.498	-945.542
0.4985	-940.713
0.499	-935.872
0.4995	-931.031
0.5	-926.19
0.5005	-922.046
0.501	-917.204
0.5015	-912.363
0.502	-907.521
0.5025	-902.679
0.503	-898.54
0.5035	-893.692
0.504	-888.85
0.5045	-884.7
0.505	-879.867
0.5055	-875.717
0.506	-870.868
0.5065	-866.717
0.507	-861.883
0.5075	-857.732
0.508	-853.581
0.5085	-848.731
0.509	-844.589
0.5095	-840.438
0.51	-836.286
0.5105	-832.134
0.511	-827.298
0.5115	-823.141
0.512	-818.988
0.5125	-814.835
0.513	-810.692
0.5135	-806.539
0.514	-802.381
0.5145	-798.227
0.515	-794.767
0.5155	-790.623
0.516	-786.469
0.5165	-782.314
0.517	-778.156
0.5175	-774.704
0.518	-770.549
0.5185	-766.394
0.519	-762.933
0.5195	-758.782
0.52	-755.319
0.5205	-751.164
0.521	-747.702
0.5215	-743.556
0.522	-740.088
0.5225	-735.933
0.523	-732.47
0.5235	-729.016
0.524	-724.86
0.5245	-721.392
0.525	-717.928
0.5255	-714.465
0.526	-710.317
0.5265	-706.853
0.527	-703.385
0.5275	-699.921
0.528	-696.465
0.5285	-692.932
0.529	-689.468
0.5295	-686.003
0.53	-682.612
0.5305	-679.147
0.531	-675.752
0.5315	-672.356
0.532	-669.038
0.5325	-665.638
0.533	-662.312
0.5335	-658.985
0.534	-655.735
0.5345	-652.478
0.535	-649.216
0.5355	-645.959
0.536	-642.708
0.5365	-639.52
0.537	-636.331
0.5375	-633.138
0.538	-630.019
0.5385	-626.837
0.539	-623.786
0.5395	-620.667
0.54	-617.543
0.5405	-614.5
0.541	-611.449
0.5415	-608.398
0.542	-605.416
0.5425	-602.369
0.543	-599.387
0.5435	-596.405
0.544	-593.492
0.5445	-590.517
0.545	-587.604
0.5455	-584.688
0.546	-581.844
0.5465	-578.931
0.547	-576.094
0.5475	-573.25
0.548	-570.403
0.5485	-567.558
0.549	-564.79
0.5495	-562.016
0.55	-559.241
0.5505	-556.462
0.551	-553.763
0.5515	-551.057
0.552	-548.282
0.5525	-545.645
0.553	-542.942
0.5535	-540.236
0.554	-537.599
0.5545	-534.962
0.555	-532.332
0.5555	-529.761
0.556	-527.124
0.5565	-524.556
0.557	-521.988
0.5575	-519.426
0.558	-516.924
0.5585	-514.356
0.559	-511.857
0.5595	-509.365
0.56	-506.866
0.5605	-504.364
0.561	-501.934
0.5615	-499.51
0.562	-497.011
0.5625	-494.581
0.563	-492.218
0.5635	-489.788
0.564	-487.433
0.5645	-485.072
0.565	-482.711
0.5655	-480.35
0.566	-477.986
0.5665	-475.701
0.567	-473.409
0.5675	-471.048
0.568	-468.756
0.5685	-466.536
0.569	-464.245
0.5695	-462.022
0.57	-459.8
0.5705	-457.577
0.571	-455.36
0.5715	-453.134
0.572	-450.911
0.5725	-448.758
0.573	-446.604
0.5735	-444.456
0.574	-442.303
0.5745	-440.146
0.575	-438.062
0.5755	-435.908
0.576	-433.824
0.5765	-431.745
0.577	-429.66
0.5775	-427.573
0.578	-425.558
0.5785	-423.474
0.579	-421.464
0.5795	-419.448
0.58	-417.433
0.5805	-415.418
0.581	-413.4
0.5815	-411.454
0.582	-409.443
0.5825	-407.497
0.583	-405.551
0.5835	-403.604
0.584	-401.658
0.5845	-399.779
0.585	-397.833
0.5855	-395.96
0.586	-394.084
0.5865	-392.207
0.587	-390.33
0.5875	-388.453
0.588	-386.645
0.5885	-384.768
0.589	-382.962
0.5895	-381.085
0.59	-379.277
0.5905	-377.469
0.591	-375.731
0.5915	-373.923
0.592	-372.115
0.5925	-370.381
0.593	-368.642
0.5935	-366.834
0.594	-365.093
0.5945	-363.424
0.595	-361.686
0.5955	-359.947
0.596	-358.278
0.5965	-356.539
0.597	-354.869
0.5975	-353.2
0.598	-351.531
0.5985	-349.861
0.599	-348.192
0.5995	-346.592
0.6	-344.926
0.6005	-343.326
0.601	-341.726
0.6015	-340.056
0.602	-338.456
0.6025	-336.925
0.603	-335.325
0.6035	-333.725
0.604	-332.194
0.6045	-330.59
0.605	-329.059
0.6055	-327.528
0.606	-325.997
0.6065	-324.466
0.607	-322.935
0.6075	-321.404
0.608	-319.943
0.6085	-318.412
0.609	-316.95
0.6095	-315.419
0.61	-313.959
0.6105	-312.497
0.611	-311.036
0.6115	-309.574
0.612	-308.112
0.6125	-306.716
0.613	-305.255
0.6135	-303.862
0.614	-302.47
0.6145	-301.01
0.615	-299.618
0.6155	-298.222
0.616	-296.829
0.6165	-295.437
0.617	-294.114
0.6175	-292.722
0.618	-291.4
0.6185	-290.004
0.619	-288.681
0.6195	-287.358
0.62	-286.037
0.6205	-284.711
0.621	-283.388
0.6215	-282.065
0.622	-280.742
0.6225	-279.486
0.623	-278.163
0.6235	-276.91
0.624	-275.585
0.6245	-274.331
0.625	-273.077
0.6255	-271.821
0.626	-270.568
0.6265	-269.315
0.627	-268.058
0.6275	-266.875
0.628	-265.621
0.6285	-264.364
0.629	-263.18
0.6295	-261.998
0.63	-260.74
0.6305	-259.556
0.631	-258.374
0.6315	-257.186
0.632	-256.002
0.6325	-254.819
0.633	-253.701
0.6335	-252.517
0.634	-251.402
0.6345	-250.216
0.635	-249.101
0.6355	-247.917
0.636	-246.801
0.6365	-245.686
0.637	-244.571
0.6375	-243.453
0.638	-242.339
0.6385	-241.224
0.639	-240.106
0.6395	-239.062
0.64	-237.946
0.6405	-236.901
0.641	-235.785
0.6415	-234.739
0.642	-233.694
0.6425	-232.648
0.643	-231.533
0.6435	-230.488
0.644	-229.442
0.6445	-228.397
0.645	-227.42
0.6455	-226.374
0.646	-225.328
0.6465	-224.352
0.647	-223.306
0.6475	-222.33
0.648	-221.287
0.6485	-220.309
0.649	-219.333
0.6495	-218.359
0.65	-217.313
0.6505	-216.338
0.651	-215.433
0.6515	-214.456
0.652	-213.481
0.6525	-212.506
0.653	-211.531
0.6535	-210.626
0.654	-209.651
0.6545	-208.744
0.655	-207.769
0.6555	-206.865
0.656	-205.96
0.6565	-205.055
0.657	-204.081
0.6575	-203.175
0.658	-202.27
0.6585	-201.366
0.659	-200.463
0.6595	-199.627
0.66	-198.723
0.6605	-197.819
0.661	-196.913
0.6615	-196.08
0.662	-195.176
0.6625	-194.343
0.663	-193.438
0.6635	-192.606
0.664	-191.773
0.6645	-190.938
0.665	-190.106
0.6655	-189.202
0.666	-188.371
0.6665	-187.537
0.667	-186.705
0.6675	-185.942
0.668	-185.11
0.6685	-184.277
0.669	-183.443
0.6695	-182.683
0.67	-181.85
0.6705	-181.089
0.671	-180.257
0.6715	-179.496
0.672	-178.665
0.6725	-177.904
0.673	-177.142
0.6735	-176.383
0.674	-175.621
0.6745	-174.79
0.675	-174.032
0.6755	-173.27
0.676	-172.581
0.6765	-171.821
0.677	-171.061
0.6775	-170.302
0.678	-169.541
0.6785	-168.852
0.679	-168.094
0.6795	-167.404
0.68	-166.646
0.6805	-165.957
0.681	-165.198
0.6815	-164.51
0.682	-163.752
0.6825	-163.064
0.683	-162.375
0.6835	-161.689
0.684	-160.999
0.6845	-160.314
0.685	-159.625
0.6855	-158.937
0.686	-158.25
0.6865	-157.563
0.687	-156.876
0.6875	-156.188
0.688	-155.501
0.6885	-154.883
0.689	-154.196
0.6895	-153.579
0.69	-152.893
0.6905	-152.275
0.691	-151.589
0.6915	-150.972
0.692	-150.285
0.6925	-149.668
0.693	-149.05
0.6935	-148.435
0.694	-147.748
0.6945	-147.13
0.695	-146.514
0.6955	-145.897
0.696	-145.28
0.6965	-144.664
0.697	-144.048
0.6975	-143.431
0.698	-142.884
0.6985	-142.267
0.699	-141.649
0.6995	-141.033
0.7	-140.487
0.7005	-139.87
0.701	-139.323
0.7015	-138.707
0.702	-138.161
0.7025	-137.543
0.703	-136.997
0.7035	-136.451
0.704	-135.833
0.7045	-135.286
0.705	-134.74
0.7055	-134.193
0.706	-133.647
0.7065	-133.1
0.707	-132.553
0.7075	-132.006
0.708	-131.459
0.7085	-130.913
0.709	-130.365
0.7095	-129.818
0.71	-129.342
0.7105	-128.795
0.711	-128.247
0.7115	-127.771
0.712	-127.223
0.7125	-126.747
0.713	-126.2
0.7135	-125.723
0.714	-125.176
0.7145	-124.699
0.715	-124.223
0.7155	-123.674
0.716	-123.198
0.7165	-122.72
0.717	-122.243
0.7175	-121.767
0.718	-121.289
0.7185	-120.813
0.719	-120.336
0.7195	-119.858
0.72	-119.382
0.7205	-118.905
0.721	-118.499
0.7215	-118.022
0.722	-117.545
0.7225	-117.067
0.723	-116.661
0.7235	-116.181
0.724	-115.774
0.7245	-115.364
0.725	-114.868
0.7255	-114.442
0.726	-114.017
0.7265	-113.592
0.727	-113.167
0.7275	-112.742
0.728	-112.316
0.7285	-111.891
0.729	-111.466
0.7295	-111.041
0.73	-110.615
0.7305	-110.19
0.731	-109.765
0.7315	-109.41
0.732	-108.985
0.7325	-108.56
0.733	-108.134
0.7335	-107.709
0.734	-107.284
0.7345	-106.858
0.735	-106.504
0.7355	-106.079
0.736	-105.653
0.7365	-105.228
0.737	-104.873
0.7375	-104.448
0.738	-104.023
0.7385	-103.668
0.739	-103.243
0.7395	-102.818
0.74	-102.463
0.7405	-102.038
0.741	-101.612
0.7415	-101.258
0.742	-100.832
0.7425	-100.478
0.743	-100.052
0.7435	-99.627
0.744	-99.2725
0.7445	-98.847
0.745	-98.4925
0.7455	-98.067
0.746	-97.7125
0.7465	-97.287
0.747	-96.9325
0.7475	-96.5779
0.748	-96.1524
0.7485	-95.7979
0.749	-95.3724
0.7495	-95.0178
0.75	-94.6632
0.7505	-94.2377
0.751	-93.8831
0.7515	-93.5285
0.752	-93.103
0.7525	-92.7484
0.753	-92.3938
0.7535	-92.0391
0.754	-91.6136
0.7545	-91.259
0.755	-90.9043
0.7555	-90.5497
0.756	-90.1241
0.7565	-89.7695
0.757	-89.4148
0.7575	-89.0602
0.758	-88.7055
0.7585	-88.3509
0.759	-87.9962
0.7595	-87.5706
0.76	-87.2159
0.7605	-86.8612
0.761	-86.5065
0.7615	-86.1518
0.762	-85.7971
0.7625	-85.4424
0.763	-85.0877
0.7635	-84.733
0.764	-84.3783
0.7645	-84.0235
0.765	-83.6688
0.7655	-83.3141
0.766	-82.9593
0.7665	-82.6046
0.767	-82.3208
0.7675	-81.966
0.768	-81.6113
0.7685	-81.2565
0.769	-80.9018
0.7695	-80.547
0.77	-80.1922
0.7705	-79.9084
0.771	-79.5536
0.7715	-79.1988
0.772	-78.844
0.7725	-78.4892
0.773	-78.2053
0.7735	-77.8505
0.774	-77.4957
0.7745	-77.2118
0.775	-76.857
0.7755	-76.5022
0.776	-76.1473
0.7765	-75.8635
0.777	-75.5086
0.7775	-75.2247
0.778	-74.8699
0.7785	-74.515
0.779	-74.2311
0.7795	-73.8762
0.78	-73.5923
0.7805	-73.2375
0.781	-72.8826
0.7815	-72.5987
0.782	-72.2438
0.7825	-71.9598
0.783	-71.6049
0.7835	-71.321
0.784	-70.9945
0.7845	-70.675
0.785	-70.3627
0.7855	-70.0433
0.786	-69.7309
0.7865	-69.4186
0.787	-69.1062
0.7875	-68.7938
0.788	-68.4815
0.7885	-68.1691
0.789	-67.8638
0.7895	-67.5514
0.79	-67.2462
0.7905	-66.9409
0.791	-66.6356
0.7915	-66.3303
0.792	-66.025
0.7925	-65.7197
0.793	-65.4215
0.7935	-65.1162
0.794	-64.8179
0.7945	-64.5197
0.795	-64.2144
0.7955	-63.9161
0.796	-63.625
0.7965	-63.3268
0.797	-63.0285
0.7975	-62.7374
0.798	-62.4391
0.7985	-62.148
0.799	-61.8568
0.7995	-61.5585
0.8	-61.2674
0.8005	-60.9833
0.801	-60.6921
0.8015	-60.4009
0.802	-60.1168
0.8025	-59.8257
0.803	-59.5416
0.8035	-59.2575
0.804	-58.9734
0.8045	-58.6893
0.805	-58.4051
0.8055	-58.121
0.806	-57.8369
0.8065	-57.5599
0.807	-57.2829
0.8075	-56.9987
0.808	-56.7217
0.8085	-56.4447
0.809	-56.1676
0.8095	-55.8906
0.81	-55.6135
0.8105	-55.3436
0.811	-55.0665
0.8115	-54.7966
0.812	-54.5266
0.8125	-54.2495
0.813	-53.9795
0.8135	-53.7096
0.814	-53.4396
0.8145	-53.1767
0.815	-52.9067
0.8155	-52.6367
0.816	-52.3738
0.8165	-52.1038
0.817	-51.8409
0.8175	-51.578
0.818	-51.3151
0.8185	-51.0522
0.819	-50.7893
0.8195	-50.5335
0.82	-50.2706
0.8205	-50.0148
0.821	-49.7518
0.8215	-49.496
0.822	-49.2402
0.8225	-48.9843
0.823	-48.7285
0.8235	-48.4726
0.824	-48.2168
0.8245	-47.968
0.825	-47.7122
0.8255	-47.4634
0.826	-47.2076
0.8265	-46.9588
0.827	-46.71
0.8275	-46.4613
0.828	-46.2125
0.8285	-45.9708
0.829	-45.722
0.8295	-45.4732
0.83	-45.2316
0.8305	-44.9828
0.831	-44.7411
0.8315	-44.4994
0.832	-44.2577
0.8325	-44.016
0.833	-43.7743
0.8335	-43.5326
0.834	-43.2909
0.8345	-43.0562
0.835	-42.8145
0.8355	-42.5799
0.836	-42.3453
0.8365	-42.1107
0.837	-41.876
0.8375	-41.6414
0.838	-41.4068
0.8385	-41.1721
0.839	-40.9375
0.8395	-40.71
0.84	-40.4753
0.8405	-40.2478
0.841	-40.0202
0.8415	-39.7856
0.842	-39.558
0.8425	-39.3304
0.843	-39.1029
0.8435	-38.8824
0.844	-38.6548
0.8445	-38.4273
0.845	-38.2068
0.8455	-37.9863
0.846	-37.7588
0.8465	-37.5383
0.847	-37.3178
0.8475	-37.0973
0.848	-36.8768
0.8485	-36.6563
0.849	-36.4429
0.8495	-36.2224
0.85	-36.0019
0.8505	-35.7885
0.851	-35.5751
0.8515	-35.3546
0.852	-35.1412
0.8525	-34.9278
0.853	-34.7144
0.8535	-34.501
0.854	-34.2947
0.8545	-34.0813
0.855	-33.8749
0.8555	-33.6615
0.856	-33.4552
0.8565	-33.2417
0.857	-33.0354
0.8575	-32.8291
0.858	-32.6228
0.8585	-32.4164
0.859	-32.2172
0.8595	-32.0108
0.86	-31.8045
0.8605	-31.6053
0.861	-31.3989
0.8615	-31.1996
0.862	-31.0004
0.8625	-30.794
0.863	-30.5948
0.8635	-30.3955
0.864	-30.2034
0.8645	-30.0041
0.865	-29.8048
0.8655	-29.6056
0.866	-29.4134
0.8665	-29.2212
0.867	-29.0219
0.8675	-28.8298
0.868	-28.6376
0.8685	-28.4454
0.869	-28.2532
0.8695	-28.061
0.87	-27.8689
0.8705	-27.6838
0.871	-27.4916
0.8715	-27.3065
0.872	-27.1143
0.8725	-26.9292
0.873	-26.7441
0.8735	-26.559
0.874	-26.3668
0.8745	-26.1817
0.875	-26.0037
0.8755	-25.8186
0.876	-25.6335
0.8765	-25.4555
0.877	-25.2704
0.8775	-25.0924
0.878	-24.9072
0.8785	-24.7292
0.879	-24.5512
0.8795	-24.3732
0.88	-24.1952
0.8805	-24.0172
0.881	-23.8391
0.8815	-23.6611
0.882	-23.4902
0.8825	-23.3121
0.883	-23.1412
0.8835	-22.9703
0.884	-22.7922
0.8845	-22.6213
0.885	-22.4504
0.8855	-22.2794
0.886	-22.1085
0.8865	-21.9376
0.887	-21.7737
0.8875	-21.6028
0.888	-21.4318
0.8885	-21.268
0.889	-21.097
0.8895	-20.9332
0.89	-20.7693
0.8905	-20.6055
0.891	-20.4416
0.8915	-20.2778
0.892	-20.1139
0.8925	-19.9501
0.893	-19.7862
0.8935	-19.6294
0.894	-19.4656
0.8945	-19.3088
0.895	-19.1521
0.8955	-18.9882
0.896	-18.8314
0.8965	-18.6747
0.897	-18.5179
0.8975	-18.3611
0.898	-18.2043
0.8985	-18.0547
0.899	-17.8979
0.8995	-17.7411
0.9	-17.5915
0.9005	-17.4347
0.901	-17.285
0.9015	-17.1353
0.902	-16.9857
0.9025	-16.836
0.903	-16.6863
0.9035	-16.5366
0.904	-16.3869
0.9045	-16.2372
0.905	-16.0947
0.9055	-15.945
0.906	-15.8024
0.9065	-15.6527
0.907	-15.5101
0.9075	-15.3675
0.908	-15.2178
0.9085	-15.0752
0.909	-14.9326
0.9095	-14.7972
0.91	-14.6546
0.9105	-14.5119
0.911	-14.3693
0.9115	-14.2339
0.912	-14.0912
0.9125	-13.9558
0.913	-13.8203
0.9135	-13.6848
0.914	-13.5493
0.9145	-13.4138
0.915	-13.2783
0.9155	-13.1428
0.916	-13.0073
0.9165	-12.8718
0.917	-12.7434
0.9175	-12.6079
0.918	-12.4795
0.9185	-12.3439
0.919	-12.2155
0.9195	-12.0871
0.92	-11.9587
0.9205	-11.8303
0.921	-11.7019
0.9215	-11.5735
0.922	-11.4451
0.9225	-11.3167
0.923	-11.1954
0.9235	-11.067
0.924	-10.9457
0.9245	-10.8244
0.925	-10.6959
0.9255	-10.5746
0.926	-10.4533
0.9265	-10.332
0.927	-10.2107
0.9275	-10.0894
0.928	-9.97519
0.9285	-9.85386
0.929	-9.73254
0.9295	-9.61834
0.93	-9.49701
0.9305	-9.38281
0.931	-9.2686
0.9315	-9.1544
0.932	-9.03305
0.9325	-8.91884
0.933	-8.81176
0.9335	-8.69754
0.934	-8.58331
0.9345	-8.46909
0.935	-8.362
0.9355	-8.24776
0.936	-8.14067
0.9365	-8.03357
0.937	-7.91932
0.9375	-7.81222
0.938	-7.70511
0.9385	-7.59799
0.939	-7.49088
0.9395	-7.38376
0.94	-7.28378
0.9405	-7.17665
0.941	-7.07309
0.9415	-6.96953
0.942	-6.86668
0.9425	-6.76454
0.943	-6.66311
0.9435	-6.56239
0.944	-6.46167
0.9445	-6.36237
0.945	-6.26307
0.9455	-6.16448
0.946	-6.06661
0.9465	-5.96944
0.947	-5.87298
0.9475	-5.77724
0.948	-5.68149
0.9485	-5.58717
0.949	-5.49356
0.9495	-5.39995
0.95	-5.30705
0.9505	-5.21485
0.951	-5.12266
0.9515	-5.03189
0.952	-4.94184
0.9525	-4.85177
0.953	-4.76243
0.9535	-4.6745
0.954	-4.58658
0.9545	-4.49936
0.955	-4.41286
0.9555	-4.32707
0.956	-4.24127
0.9565	-4.15691
0.957	-4.07253
0.9575	-3.98959
0.958	-3.90736
0.9585	-3.82512
0.959	-3.74359
0.9595	-3.66278
0.96	-3.58268
0.9605	-3.50329
0.961	-3.42461
0.9615	-3.34665
0.962	-3.26868
0.9625	-3.19213
0.963	-3.1163
0.9635	-3.04047
0.964	-2.96606
0.9645	-2.89165
0.965	-2.81867
0.9655	-2.74568
0.966	-2.67412
0.9665	-2.60256
0.967	-2.53171
0.9675	-2.46157
0.968	-2.39286
0.9685	-2.32415
0.969	-2.25615
0.9695	-2.18958
0.97	-2.123
0.9705	-2.05713
0.971	-1.9927
0.9715	-1.92826
0.972	-1.86525
0.9725	-1.80223
0.973	-1.74064
0.9735	-1.67905
0.974	-1.61889
0.9745	-1.56016
0.975	-1.50142
0.9755	-1.4434
0.976	-1.3868
0.9765	-1.33092
0.977	-1.27575
0.9775	-1.22129
0.978	-1.16826
0.9785	-1.11595
0.979	-1.06506
0.9795	-1.01489
0.98	-0.966144
0.9805	-0.918114
0.981	-0.870797
0.9815	-0.825627
0.982	-0.780454
0.9825	-0.737428
0.983	-0.695115
0.9835	-0.653947
0.984	-0.613922
0.9845	-0.575041
0.985	-0.537233
