0.0015	-81525.8
0.002	-81528
0.0025	-81532
0.003	-81481.9
0.0035	-81488.1
0.004	-81441
0.0045	-81448.4
0.005	-81403
0.0055	-81412.3
0.006	-81368.7
0.0065	-81379.8
0.007	-81338
0.0075	-81296.9
0.008	-81256.9
0.0085	-81217.6
0.009	-81178.9
0.0095	-81141.3
0.01	-81104.9
0.0105	-81069.2
0.011	-81034
0.0115	-81000
0.012	-80912.5
0.0125	-80879.6
0.013	-80848
0.0135	-80763.3
0.014	-80732.9
0.0145	-80649.3
0.015	-80566.9
0.0155	-80539.4
0.016	-80458
0.0165	-80377.9
0.017	-80352.5
0.0175	-80273.4
0.018	-80195.4
0.0185	-80117.9
0.019	-80042.2
0.0195	-79965.1
0.02	-79889.8
0.0205	-79816.1
0.021	-79686.7
0.0215	-79613.5
0.022	-79541.9
0.0225	-79469
0.023	-79343.8
0.0235	-79273.1
0.024	-79147.6
0.0245	-79079
0.025	-78955.5
0.0255	-78887.2
0.026	-78764.7
0.0265	-78643.1
0.027	-78576.2
0.0275	-78455.4
0.028	-78335
0.0285	-78215.1
0.029	-78151.6
0.0295	-78031.8
0.03	-77914.2
0.0305	-77796.4
0.031	-77678.9
0.0315	-77561.8
0.032	-77445.1
0.0325	-77328.7
0.033	-77212.7
0.0335	-77042.4
0.034	-76927.1
0.0345	-76812.1
0.035	-76698
0.0355	-76528.3
0.036	-76415.4
0.0365	-76301.2
0.037	-76132.3
0.0375	-76020.3
0.038	-75907.6
0.0385	-75738.9
0.039	-75627.9
0.0395	-75460.3
0.04	-75348.6
0.0405	-75182
0.041	-75014.1
0.0415	-74903.3
0.042	-74737.3
0.0425	-74626.5
0.043	-74460
0.0435	-74293.5
0.044	-74127.4
0.0445	-74017
0.045	-73851.2
0.0455	-73685
0.046	-73519.6
0.0465	-73409.1
0.047	-73244
0.0475	-73078
0.048	-72912.2
0.0485	-72745.9
0.049	-72579.8
0.0495	-72413.9
0.05	-72304.3
0.0505	-72138.2
0.051	-71972.2
0.0515	-71805.8
0.052	-71640.1
0.0525	-71472.9
0.053	-71306.4
0.0535	-71140.5
0.054	-70973.7
0.0545	-70806.9
0.055	-70639.8
0.0555	-70472.3
0.056	-70304.9
0.0565	-70137.5
0.057	-69969.9
0.0575	-69745.2
0.058	-69577.1
0.0585	-69408.6
0.059	-69240.1
0.0595	-69071.3
0.06	-68903
0.0605	-68732.8
0.061	-68563.6
0.0615	-68394.6
0.062	-68224.6
0.0625	-68054.1
0.063	-67825.7
0.0635	-67654.9
0.064	-67483.7
0.0645	-67312.9
0.065	-67140.4
0.0655	-66968.3
0.066	-66796.7
0.0665	-66623.3
0.067	-66392.4
0.0675	-66219
0.068	-66045.2
0.0685	-65871
0.069	-65696.8
0.0695	-65522.5
0.07	-65346.5
0.0705	-65171
0.071	-64936.1
0.0715	-64760.6
0.072	-64583.7
0.0725	-64406.4
0.073	-64229.6
0.0735	-64050.9
0.074	-63873.2
0.0745	-63693.7
0.075	-63515
0.0755	-63335.6
0.076	-63095.7
0.0765	-62915.3
0.077	-62734
0.0775	-62552.7
0.078	-62371.4
0.0785	-62188.8
0.079	-62005.3
0.0795	-61822.6
0.08	-61638.7
0.0805	-61454.4
0.081	-61269.6
0.0815	-61084.4
0.082	-60899.1
0.0825	-60713
0.083	-60526.1
0.0835	-60345.2
0.084	-60157.3
0.0845	-59975.2
0.085	-59786.5
0.0855	-59603.8
0.086	-59413.5
0.0865	-59229.2
0.087	-59044.5
0.0875	-58859.8
0.088	-58674.2
0.0885	-58487.9
0.089	-58301.1
0.0895	-58120
0.09	-57932.8
0.0905	-57750.5
0.091	-57561.7
0.0915	-57378.6
0.092	-57194.7
0.0925	-57011.2
0.093	-56825.7
0.0935	-56640.7
0.094	-56454.9
0.0945	-56275.1
0.095	-56088.5
0.0955	-55907.2
0.096	-55725.6
0.0965	-55537
0.097	-55355
0.0975	-55171.1
0.098	-54988
0.0985	-54809.9
0.099	-54624.5
0.0995	-54439.9
0.1	-54260.4
0.1005	-54080.1
0.101	-53893.3
0.1015	-53712.7
0.102	-53530.7
0.1025	-53348.9
0.103	-53172.8
0.1035	-52989.7
0.104	-52812.1
0.1045	-52628
0.105	-52449.8
0.1055	-52270.8
0.106	-52091.9
0.1065	-51911.6
0.107	-51731.3
0.1075	-51551.1
0.108	-51376.1
0.1085	-51194.1
0.109	-51018.2
0.1095	-50835.9
0.11	-50659
0.1105	-50481.1
0.111	-50303.2
0.1115	-50131.6
0.112	-49952.7
0.1125	-49773.6
0.113	-49600.1
0.1135	-49426
0.114	-49245.3
0.1145	-49070.6
0.115	-48895.7
0.1155	-48725.8
0.116	-48549.6
0.1165	-48373.4
0.117	-48202.7
0.1175	-48025
0.118	-47853.4
0.1185	-47681.3
0.119	-47508.8
0.1195	-47335.8
0.12	-47162.5
0.1205	-46988.6
0.121	-46821.2
0.1215	-46646.2
0.122	-46477.9
0.1225	-46308.8
0.123	-46139.2
0.1235	-45969.3
0.124	-45798.5
0.1245	-45628.1
0.125	-45457.4
0.1255	-45291.8
0.126	-45120.3
0.1265	-44953.9
0.127	-44787.5
0.1275	-44614.8
0.128	-44447.7
0.1285	-44286.5
0.129	-44118.7
0.1295	-43950.3
0.13	-43788.2
0.1305	-43619.1
0.131	-43455.7
0.1315	-43285.9
0.132	-43122.6
0.1325	-42958.6
0.133	-42794.1
0.1335	-42635.9
0.134	-42470.7
0.1345	-42305.3
0.135	-42145.9
0.1355	-41980.1
0.136	-41820
0.1365	-41659.3
0.137	-41498.9
0.1375	-41337.4
0.138	-41176.4
0.1385	-41014.6
0.139	-40859.1
0.1395	-40696.7
0.14	-40540.6
0.1405	-40377.6
0.141	-40220.6
0.1415	-40063.5
0.142	-39906.4
0.1425	-39748.2
0.143	-39590.6
0.1435	-39432.2
0.144	-39280
0.1445	-39121.3
0.145	-38968.6
0.1455	-38808.6
0.146	-38655.7
0.1465	-38502
0.147	-38348.1
0.1475	-38194.3
0.148	-38039.8
0.1485	-37885
0.149	-37736.5
0.1495	-37581.6
0.15	-37432.9
0.1505	-37277
0.151	-37127.5
0.1515	-36978.1
0.152	-36828.1
0.1525	-36677.9
0.153	-36527.4
0.1535	-36376.5
0.154	-36225.7
0.1545	-36081.4
0.155	-35929.9
0.1555	-35784.9
0.156	-35632.8
0.1565	-35487.1
0.157	-35341.5
0.1575	-35195.7
0.158	-35049.6
0.1585	-34903
0.159	-34756.4
0.1595	-34609.3
0.16	-34468.7
0.1605	-34321.6
0.161	-34180.8
0.1615	-34032.8
0.162	-33891.5
0.1625	-33750.2
0.163	-33608.3
0.1635	-33459.5
0.164	-33324.5
0.1645	-33181.9
0.165	-33039.2
0.1655	-32896.6
0.166	-32760.2
0.1665	-32617.2
0.167	-32480.4
0.1675	-32337
0.168	-32199.8
0.1685	-32062.6
0.169	-31925.4
0.1695	-31787.9
0.17	-31650
0.1705	-31512
0.171	-31374.1
0.1715	-31235.6
0.172	-31103.9
0.1725	-30965.3
0.173	-30833.3
0.1735	-30694.2
0.174	-30561.7
0.1745	-30429.3
0.175	-30296.6
0.1755	-30163.5
0.176	-30030.5
0.1765	-29897.2
0.177	-29763.9
0.1775	-29630.5
0.178	-29503.3
0.1785	-29369.8
0.179	-29242.2
0.1795	-29108.4
0.18	-28980.9
0.1805	-28853.2
0.181	-28718.6
0.1815	-28590.7
0.182	-28462.4
0.1825	-28334.3
0.183	-28206.2
0.1835	-28084.3
0.184	-27955.8
0.1845	-27826.9
0.185	-27704.9
0.1855	-27576
0.186	-27453.5
0.1865	-27324.3
0.187	-27201.8
0.1875	-27079.1
0.188	-26956.4
0.1885	-26833.6
0.189	-26710.4
0.1895	-26587.3
0.19	-26464.1
0.1905	-26340.6
0.191	-26224
0.1915	-26100.5
0.192	-25976.9
0.1925	-25859.6
0.193	-25735.9
0.1935	-25618.6
0.194	-25501.3
0.1945	-25383.8
0.195	-25266.6
0.1955	-25149
0.196	-25031.1
0.1965	-24913.2
0.197	-24795.4
0.1975	-24677.6
0.198	-24559.4
0.1985	-24448
0.199	-24329.9
0.1995	-24218.2
0.2	-24100.1
0.2005	-23988.1
0.201	-23876.5
0.2015	-23758.1
0.202	-23645.9
0.2025	-23533.9
0.203	-23422
0.2035	-23309.8
0.204	-23197.6
0.2045	-23092.2
0.205	-22979.7
0.2055	-22867.3
0.206	-22761.6
0.2065	-22649.1
0.207	-22543.2
0.2075	-22430.4
0.208	-22324.4
0.2085	-22218.6
0.209	-22105.5
0.2095	-21999.3
0.21	-21893.1
0.2105	-21786.7
0.211	-21680.5
0.2115	-21574.1
0.212	-21474.4
0.2125	-21367.8
0.213	-21261.2
0.2135	-21161.4
0.214	-21054.6
0.2145	-20954.7
0.215	-20847.8
0.2155	-20748
0.216	-20647.9
0.2165	-20540.9
0.217	-20440.5
0.2175	-20340.4
0.218	-20240.1
0.2185	-20139.6
0.219	-20039.3
0.2195	-19939
0.22	-19838.4
0.2205	-19744.6
0.221	-19644
0.2215	-19543.4
0.222	-19449.6
0.2225	-19348.9
0.223	-19254.8
0.2235	-19161.1
0.224	-19060.3
0.2245	-18966.1
0.225	-18872.1
0.2255	-18777.8
0.226	-18683.7
0.2265	-18589.5
0.227	-18495.3
0.2275	-18400.9
0.228	-18306.7
0.2285	-18212.2
0.229	-18124.6
0.2295	-18030.4
0.23	-17935.9
0.2305	-17848.3
0.231	-17760.5
0.2315	-17665.9
0.232	-17578.2
0.2325	-17483.5
0.233	-17395.8
0.2335	-17307.9
0.234	-17220
0.2345	-17132
0.235	-17044.4
0.2355	-16956.4
0.236	-16868.3
0.2365	-16780.1
0.237	-16699.1
0.2375	-16611
0.238	-16523
0.2385	-16441.7
0.239	-16353.5
0.2395	-16272.2
0.24	-16183.8
0.2405	-16102.6
0.241	-16021.3
0.2415	-15933
0.242	-15851.4
0.2425	-15770
0.243	-15688.5
0.2435	-15607
0.244	-15525.4
0.2445	-15444
0.245	-15362.3
0.2455	-15280.6
0.246	-15199.2
0.2465	-15124.3
0.247	-15042.5
0.2475	-14967.8
0.248	-14886.1
0.2485	-14811.4
0.249	-14729.5
0.2495	-14654.6
0.25	-14572.9
0.2505	-14498
0.251	-14423.1
0.2515	-14348.1
0.252	-14272.9
0.2525	-14191.1
0.253	-14116.1
0.2535	-14041.1
0.254	-13972.9
0.2545	-13897.8
0.255	-13822.8
0.2555	-13747.8
0.256	-13672.5
0.2565	-13604.3
0.257	-13529.2
0.2575	-13460.9
0.258	-13385.6
0.2585	-13317.4
0.259	-13242.2
0.2595	-13173.8
0.26	-13105.4
0.2605	-13030.3
0.261	-12961.9
0.2615	-12893.5
0.262	-12825.1
0.2625	-12756.6
0.263	-12688.2
0.2635	-12619.7
0.264	-12551.2
0.2645	-12482.8
0.265	-12414.3
0.2655	-12352.7
0.266	-12284.3
0.2665	-12215.7
0.267	-12147.1
0.2675	-12085.6
0.268	-12017
0.2685	-11955.3
0.269	-11886.7
0.2695	-11825
0.27	-11763.4
0.2705	-11694.8
0.271	-11633.1
0.2715	-11571.4
0.272	-11509.6
0.2725	-11447.9
0.273	-11386
0.2735	-11324.2
0.274	-11262.5
0.2745	-11200.7
0.275	-11139
0.2755	-11077.2
0.276	-11015.3
0.2765	-10953.5
0.277	-10898.6
0.2775	-10836.8
0.278	-10774.8
0.2785	-10719.9
0.279	-10658.1
0.2795	-10603
0.28	-10541.2
0.2805	-10486.3
0.281	-10424.3
0.2815	-10369.4
0.282	-10314.3
0.2825	-10252.4
0.283	-10197.4
0.2835	-10142.4
0.284	-10087.3
0.2845	-10032.3
0.285	-9977.25
0.2855	-9922.25
0.286	-9867.16
0.2865	-9812.14
0.287	-9757.04
0.2875	-9702
0.288	-9646.91
0.2885	-9598.71
0.289	-9543.67
0.2895	-9488.56
0.29	-9440.33
0.2905	-9385.3
0.291	-9330.14
0.2915	-9281.91
0.292	-9233.78
0.2925	-9178.67
0.293	-9130.44
0.2935	-9075.26
0.294	-9027.04
0.2945	-8978.78
0.295	-8923.64
0.2955	-8875.42
0.296	-8827.14
0.2965	-8778.92
0.297	-8730.63
0.2975	-8682.4
0.298	-8634.16
0.2985	-8585.87
0.299	-8537.62
0.2995	-8489.37
0.3	-8441.12
0.3005	-8392.77
0.301	-8344.52
0.3015	-8303.14
0.302	-8254.78
0.3025	-8206.51
0.303	-8165.16
0.3035	-8116.8
0.304	-8068.44
0.3045	-8027.14
0.305	-7978.77
0.3055	-7937.43
0.306	-7889.06
0.3065	-7847.6
0.307	-7806.25
0.3075	-7757.87
0.308	-7716.56
0.3085	-7675.11
0.309	-7633.66
0.3095	-7585.28
0.31	-7543.82
0.3105	-7502.41
0.311	-7460.96
0.3115	-7419.5
0.312	-7378.04
0.3125	-7336.63
0.313	-7295.18
0.3135	-7253.72
0.314	-7212.3
0.3145	-7170.85
0.315	-7129.3
0.3155	-7094.81
0.316	-7053.34
0.3165	-7011.92
0.317	-6970.45
0.3175	-6933.06
0.318	-6894.41
0.3185	-6855.63
0.319	-6816.94
0.3195	-6778.2
0.32	-6740.2
0.3205	-6702.19
0.321	-6664.84
0.3215	-6626.83
0.322	-6589.48
0.3225	-6552.78
0.323	-6515.47
0.3235	-6478.81
0.324	-6442.12
0.3245	-6406.22
0.325	-6370.21
0.3255	-6334.24
0.326	-6298.29
0.3265	-6262.99
0.327	-6227.71
0.3275	-6192.39
0.328	-6157.12
0.3285	-6122.56
0.329	-6087.98
0.3295	-6054.05
0.33	-6019.46
0.3305	-5985.53
0.331	-5951.6
0.3315	-5918.4
0.332	-5885.16
0.3325	-5851.95
0.333	-5818.71
0.3335	-5785.5
0.334	-5752.95
0.3345	-5720.37
0.335	-5688.52
0.3355	-5656.01
0.336	-5624.15
0.3365	-5592.33
0.337	-5561.17
0.3375	-5529.28
0.338	-5498.11
0.3385	-5466.98
0.339	-5436.51
0.3395	-5406.01
0.34	-5374.84
0.3405	-5345.1
0.341	-5314.56
0.3415	-5284.81
0.342	-5255.03
0.3425	-5225.22
0.343	-5195.44
0.3435	-5166.32
0.344	-5137.23
0.3445	-5108.11
0.345	-5079.03
0.3455	-5050.6
0.346	-5022.2
0.3465	-4993.77
0.347	-4965.37
0.3475	-4937.64
0.348	-4909.94
0.3485	-4882.2
0.349	-4854.53
0.3495	-4826.76
0.35	-4799.72
0.3505	-4772.7
0.351	-4745.66
0.3515	-4718.59
0.352	-4692.3
0.3525	-4665.92
0.353	-4639.57
0.3535	-4613.28
0.354	-4587.59
0.3545	-4561.24
0.355	-4535.55
0.3555	-4509.95
0.356	-4484.96
0.3565	-4459.3
0.357	-4434.34
0.3575	-4409.35
0.358	-4384.38
0.3585	-4359.44
0.359	-4335.16
0.3595	-4310.89
0.36	-4286.59
0.3605	-4262.31
0.361	-4238.01
0.3615	-4214.43
0.362	-4190.85
0.3625	-4167.25
0.363	-4143.71
0.3635	-4120.11
0.364	-4097.22
0.3645	-4074.33
0.365	-4051.41
0.3655	-4028.53
0.366	-4005.61
0.3665	-3983.41
0.367	-3960.52
0.3675	-3938.3
0.368	-3916.1
0.3685	-3894.57
0.369	-3872.38
0.3695	-3850.87
0.37	-3829.34
0.3705	-3807.84
0.371	-3786.29
0.3715	-3764.76
0.372	-3743.95
0.3725	-3722.42
0.373	-3701.6
0.3735	-3680.79
0.374	-3660.65
0.3745	-3639.84
0.375	-3619.67
0.3755	-3598.84
0.376	-3578.71
0.3765	-3558.59
0.377	-3539.14
0.3775	-3519.02
0.378	-3499.55
0.3785	-3480.1
0.379	-3459.98
0.3795	-3441.22
0.38	-3421.79
0.3805	-3402.36
0.381	-3383.57
0.3815	-3364.83
0.382	-3345.4
0.3825	-3327.33
0.383	-3308.56
0.3835	-3289.82
0.384	-3271.76
0.3845	-3253.02
0.385	-3234.93
0.3855	-3216.87
0.386	-3198.82
0.3865	-3181.43
0.387	-3163.37
0.3875	-3146.02
0.388	-3127.97
0.3885	-3110.56
0.389	-3093.21
0.3895	-3075.86
0.39	-3059.14
0.3905	-3041.79
0.391	-3025.13
0.3915	-3008.42
0.392	-2991.06
0.3925	-2975.1
0.393	-2958.38
0.3935	-2941.72
0.394	-2925.06
0.3945	-2909.04
0.395	-2893.07
0.3955	-2877.07
0.396	-2861.08
0.3965	-2845.11
0.397	-2829.11
0.3975	-2813.14
0.398	-2797.85
0.3985	-2782.54
0.399	-2766.57
0.3995	-2751.25
0.4	-2735.97
0.4005	-2720.7
0.401	-2706.07
0.4015	-2690.79
0.402	-2676.17
0.4025	-2660.88
0.403	-2646.27
0.4035	-2631.68
0.404	-2617.09
0.4045	-2602.47
0.405	-2588.58
0.4055	-2573.96
0.406	-2560.06
0.4065	-2545.44
0.407	-2531.55
0.4075	-2517.62
0.408	-2503.73
0.4085	-2489.81
0.409	-2475.91
0.4095	-2462.7
0.41	-2448.78
0.4105	-2435.58
0.411	-2421.65
0.4115	-2408.45
0.412	-2395.22
0.4125	-2382.02
0.413	-2368.78
0.4135	-2356.28
0.414	-2343.05
0.4145	-2329.81
0.415	-2317.31
0.4155	-2304.77
0.416	-2291.57
0.4165	-2279.03
0.417	-2266.52
0.4175	-2253.99
0.418	-2242.18
0.4185	-2229.63
0.419	-2217.13
0.4195	-2205.29
0.42	-2193.46
0.4205	-2180.93
0.421	-2169.09
0.4215	-2157.28
0.422	-2145.43
0.4225	-2133.61
0.423	-2121.77
0.4235	-2110.66
0.424	-2098.8
0.4245	-2087.66
0.425	-2075.85
0.4255	-2064.7
0.426	-2053.57
0.4265	-2042.43
0.427	-2031.28
0.4275	-2020.16
0.428	-2009.01
0.4285	-1997.88
0.429	-1986.74
0.4295	-1976.29
0.43	-1965.17
0.4305	-1954.71
0.431	-1944.28
0.4315	-1933.83
0.432	-1922.69
0.4325	-1912.25
0.433	-1902.5
0.4335	-1892.05
0.434	-1881.62
0.4345	-1871.16
0.435	-1861.43
0.4355	-1850.98
0.436	-1841.22
0.4365	-1830.79
0.437	-1821.02
0.4375	-1811.27
0.438	-1801.54
0.4385	-1791.78
0.439	-1782.02
0.4395	-1772.28
0.44	-1762.53
0.4405	-1753.47
0.441	-1743.73
0.4415	-1733.97
0.442	-1724.91
0.4425	-1715.87
0.443	-1706.11
0.4435	-1697.05
0.444	-1688
0.4445	-1678.94
0.445	-1669.88
0.4455	-1660.84
0.446	-1651.78
0.4465	-1642.71
0.447	-1634.36
0.4475	-1625.3
0.448	-1616.94
0.4485	-1607.88
0.449	-1599.52
0.4495	-1590.46
0.45	-1582.09
0.4505	-1573.75
0.451	-1565.37
0.4515	-1557.01
0.452	-1548.66
0.4525	-1540.3
0.453	-1531.93
0.4535	-1523.57
0.454	-1515.21
0.4545	-1507.54
0.455	-1499.17
0.4555	-1491.52
0.456	-1483.14
0.4565	-1475.47
0.457	-1467.82
0.4575	-1459.46
0.458	-1451.78
0.4585	-1444.12
0.459	-1436.45
0.4595	-1428.78
0.46	-1421.11
0.4605	-1413.46
0.461	-1405.79
0.4615	-1398.8
0.462	-1391.15
0.4625	-1383.48
0.463	-1376.51
0.4635	-1368.83
0.464	-1361.87
0.4645	-1354.89
0.465	-1347.22
0.4655	-1340.25
0.466	-1333.29
0.4665	-1326.31
0.467	-1319.33
0.4675	-1312.37
0.468	-1305.4
0.4685	-1298.42
0.469	-1291.44
0.4695	-1284.48
0.47	-1277.5
0.4705	-1271.22
0.471	-1264.25
0.4715	-1257.29
0.472	-1251
0.4725	-1244.02
0.473	-1237.75
0.4735	-1231.48
0.474	-1224.5
0.4745	-1218.23
0.475	-1211.94
0.4755	-1205.67
0.476	-1199.4
0.4765	-1193.11
0.477	-1186.84
0.4775	-1180.57
0.478	-1174.28
0.4785	-1168
0.479	-1161.72
0.4795	-1155.46
0.48	-1149.87
0.4805	-1143.59
0.481	-1137.31
0.4815	-1131.74
0.482	-1125.46
0.4825	-1119.87
0.483	-1114.29
0.4835	-1108.02
0.484	-1102.43
0.4845	-1096.85
0.485	-1090.57
0.4855	-1085
0.486	-1079.41
0.4865	-1073.82
0.487	-1068.24
0.4875	-1062.66
0.488	-1057.08
0.4885	-1051.5
0.489	-1045.91
0.4895	-1041.02
0.49	-1035.45
0.4905	-1029.87
0.491	-1024.28
0.4915	-1019.4
0.492	-1013.82
0.4925	-1008.93
0.493	-1003.34
0.4935	-998.459
0.494	-992.873
0.4945	-987.997
0.495	-983.104
0.4955	-977.518
0.496	-972.631
0.4965	-967.755
0.497	-962.868
0.4975	-957.981
0.498	-952.388
0.4985	-947.512
0.499	-942.624
0.4995	-937.736
0.5	-932.849
0.5005	-928.664
0.501	-923.776
0.5015	-918.888
0.502	-913.999
0.5025	-909.111
0.503	-904.931
0.5035	-900.037
0.504	-895.149
0.5045	-890.959
0.505	-886.08
0.5055	-881.89
0.506	-876.995
0.5065	-872.805
0.507	-867.925
0.5075	-863.735
0.508	-859.544
0.5085	-854.649
0.509	-850.468
0.5095	-846.277
0.51	-842.087
0.5105	-837.896
0.511	-833.015
0.5115	-828.818
0.512	-824.627
0.5125	-820.435
0.513	-816.254
0.5135	-812.062
0.514	-807.865
0.5145	-803.674
0.515	-800.181
0.5155	-795.999
0.516	-791.807
0.5165	-787.614
0.517	-783.417
0.5175	-779.933
0.518	-775.741
0.5185	-771.548
0.519	-768.055
0.5195	-763.866
0.52	-760.373
0.5205	-756.18
0.521	-752.686
0.5215	-748.502
0.522	-745.004
0.5225	-740.81
0.523	-737.317
0.5235	-733.832
0.524	-729.638
0.5245	-726.14
0.525	-722.645
0.5255	-719.151
0.526	-714.965
0.5265	-711.471
0.527	-707.972
0.5275	-704.477
0.528	-700.991
0.5285	-697.426
0.529	-693.932
0.5295	-690.437
0.53	-687.016
0.5305	-683.521
0.531	-680.095
0.5315	-676.67
0.532	-673.323
0.5325	-669.894
0.533	-666.538
0.5335	-663.182
0.534	-659.904
0.5345	-656.619
0.535	-653.329
0.5355	-650.043
0.536	-646.765
0.5365	-643.549
0.537	-640.333
0.5375	-637.112
0.538	-633.966
0.5385	-630.757
0.539	-627.681
0.5395	-624.534
0.54	-621.384
0.5405	-618.315
0.541	-615.239
0.5415	-612.162
0.542	-609.155
0.5425	-606.082
0.543	-603.075
0.5435	-600.068
0.544	-597.13
0.5445	-594.13
0.545	-591.193
0.5455	-588.252
0.546	-585.385
0.5465	-582.448
0.547	-579.587
0.5475	-576.719
0.548	-573.848
0.5485	-570.981
0.549	-568.19
0.5495	-565.392
0.55	-562.594
0.5505	-559.793
0.551	-557.072
0.5515	-554.343
0.552	-551.545
0.5525	-548.887
0.553	-546.163
0.5535	-543.434
0.554	-540.776
0.5545	-538.118
0.555	-535.466
0.5555	-532.874
0.556	-530.216
0.5565	-527.627
0.557	-525.039
0.5575	-522.456
0.558	-519.934
0.5585	-517.346
0.559	-514.827
0.5595	-512.314
0.56	-509.795
0.5605	-507.273
0.561	-504.825
0.5615	-502.382
0.562	-499.863
0.5625	-497.414
0.563	-495.031
0.5635	-492.582
0.564	-490.209
0.5645	-487.829
0.565	-485.45
0.5655	-483.071
0.566	-480.689
0.5665	-478.385
0.567	-476.075
0.5675	-473.696
0.568	-471.386
0.5685	-469.15
0.569	-466.84
0.5695	-464.6
0.57	-462.361
0.5705	-460.121
0.571	-457.887
0.5715	-455.644
0.572	-453.404
0.5725	-451.234
0.573	-449.065
0.5735	-446.9
0.574	-444.73
0.5745	-442.557
0.575	-440.458
0.5755	-438.287
0.576	-436.187
0.5765	-434.092
0.577	-431.992
0.5775	-429.889
0.578	-427.859
0.5785	-425.759
0.579	-423.734
0.5795	-421.703
0.58	-419.673
0.5805	-417.643
0.581	-415.61
0.5815	-413.649
0.582	-411.624
0.5825	-409.663
0.583	-407.703
0.5835	-405.742
0.584	-403.782
0.5845	-401.889
0.585	-399.928
0.5855	-398.042
0.586	-396.152
0.5865	-394.261
0.587	-392.37
0.5875	-390.48
0.588	-388.659
0.5885	-386.768
0.589	-384.95
0.5895	-383.059
0.59	-381.238
0.5905	-379.417
0.591	-377.666
0.5915	-375.845
0.592	-374.024
0.5925	-372.278
0.593	-370.527
0.5935	-368.706
0.594	-366.953
0.5945	-365.272
0.595	-363.521
0.5955	-361.77
0.596	-360.089
0.5965	-358.337
0.597	-356.656
0.5975	-354.975
0.598	-353.294
0.5985	-351.613
0.599	-349.932
0.5995	-348.32
0.6	-346.643
0.6005	-345.032
0.601	-343.421
0.6015	-341.739
0.602	-340.128
0.6025	-338.587
0.603	-336.976
0.6035	-335.364
0.604	-333.823
0.6045	-332.208
0.605	-330.666
0.6055	-329.125
0.606	-327.584
0.6065	-326.042
0.607	-324.501
0.6075	-322.959
0.608	-321.488
0.6085	-319.947
0.609	-318.475
0.6095	-316.934
0.61	-315.464
0.6105	-313.992
0.611	-312.521
0.6115	-311.049
0.612	-309.578
0.6125	-308.173
0.613	-306.701
0.6135	-305.3
0.614	-303.898
0.6145	-302.428
0.615	-301.027
0.6155	-299.622
0.616	-298.22
0.6165	-296.818
0.617	-295.487
0.6175	-294.085
0.618	-292.755
0.6185	-291.35
0.619	-290.019
0.6195	-288.687
0.62	-287.357
0.6205	-286.022
0.621	-284.69
0.6215	-283.359
0.622	-282.027
0.6225	-280.764
0.623	-279.432
0.6235	-278.17
0.624	-276.837
0.6245	-275.575
0.625	-274.313
0.6255	-273.049
0.626	-271.789
0.6265	-270.527
0.627	-269.262
0.6275	-268.072
0.628	-266.81
0.6285	-265.545
0.629	-264.353
0.6295	-263.163
0.63	-261.898
0.6305	-260.707
0.631	-259.516
0.6315	-258.322
0.632	-257.13
0.6325	-255.939
0.633	-254.815
0.6335	-253.623
0.634	-252.501
0.6345	-251.308
0.635	-250.186
0.6355	-248.995
0.636	-247.871
0.6365	-246.75
0.637	-245.628
0.6375	-244.503
0.638	-243.383
0.6385	-242.261
0.639	-241.136
0.6395	-240.085
0.64	-238.963
0.6405	-237.911
0.641	-236.788
0.6415	-235.736
0.642	-234.684
0.6425	-233.633
0.643	-232.511
0.6435	-231.459
0.644	-230.407
0.6445	-229.355
0.645	-228.372
0.6455	-227.321
0.646	-226.269
0.6465	-225.287
0.647	-224.234
0.6475	-223.252
0.648	-222.203
0.6485	-221.22
0.649	-220.238
0.6495	-219.258
0.65	-218.206
0.6505	-217.225
0.651	-216.315
0.6515	-215.332
0.652	-214.351
0.6525	-213.37
0.653	-212.39
0.6535	-211.479
0.654	-210.499
0.6545	-209.587
0.655	-208.606
0.6555	-207.697
0.656	-206.786
0.6565	-205.877
0.657	-204.897
0.6575	-203.985
0.658	-203.076
0.6585	-202.166
0.659	-201.258
0.6595	-200.417
0.66	-199.507
0.6605	-198.599
0.661	-197.688
0.6615	-196.85
0.662	-195.941
0.6625	-195.103
0.663	-194.193
0.6635	-193.356
0.664	-192.519
0.6645	-191.679
0.665	-190.841
0.6655	-189.932
0.666	-189.097
0.6665	-188.258
0.667	-187.421
0.6675	-186.655
0.668	-185.818
0.6685	-184.98
0.669	-184.142
0.6695	-183.377
0.67	-182.54
0.6705	-181.774
0.671	-180.938
0.6715	-180.173
0.672	-179.337
0.6725	-178.572
0.673	-177.806
0.6735	-177.043
0.674	-176.276
0.6745	-175.441
0.675	-174.679
0.6755	-173.913
0.676	-173.22
0.6765	-172.456
0.677	-171.692
0.6775	-170.928
0.678	-170.164
0.6785	-169.47
0.679	-168.709
0.6795	-168.015
0.68	-167.253
0.6805	-166.56
0.681	-165.797
0.6815	-165.105
0.682	-164.343
0.6825	-163.652
0.683	-162.959
0.6835	-162.269
0.684	-161.576
0.6845	-160.887
0.685	-160.194
0.6855	-159.502
0.686	-158.812
0.6865	-158.122
0.687	-157.43
0.6875	-156.739
0.688	-156.049
0.6885	-155.427
0.689	-154.736
0.6895	-154.116
0.69	-153.427
0.6905	-152.806
0.691	-152.116
0.6915	-151.496
0.692	-150.805
0.6925	-150.185
0.693	-149.564
0.6935	-148.945
0.694	-148.255
0.6945	-147.633
0.695	-147.015
0.6955	-146.394
0.696	-145.774
0.6965	-145.155
0.697	-144.536
0.6975	-143.916
0.698	-143.366
0.6985	-142.745
0.699	-142.125
0.6995	-141.506
0.7	-140.957
0.7005	-140.337
0.701	-139.787
0.7015	-139.168
0.702	-138.619
0.7025	-137.998
0.703	-137.449
0.7035	-136.9
0.704	-136.28
0.7045	-135.73
0.705	-135.181
0.7055	-134.631
0.706	-134.082
0.7065	-133.532
0.707	-132.983
0.7075	-132.433
0.708	-131.883
0.7085	-131.334
0.709	-130.784
0.7095	-130.235
0.71	-129.756
0.7105	-129.206
0.711	-128.656
0.7115	-128.178
0.712	-127.627
0.7125	-127.149
0.713	-126.599
0.7135	-126.12
0.714	-125.57
0.7145	-125.09
0.715	-124.612
0.7155	-124.061
0.716	-123.582
0.7165	-123.102
0.717	-122.623
0.7175	-122.145
0.718	-121.664
0.7185	-121.186
0.719	-120.706
0.7195	-120.227
0.72	-119.748
0.7205	-119.269
0.721	-118.861
0.7215	-118.382
0.722	-117.902
0.7225	-117.422
0.723	-117.014
0.7235	-116.532
0.724	-116.122
0.7245	-115.711
0.725	-115.212
0.7255	-114.785
0.726	-114.358
0.7265	-113.931
0.727	-113.504
0.7275	-113.077
0.728	-112.65
0.7285	-112.222
0.729	-111.795
0.7295	-111.368
0.73	-110.941
0.7305	-110.514
0.731	-110.087
0.7315	-109.731
0.732	-109.303
0.7325	-108.876
0.733	-108.449
0.7335	-108.022
0.734	-107.595
0.7345	-107.168
0.735	-106.812
0.7355	-106.384
0.736	-105.957
0.7365	-105.53
0.737	-105.174
0.7375	-104.747
0.738	-104.32
0.7385	-103.964
0.739	-103.536
0.7395	-103.109
0.74	-102.753
0.7405	-102.326
0.741	-101.899
0.7415	-101.543
0.742	-101.115
0.7425	-100.759
0.743	-100.332
0.7435	-99.9049
0.744	-99.5489
0.7445	-99.1217
0.745	-98.7656
0.7455	-98.3384
0.746	-97.9824
0.7465	-97.5551
0.747	-97.1991
0.7475	-96.843
0.748	-96.4158
0.7485	-96.0597
0.749	-95.6325
0.7495	-95.2764
0.75	-94.9203
0.7505	-94.4931
0.751	-94.137
0.7515	-93.7809
0.752	-93.3537
0.7525	-92.9976
0.753	-92.6415
0.7535	-92.2855
0.754	-91.8582
0.7545	-91.5021
0.755	-91.146
0.7555	-90.7899
0.756	-90.3626
0.7565	-90.0065
0.757	-89.6504
0.7575	-89.2944
0.758	-88.9383
0.7585	-88.5822
0.759	-88.2261
0.7595	-87.7987
0.76	-87.4426
0.7605	-87.0865
0.761	-86.7304
0.7615	-86.3743
0.762	-86.0182
0.7625	-85.6621
0.763	-85.306
0.7635	-84.9499
0.764	-84.5937
0.7645	-84.2376
0.765	-83.8815
0.7655	-83.5254
0.766	-83.1692
0.7665	-82.8131
0.767	-82.5282
0.7675	-82.172
0.768	-81.8159
0.7685	-81.4598
0.769	-81.1036
0.7695	-80.7475
0.77	-80.3913
0.7705	-80.1064
0.771	-79.7502
0.7715	-79.3941
0.772	-79.0379
0.7725	-78.6818
0.773	-78.3968
0.7735	-78.0407
0.774	-77.6845
0.7745	-77.3996
0.775	-77.0434
0.7755	-76.6872
0.776	-76.331
0.7765	-76.0461
0.777	-75.6899
0.7775	-75.4049
0.778	-75.0488
0.7785	-74.6926
0.779	-74.4076
0.7795	-74.0514
0.78	-73.7665
0.7805	-73.4102
0.781	-73.054
0.7815	-72.7691
0.782	-72.4129
0.7825	-72.1279
0.783	-71.7717
0.7835	-71.4867
0.784	-71.159
0.7845	-70.8384
0.785	-70.5249
0.7855	-70.2043
0.786	-69.8908
0.7865	-69.5774
0.787	-69.2639
0.7875	-68.9504
0.788	-68.6369
0.7885	-68.3234
0.789	-68.017
0.7895	-67.7035
0.79	-67.3972
0.7905	-67.0908
0.791	-66.7844
0.7915	-66.478
0.792	-66.1716
0.7925	-65.8653
0.793	-65.566
0.7935	-65.2596
0.794	-64.9603
0.7945	-64.6611
0.795	-64.3547
0.7955	-64.0554
0.796	-63.7633
0.7965	-63.464
0.797	-63.1647
0.7975	-62.8725
0.798	-62.5733
0.7985	-62.2811
0.799	-61.9889
0.7995	-61.6897
0.8	-61.3975
0.8005	-61.1124
0.801	-60.8203
0.8015	-60.5281
0.802	-60.2431
0.8025	-59.9509
0.803	-59.6658
0.8035	-59.3808
0.804	-59.0957
0.8045	-58.8107
0.805	-58.5256
0.8055	-58.2405
0.806	-57.9555
0.8065	-57.6775
0.807	-57.3996
0.8075	-57.1145
0.808	-56.8366
0.8085	-56.5586
0.809	-56.2807
0.8095	-56.0027
0.81	-55.7248
0.8105	-55.4539
0.811	-55.176
0.8115	-54.9051
0.812	-54.6343
0.8125	-54.3563
0.813	-54.0855
0.8135	-53.8147
0.814	-53.5438
0.8145	-53.2801
0.815	-53.0093
0.8155	-52.7384
0.816	-52.4747
0.8165	-52.2038
0.817	-51.9401
0.8175	-51.6764
0.818	-51.4126
0.8185	-51.1489
0.819	-50.8852
0.8195	-50.6286
0.82	-50.3648
0.8205	-50.1082
0.821	-49.8445
0.8215	-49.5878
0.822	-49.3312
0.8225	-49.0746
0.823	-48.818
0.8235	-48.5613
0.824	-48.3047
0.8245	-48.0552
0.825	-47.7986
0.8255	-47.5491
0.826	-47.2924
0.8265	-47.0429
0.827	-46.7934
0.8275	-46.5439
0.828	-46.2944
0.8285	-46.052
0.829	-45.8025
0.8295	-45.5529
0.83	-45.3106
0.8305	-45.061
0.831	-44.8186
0.8315	-44.5762
0.832	-44.3338
0.8325	-44.0914
0.833	-43.849
0.8335	-43.6066
0.834	-43.3642
0.8345	-43.1289
0.835	-42.8865
0.8355	-42.6512
0.836	-42.4159
0.8365	-42.1806
0.837	-41.9453
0.8375	-41.71
0.838	-41.4748
0.8385	-41.2395
0.839	-41.0042
0.8395	-40.776
0.84	-40.5407
0.8405	-40.3125
0.841	-40.0843
0.8415	-39.849
0.842	-39.6208
0.8425	-39.3927
0.843	-39.1645
0.8435	-38.9434
0.844	-38.7152
0.8445	-38.487
0.845	-38.266
0.8455	-38.0449
0.846	-37.8167
0.8465	-37.5956
0.847	-37.3746
0.8475	-37.1535
0.848	-36.9324
0.8485	-36.7114
0.849	-36.4974
0.8495	-36.2763
0.85	-36.0552
0.8505	-35.8413
0.851	-35.6273
0.8515	-35.4063
0.852	-35.1923
0.8525	-34.9783
0.853	-34.7644
0.8535	-34.5504
0.854	-34.3436
0.8545	-34.1296
0.855	-33.9228
0.8555	-33.7088
0.856	-33.502
0.8565	-33.288
0.857	-33.0812
0.8575	-32.8743
0.858	-32.6675
0.8585	-32.4606
0.859	-32.2609
0.8595	-32.054
0.86	-31.8472
0.8605	-31.6475
0.861	-31.4406
0.8615	-31.2409
0.862	-31.0412
0.8625	-30.8343
0.863	-30.6346
0.8635	-30.4348
0.864	-30.2422
0.8645	-30.0425
0.865	-29.8427
0.8655	-29.643
0.866	-29.4504
0.8665	-29.2578
0.867	-29.058
0.8675	-28.8654
0.868	-28.6728
0.8685	-28.4802
0.869	-28.2876
0.8695	-28.0949
0.87	-27.9023
0.8705	-27.7168
0.871	-27.5242
0.8715	-27.3387
0.872	-27.1461
0.8725	-26.9606
0.873	-26.7751
0.8735	-26.5896
0.874	-26.3969
0.8745	-26.2114
0.875	-26.033
0.8755	-25.8475
0.876	-25.662
0.8765	-25.4836
0.877	-25.2981
0.8775	-25.1197
0.878	-24.9342
0.8785	-24.7558
0.879	-24.5774
0.8795	-24.399
0.88	-24.2207
0.8805	-24.0423
0.881	-23.8639
0.8815	-23.6855
0.882	-23.5142
0.8825	-23.3358
0.883	-23.1645
0.8835	-22.9933
0.884	-22.8149
0.8845	-22.6436
0.885	-22.4723
0.8855	-22.301
0.886	-22.1298
0.8865	-21.9585
0.887	-21.7943
0.8875	-21.6231
0.888	-21.4518
0.8885	-21.2876
0.889	-21.1163
0.8895	-20.9522
0.89	-20.788
0.8905	-20.6239
0.891	-20.4597
0.8915	-20.2955
0.892	-20.1314
0.8925	-19.9672
0.893	-19.8031
0.8935	-19.646
0.894	-19.4819
0.8945	-19.3248
0.895	-19.1678
0.8955	-19.0036
0.896	-18.8466
0.8965	-18.6895
0.897	-18.5325
0.8975	-18.3754
0.898	-18.2184
0.8985	-18.0685
0.899	-17.9114
0.8995	-17.7544
0.9	-17.6045
0.9005	-17.4474
0.901	-17.2975
0.9015	-17.1476
0.902	-16.9977
0.9025	-16.8477
0.903	-16.6978
0.9035	-16.5479
0.904	-16.398
0.9045	-16.248
0.905	-16.1052
0.9055	-15.9553
0.906	-15.8125
0.9065	-15.6626
0.907	-15.5198
0.9075	-15.377
0.908	-15.227
0.9085	-15.0842
0.909	-14.9414
0.9095	-14.8057
0.91	-14.6629
0.9105	-14.5201
0.911	-14.3773
0.9115	-14.2416
0.912	-14.0988
0.9125	-13.9631
0.913	-13.8274
0.9135	-13.6918
0.914	-13.5561
0.9145	-13.4204
0.915	-13.2847
0.9155	-13.149
0.916	-13.0133
0.9165	-12.8776
0.917	-12.7491
0.9175	-12.6134
0.918	-12.4848
0.9185	-12.3491
0.919	-12.2206
0.9195	-12.092
0.92	-11.9634
0.9205	-11.8349
0.921	-11.7063
0.9215	-11.5777
0.922	-11.4492
0.9225	-11.3206
0.923	-11.1992
0.9235	-11.0706
0.924	-10.9492
0.9245	-10.8277
0.925	-10.6991
0.9255	-10.5777
0.926	-10.4562
0.9265	-10.3348
0.927	-10.2134
0.9275	-10.0919
0.928	-9.97761
0.9285	-9.85615
0.929	-9.7347
0.9295	-9.62039
0.93	-9.49893
0.9305	-9.38462
0.931	-9.2703
0.9315	-9.15598
0.932	-9.03452
0.9325	-8.9202
0.933	-8.81302
0.9335	-8.69869
0.934	-8.58437
0.9345	-8.47004
0.935	-8.36285
0.9355	-8.24852
0.936	-8.14133
0.9365	-8.03414
0.937	-7.9198
0.9375	-7.81261
0.938	-7.70541
0.9385	-7.59821
0.939	-7.49101
0.9395	-7.38381
0.94	-7.28376
0.9405	-7.17655
0.941	-7.07292
0.9415	-6.96928
0.942	-6.86636
0.9425	-6.76415
0.943	-6.66265
0.9435	-6.56187
0.944	-6.46108
0.9445	-6.36172
0.945	-6.26236
0.9455	-6.16372
0.946	-6.06578
0.9465	-5.96856
0.947	-5.87205
0.9475	-5.77626
0.948	-5.68046
0.9485	-5.58609
0.949	-5.49243
0.9495	-5.39877
0.95	-5.30583
0.9505	-5.2136
0.951	-5.12136
0.9515	-5.03056
0.952	-4.94046
0.9525	-4.85037
0.953	-4.76099
0.9535	-4.67303
0.954	-4.58508
0.9545	-4.49783
0.955	-4.41131
0.9555	-4.32549
0.956	-4.23967
0.9565	-4.15528
0.957	-4.07089
0.9575	-3.98793
0.958	-3.90568
0.9585	-3.82342
0.959	-3.74188
0.9595	-3.66106
0.96	-3.58095
0.9605	-3.50155
0.961	-3.42286
0.9615	-3.34489
0.962	-3.26691
0.9625	-3.19037
0.963	-3.11453
0.9635	-3.0387
0.964	-2.96429
0.9645	-2.88988
0.965	-2.8169
0.9655	-2.74392
0.966	-2.67237
0.9665	-2.60082
0.967	-2.52997
0.9675	-2.45985
0.968	-2.39115
0.9685	-2.32245
0.969	-2.25446
0.9695	-2.1879
0.97	-2.12134
0.9705	-2.05549
0.971	-1.99107
0.9715	-1.92665
0.972	-1.86366
0.9725	-1.80067
0.973	-1.73911
0.9735	-1.67754
0.974	-1.6174
0.9745	-1.55869
0.975	-1.49999
0.9755	-1.44199
0.976	-1.38542
0.9765	-1.32957
0.977	-1.27443
0.9775	-1.22001
0.978	-1.16701
0.9785	-1.11473
0.979	-1.06388
0.9795	-1.01374
0.98	-0.965032
0.9805	-0.917038
0.981	-0.869758
0.9815	-0.824625
0.982	-0.779489
0.9825	-0.7365
0.983	-0.694225
0.9835	-0.653094
0.984	-0.613108
0.9845	-0.574265
0.985	-0.536495
