0.0015	-80080.5
0.002	-80082.8
0.0025	-80086.8
0.003	-80037.8
0.0035	-80044
0.004	-79998.1
0.0045	-80005.5
0.005	-79961.3
0.0055	-79970.6
0.006	-79928.2
0.0065	-79939.2
0.007	-79898.7
0.0075	-79858.7
0.008	-79820
0.0085	-79781.8
0.009	-79744.3
0.0095	-79707.9
0.01	-79672.7
0.0105	-79638.2
0.011	-79604.2
0.0115	-79571.4
0.012	-79486.2
0.0125	-79454.5
0.013	-79424.1
0.0135	-79341.7
0.014	-79312.5
0.0145	-79231.3
0.015	-79151.3
0.0155	-79124.9
0.016	-79046
0.0165	-78968.1
0.017	-78943.9
0.0175	-78867.2
0.018	-78791.6
0.0185	-78716.4
0.019	-78643.1
0.0195	-78568.4
0.02	-78495.4
0.0205	-78424.1
0.021	-78298.2
0.0215	-78227.3
0.022	-78158.1
0.0225	-78087.6
0.023	-77965.9
0.0235	-77897.6
0.024	-77775.6
0.0245	-77709.3
0.025	-77589.4
0.0255	-77523.5
0.026	-77404.4
0.0265	-77286.4
0.027	-77221.8
0.0275	-77104.5
0.028	-76987.7
0.0285	-76871.2
0.029	-76810.1
0.0295	-76693.8
0.03	-76579.7
0.0305	-76465.4
0.031	-76351.4
0.0315	-76237.8
0.032	-76124.6
0.0325	-76011.8
0.033	-75899.3
0.0335	-75733.6
0.034	-75621.8
0.0345	-75510.3
0.035	-75399.7
0.0355	-75234.7
0.036	-75125.3
0.0365	-75014.5
0.037	-74850.2
0.0375	-74741.8
0.038	-74632.5
0.0385	-74468.5
0.039	-74360.9
0.0395	-74198
0.04	-74089.8
0.0405	-73927.8
0.041	-73764.5
0.0415	-73657.2
0.042	-73495.8
0.0425	-73388.5
0.043	-73226.6
0.0435	-73064.7
0.044	-72903.2
0.0445	-72796.3
0.045	-72635
0.0455	-72473.5
0.046	-72312.6
0.0465	-72205.6
0.047	-72045.1
0.0475	-71883.7
0.048	-71722.5
0.0485	-71560.8
0.049	-71399.2
0.0495	-71237.9
0.05	-71131.7
0.0505	-70970.2
0.051	-70808.8
0.0515	-70646.9
0.052	-70485.7
0.0525	-70323.1
0.053	-70161.2
0.0535	-69999.8
0.054	-69837.5
0.0545	-69675.3
0.055	-69512.8
0.0555	-69349.8
0.056	-69186.9
0.0565	-69024.1
0.057	-68860.9
0.0575	-68642
0.058	-68478.4
0.0585	-68314.3
0.059	-68150.4
0.0595	-67986
0.06	-67822.3
0.0605	-67656.6
0.061	-67491.9
0.0615	-67327.3
0.062	-67161.8
0.0625	-66995.8
0.063	-66773.1
0.0635	-66606.7
0.064	-66440
0.0645	-66273.7
0.065	-66105.6
0.0655	-65938
0.066	-65770.8
0.0665	-65601.9
0.067	-65376.6
0.0675	-65207.7
0.068	-65038.3
0.0685	-64868.5
0.069	-64698.8
0.0695	-64528.9
0.07	-64357.3
0.0705	-64186.3
0.071	-63956.9
0.0715	-63785.8
0.072	-63613.4
0.0725	-63440.4
0.073	-63268
0.0735	-63093.7
0.074	-62920.4
0.0745	-62745.3
0.075	-62571.1
0.0755	-62396
0.076	-62161.6
0.0765	-61985.6
0.077	-61808.7
0.0775	-61631.7
0.078	-61454.8
0.0785	-61276.5
0.079	-61097.4
0.0795	-60919.1
0.08	-60739.5
0.0805	-60559.5
0.081	-60379.1
0.0815	-60198.2
0.082	-60017.3
0.0825	-59835.6
0.083	-59652.9
0.0835	-59476.2
0.084	-59292.7
0.0845	-59114.8
0.085	-58930.5
0.0855	-58752
0.086	-58565.9
0.0865	-58385.9
0.087	-58205.3
0.0875	-58024.8
0.088	-57843.4
0.0885	-57661.2
0.089	-57478.7
0.0895	-57301.6
0.09	-57118.6
0.0905	-56940.3
0.091	-56755.7
0.0915	-56576.6
0.092	-56396.8
0.0925	-56217.3
0.093	-56035.9
0.0935	-55854.9
0.094	-55673.1
0.0945	-55497.2
0.095	-55314.6
0.0955	-55137.3
0.096	-54959.6
0.0965	-54775
0.097	-54596.9
0.0975	-54416.9
0.098	-54237.6
0.0985	-54063.4
0.099	-53881.9
0.0995	-53701.2
0.1	-53525.4
0.1005	-53348.9
0.101	-53166
0.1015	-52989.1
0.102	-52810.8
0.1025	-52632.8
0.103	-52460.3
0.1035	-52281
0.104	-52107.1
0.1045	-51926.7
0.105	-51752.1
0.1055	-51576.8
0.106	-51401.5
0.1065	-51224.9
0.107	-51048.2
0.1075	-50871.6
0.108	-50700.1
0.1085	-50521.7
0.109	-50349.3
0.1095	-50170.6
0.11	-49997.2
0.1105	-49822.7
0.111	-49648.3
0.1115	-49480.1
0.112	-49304.7
0.1125	-49129.1
0.113	-48959
0.1135	-48788.2
0.114	-48611
0.1145	-48439.7
0.115	-48268.1
0.1155	-48101.4
0.116	-47928.6
0.1165	-47755.8
0.117	-47588.3
0.1175	-47414
0.118	-47245.6
0.1185	-47076.7
0.119	-46907.5
0.1195	-46737.7
0.12	-46567.6
0.1205	-46397
0.121	-46232.7
0.1215	-46060.8
0.122	-45895.7
0.1225	-45729.7
0.123	-45563.2
0.1235	-45396.4
0.124	-45228.7
0.1245	-45061.4
0.125	-44893.8
0.1255	-44731.1
0.126	-44562.8
0.1265	-44399.3
0.127	-44236
0.1275	-44066.3
0.128	-43902.2
0.1285	-43743.9
0.129	-43579
0.1295	-43413.5
0.13	-43254.3
0.1305	-43088.2
0.131	-42927.7
0.1315	-42760.8
0.132	-42600.4
0.1325	-42439.2
0.133	-42277.6
0.1335	-42122.1
0.134	-41959.7
0.1345	-41797.1
0.135	-41640.5
0.1355	-41477.5
0.136	-41320.2
0.1365	-41162.2
0.137	-41004.5
0.1375	-40845.8
0.138	-40687.4
0.1385	-40528.3
0.139	-40375.5
0.1395	-40215.8
0.14	-40062.3
0.1405	-39902
0.141	-39747.6
0.1415	-39593.1
0.142	-39438.7
0.1425	-39283
0.143	-39128
0.1435	-38972.2
0.144	-38822.5
0.1445	-38666.4
0.145	-38516.2
0.1455	-38358.8
0.146	-38208.4
0.1465	-38057.1
0.147	-37905.7
0.1475	-37754.4
0.148	-37602.4
0.1485	-37450
0.149	-37303.9
0.1495	-37151.4
0.15	-37005.1
0.1505	-36851.6
0.151	-36704.5
0.1515	-36557.5
0.152	-36409.8
0.1525	-36262
0.153	-36113.9
0.1535	-35965.3
0.154	-35816.9
0.1545	-35674.8
0.155	-35525.6
0.1555	-35382.9
0.156	-35233.2
0.1565	-35089.7
0.157	-34946.3
0.1575	-34802.8
0.158	-34658.9
0.1585	-34514.5
0.159	-34370.2
0.1595	-34225.3
0.16	-34086.8
0.1605	-33941.9
0.161	-33803.2
0.1615	-33657.4
0.162	-33518.3
0.1625	-33379.1
0.163	-33239.4
0.1635	-33092.7
0.164	-32959.8
0.1645	-32819.3
0.165	-32678.7
0.1655	-32538.2
0.166	-32403.8
0.1665	-32262.9
0.167	-32128.1
0.1675	-31986.8
0.168	-31851.6
0.1685	-31716.4
0.169	-31581.2
0.1695	-31445.7
0.17	-31309.8
0.1705	-31173.8
0.171	-31037.8
0.1715	-30901.4
0.172	-30771.6
0.1725	-30635
0.173	-30504.8
0.1735	-30367.7
0.174	-30237.1
0.1745	-30106.6
0.175	-29975.7
0.1755	-29844.5
0.176	-29713.5
0.1765	-29582
0.177	-29450.5
0.1775	-29319
0.178	-29193.6
0.1785	-29062
0.179	-28936.2
0.1795	-28804.2
0.18	-28678.5
0.1805	-28552.5
0.181	-28419.8
0.1815	-28293.7
0.182	-28167.2
0.1825	-28040.8
0.183	-27914.5
0.1835	-27794.3
0.184	-27667.5
0.1845	-27540.4
0.185	-27420
0.1855	-27292.9
0.186	-27172
0.1865	-27044.6
0.187	-26923.8
0.1875	-26802.7
0.188	-26681.6
0.1885	-26560.5
0.189	-26439
0.1895	-26317.5
0.19	-26195.9
0.1905	-26074.1
0.191	-25959
0.1915	-25837.2
0.192	-25715.2
0.1925	-25599.5
0.193	-25477.4
0.1935	-25361.6
0.194	-25245.9
0.1945	-25129.9
0.195	-25014.3
0.1955	-24898.2
0.196	-24781.9
0.1965	-24665.5
0.197	-24549.2
0.1975	-24432.9
0.198	-24316.3
0.1985	-24206.3
0.199	-24089.7
0.1995	-23979.5
0.2	-23863
0.2005	-23752.4
0.201	-23642.2
0.2015	-23525.3
0.202	-23414.6
0.2025	-23304
0.203	-23193.5
0.2035	-23082.7
0.204	-22972
0.2045	-22867.8
0.205	-22756.8
0.2055	-22645.8
0.206	-22541.4
0.2065	-22430.4
0.207	-22325.8
0.2075	-22214.4
0.208	-22109.8
0.2085	-22005.2
0.209	-21893.6
0.2095	-21788.7
0.21	-21683.8
0.2105	-21578.7
0.211	-21473.9
0.2115	-21368.7
0.212	-21270.3
0.2125	-21165
0.213	-21059.7
0.2135	-20961.1
0.214	-20855.7
0.2145	-20757
0.215	-20651.4
0.2155	-20552.8
0.216	-20453.9
0.2165	-20348.2
0.217	-20249
0.2175	-20150.2
0.218	-20051.1
0.2185	-19951.8
0.219	-19852.6
0.2195	-19753.6
0.22	-19654.2
0.2205	-19561.5
0.221	-19462.2
0.2215	-19362.7
0.222	-19270.1
0.2225	-19170.5
0.223	-19077.6
0.2235	-18985
0.224	-18885.4
0.2245	-18792.3
0.225	-18699.4
0.2255	-18606.3
0.226	-18513.2
0.2265	-18420.2
0.227	-18327.1
0.2275	-18233.8
0.228	-18140.7
0.2285	-18047.3
0.229	-17960.7
0.2295	-17867.6
0.23	-17774.2
0.2305	-17687.6
0.231	-17600.9
0.2315	-17507.3
0.232	-17420.6
0.2325	-17327
0.233	-17240.3
0.2335	-17153.5
0.234	-17066.6
0.2345	-16979.6
0.235	-16892.9
0.2355	-16805.9
0.236	-16718.9
0.2365	-16631.7
0.237	-16551.6
0.2375	-16464.5
0.238	-16377.5
0.2385	-16297.2
0.239	-16210
0.2395	-16129.6
0.24	-16042.2
0.2405	-15961.9
0.241	-15881.5
0.2415	-15794.1
0.242	-15713.5
0.2425	-15633
0.243	-15552.4
0.2435	-15471.8
0.244	-15391.1
0.2445	-15310.6
0.245	-15229.8
0.2455	-15149
0.246	-15068.5
0.2465	-14994.5
0.247	-14913.6
0.2475	-14839.7
0.248	-14758.9
0.2485	-14685
0.249	-14604.1
0.2495	-14529.9
0.25	-14449.2
0.2505	-14375
0.251	-14300.9
0.2515	-14226.8
0.252	-14152.4
0.2525	-14071.5
0.253	-13997.3
0.2535	-13923.2
0.254	-13855.7
0.2545	-13781.4
0.255	-13707.2
0.2555	-13632.9
0.256	-13558.5
0.2565	-13491
0.257	-13416.7
0.2575	-13349.2
0.258	-13274.6
0.2585	-13207.2
0.259	-13132.7
0.2595	-13065.1
0.26	-12997.4
0.2605	-12923.1
0.261	-12855.4
0.2615	-12787.7
0.262	-12720.1
0.2625	-12652.3
0.263	-12584.6
0.2635	-12516.9
0.264	-12449
0.2645	-12381.4
0.265	-12313.6
0.2655	-12252.6
0.266	-12184.9
0.2665	-12117
0.267	-12049.2
0.2675	-11988.3
0.268	-11920.4
0.2685	-11859.3
0.269	-11791.4
0.2695	-11730.4
0.27	-11669.4
0.2705	-11601.5
0.271	-11540.4
0.2715	-11479.3
0.272	-11418.3
0.2725	-11357.2
0.273	-11295.9
0.2735	-11234.7
0.274	-11173.6
0.2745	-11112.5
0.275	-11051.4
0.2755	-10990.2
0.276	-10928.9
0.2765	-10867.8
0.277	-10813.4
0.2775	-10752.2
0.278	-10690.9
0.2785	-10636.5
0.279	-10575.3
0.2795	-10520.8
0.28	-10459.6
0.2805	-10405.2
0.281	-10343.9
0.2815	-10289.5
0.282	-10234.9
0.2825	-10173.7
0.283	-10119.2
0.2835	-10064.8
0.284	-10010.2
0.2845	-9955.74
0.285	-9901.2
0.2855	-9846.74
0.286	-9792.19
0.2865	-9737.7
0.287	-9683.14
0.2875	-9628.64
0.288	-9574.09
0.2885	-9526.36
0.289	-9471.84
0.2895	-9417.27
0.29	-9369.51
0.2905	-9315.01
0.291	-9260.38
0.2915	-9212.61
0.292	-9164.95
0.2925	-9110.37
0.293	-9062.59
0.2935	-9007.94
0.294	-8960.18
0.2945	-8912.38
0.295	-8857.77
0.2955	-8810
0.296	-8762.18
0.2965	-8714.42
0.297	-8666.59
0.2975	-8618.82
0.298	-8571.03
0.2985	-8523.2
0.299	-8475.4
0.2995	-8427.61
0.3	-8379.81
0.3005	-8331.91
0.301	-8284.11
0.3015	-8243.11
0.302	-8195.2
0.3025	-8147.38
0.303	-8106.42
0.3035	-8058.51
0.304	-8010.59
0.3045	-7969.68
0.305	-7921.76
0.3055	-7880.79
0.306	-7832.86
0.3065	-7791.79
0.307	-7750.81
0.3075	-7702.88
0.308	-7661.95
0.3085	-7620.88
0.309	-7579.81
0.3095	-7531.86
0.31	-7490.78
0.3105	-7449.75
0.311	-7408.67
0.3115	-7367.59
0.312	-7326.5
0.3125	-7285.46
0.313	-7244.38
0.3135	-7203.3
0.314	-7162.26
0.3145	-7121.17
0.315	-7080
0.3155	-7045.82
0.316	-7004.72
0.3165	-6963.66
0.317	-6922.56
0.3175	-6885.5
0.318	-6847.19
0.3185	-6808.76
0.319	-6770.41
0.3195	-6732.01
0.32	-6694.35
0.3205	-6656.68
0.321	-6619.65
0.3215	-6581.97
0.322	-6544.95
0.3225	-6508.57
0.323	-6471.58
0.3235	-6435.24
0.324	-6398.87
0.3245	-6363.29
0.325	-6327.59
0.3255	-6291.93
0.326	-6256.3
0.3265	-6221.29
0.327	-6186.32
0.3275	-6151.31
0.328	-6116.33
0.3285	-6082.08
0.329	-6047.79
0.3295	-6014.14
0.33	-5979.85
0.3305	-5946.21
0.331	-5912.57
0.3315	-5879.65
0.332	-5846.7
0.3325	-5813.77
0.333	-5780.81
0.3335	-5747.88
0.334	-5715.61
0.3345	-5683.3
0.335	-5651.72
0.3355	-5619.47
0.336	-5587.89
0.3365	-5556.33
0.337	-5525.43
0.3375	-5493.81
0.338	-5462.9
0.3385	-5432.03
0.339	-5401.81
0.3395	-5371.56
0.34	-5340.65
0.3405	-5311.15
0.341	-5280.87
0.3415	-5251.37
0.342	-5221.83
0.3425	-5192.26
0.343	-5162.72
0.3435	-5133.84
0.344	-5104.99
0.3445	-5076.11
0.345	-5047.26
0.3455	-5019.06
0.346	-4990.9
0.3465	-4962.7
0.347	-4934.53
0.3475	-4907.02
0.348	-4879.54
0.3485	-4852.03
0.349	-4824.58
0.3495	-4797.04
0.35	-4770.21
0.3505	-4743.41
0.351	-4716.58
0.3515	-4689.73
0.352	-4663.65
0.3525	-4637.47
0.353	-4611.33
0.3535	-4585.25
0.354	-4559.77
0.3545	-4533.62
0.355	-4508.14
0.3555	-4482.74
0.356	-4457.94
0.3565	-4432.49
0.357	-4407.72
0.3575	-4382.92
0.358	-4358.15
0.3585	-4333.41
0.359	-4309.32
0.3595	-4285.24
0.36	-4261.12
0.3605	-4237.04
0.361	-4212.92
0.3615	-4189.53
0.362	-4166.13
0.3625	-4142.7
0.363	-4119.35
0.3635	-4095.93
0.364	-4073.21
0.3645	-4050.5
0.365	-4027.76
0.3655	-4005.04
0.366	-3982.3
0.3665	-3960.28
0.367	-3937.56
0.3675	-3915.51
0.368	-3893.47
0.3685	-3872.11
0.369	-3850.08
0.3695	-3828.74
0.37	-3807.37
0.3705	-3786.03
0.371	-3764.64
0.3715	-3743.27
0.372	-3722.61
0.3725	-3701.24
0.373	-3680.59
0.3735	-3659.93
0.374	-3639.93
0.3745	-3619.27
0.375	-3599.26
0.3755	-3578.58
0.376	-3558.6
0.3765	-3538.63
0.377	-3519.33
0.3775	-3499.35
0.378	-3480.02
0.3785	-3460.71
0.379	-3440.74
0.3795	-3422.12
0.38	-3402.83
0.3805	-3383.54
0.381	-3364.88
0.3815	-3346.28
0.382	-3326.99
0.3825	-3309.06
0.383	-3290.42
0.3835	-3271.81
0.384	-3253.88
0.3845	-3235.28
0.385	-3217.32
0.3855	-3199.39
0.386	-3181.47
0.3865	-3164.2
0.387	-3146.27
0.3875	-3129.04
0.388	-3111.12
0.3885	-3093.83
0.389	-3076.61
0.3895	-3059.37
0.39	-3042.78
0.3905	-3025.55
0.391	-3009.01
0.3915	-2992.41
0.392	-2975.17
0.3925	-2959.32
0.393	-2942.72
0.3935	-2926.18
0.394	-2909.63
0.3945	-2893.72
0.395	-2877.87
0.3955	-2861.98
0.396	-2846.1
0.3965	-2830.24
0.397	-2814.35
0.3975	-2798.49
0.398	-2783.3
0.3985	-2768.1
0.399	-2752.24
0.3995	-2737.02
0.4	-2721.85
0.4005	-2706.68
0.401	-2692.15
0.4015	-2676.97
0.402	-2662.46
0.4025	-2647.27
0.403	-2632.75
0.4035	-2618.27
0.404	-2603.77
0.4045	-2589.25
0.405	-2575.45
0.4055	-2560.93
0.406	-2547.12
0.4065	-2532.6
0.407	-2518.81
0.4075	-2504.96
0.408	-2491.17
0.4085	-2477.34
0.409	-2463.54
0.4095	-2450.41
0.41	-2436.58
0.4105	-2423.47
0.411	-2409.63
0.4115	-2396.52
0.412	-2383.38
0.4125	-2370.26
0.413	-2357.11
0.4135	-2344.69
0.414	-2331.55
0.4145	-2318.39
0.415	-2305.97
0.4155	-2293.52
0.416	-2280.4
0.4165	-2267.94
0.417	-2255.51
0.4175	-2243.06
0.418	-2231.33
0.4185	-2218.86
0.419	-2206.43
0.4195	-2194.67
0.42	-2182.92
0.4205	-2170.47
0.421	-2158.71
0.4215	-2146.97
0.422	-2135.19
0.4225	-2123.45
0.423	-2111.69
0.4235	-2100.64
0.424	-2088.87
0.4245	-2077.79
0.425	-2066.05
0.4255	-2054.98
0.426	-2043.92
0.4265	-2032.84
0.427	-2021.77
0.4275	-2010.72
0.428	-1999.63
0.4285	-1988.58
0.429	-1977.5
0.4295	-1967.12
0.43	-1956.06
0.4305	-1945.67
0.431	-1935.31
0.4315	-1924.92
0.432	-1913.84
0.4325	-1903.47
0.433	-1893.78
0.4335	-1883.39
0.434	-1873.03
0.4345	-1862.63
0.435	-1852.96
0.4355	-1842.57
0.436	-1832.87
0.4365	-1822.51
0.437	-1812.8
0.4375	-1803.1
0.438	-1793.43
0.4385	-1783.73
0.439	-1774.03
0.4395	-1764.35
0.44	-1754.65
0.4405	-1745.65
0.441	-1735.97
0.4415	-1726.26
0.442	-1717.26
0.4425	-1708.27
0.443	-1698.57
0.4435	-1689.57
0.444	-1680.57
0.4445	-1671.56
0.445	-1662.56
0.4455	-1653.57
0.446	-1644.56
0.4465	-1635.54
0.447	-1627.25
0.4475	-1618.24
0.448	-1609.92
0.4485	-1600.92
0.449	-1592.61
0.4495	-1583.6
0.45	-1575.28
0.4505	-1566.98
0.451	-1558.66
0.4515	-1550.34
0.452	-1542.04
0.4525	-1533.72
0.453	-1525.41
0.4535	-1517.1
0.454	-1508.78
0.4545	-1501.15
0.455	-1492.83
0.4555	-1485.23
0.456	-1476.9
0.4565	-1469.27
0.457	-1461.66
0.4575	-1453.34
0.458	-1445.72
0.4585	-1438.1
0.459	-1430.47
0.4595	-1422.84
0.46	-1415.21
0.4605	-1407.6
0.461	-1399.98
0.4615	-1393.03
0.462	-1385.42
0.4625	-1377.79
0.463	-1370.86
0.4635	-1363.23
0.464	-1356.3
0.4645	-1349.37
0.465	-1341.73
0.4655	-1334.8
0.466	-1327.88
0.4665	-1320.93
0.467	-1314
0.4675	-1307.08
0.468	-1300.14
0.4685	-1293.2
0.469	-1286.26
0.4695	-1279.33
0.47	-1272.4
0.4705	-1266.15
0.471	-1259.21
0.4715	-1252.29
0.472	-1246.04
0.4725	-1239.1
0.473	-1232.85
0.4735	-1226.62
0.474	-1219.68
0.4745	-1213.44
0.475	-1207.18
0.4755	-1200.95
0.476	-1194.71
0.4765	-1188.46
0.477	-1182.21
0.4775	-1175.98
0.478	-1169.73
0.4785	-1163.48
0.479	-1157.23
0.4795	-1151
0.48	-1145.45
0.4805	-1139.19
0.481	-1132.95
0.4815	-1127.4
0.482	-1121.16
0.4825	-1115.6
0.483	-1110.05
0.4835	-1103.81
0.484	-1098.25
0.4845	-1092.7
0.485	-1086.45
0.4855	-1080.91
0.486	-1075.35
0.4865	-1069.79
0.487	-1064.23
0.4875	-1058.68
0.488	-1053.14
0.4885	-1047.58
0.489	-1042.02
0.4895	-1037.16
0.49	-1031.61
0.4905	-1026.06
0.491	-1020.5
0.4915	-1015.64
0.492	-1010.09
0.4925	-1005.23
0.493	-999.669
0.4935	-994.807
0.494	-989.249
0.4945	-984.397
0.495	-979.528
0.4955	-973.97
0.496	-969.108
0.4965	-964.256
0.497	-959.393
0.4975	-954.53
0.498	-948.965
0.4985	-944.113
0.499	-939.249
0.4995	-934.385
0.5	-929.521
0.5005	-925.357
0.501	-920.493
0.5015	-915.628
0.502	-910.764
0.5025	-905.899
0.503	-901.74
0.5035	-896.869
0.504	-892.004
0.5045	-887.835
0.505	-882.98
0.5055	-878.81
0.506	-873.938
0.5065	-869.768
0.507	-864.911
0.5075	-860.741
0.508	-856.57
0.5085	-851.698
0.509	-847.538
0.5095	-843.367
0.51	-839.196
0.5105	-835.024
0.511	-830.167
0.5115	-825.99
0.512	-821.819
0.5125	-817.646
0.513	-813.484
0.5135	-809.312
0.514	-805.135
0.5145	-800.963
0.515	-797.487
0.5155	-793.324
0.516	-789.151
0.5165	-784.978
0.517	-780.8
0.5175	-777.333
0.518	-773.16
0.5185	-768.986
0.519	-765.509
0.5195	-761.339
0.52	-757.862
0.5205	-753.688
0.521	-750.21
0.5215	-746.045
0.522	-742.563
0.5225	-738.388
0.523	-734.911
0.5235	-731.441
0.524	-727.266
0.5245	-723.784
0.525	-720.305
0.5255	-716.826
0.526	-712.66
0.5265	-709.181
0.527	-705.698
0.5275	-702.219
0.528	-698.748
0.5285	-695.199
0.529	-691.72
0.5295	-688.24
0.53	-684.835
0.5305	-681.355
0.531	-677.944
0.5315	-674.534
0.532	-671.202
0.5325	-667.787
0.533	-664.447
0.5335	-661.105
0.534	-657.842
0.5345	-654.57
0.535	-651.295
0.5355	-648.024
0.536	-644.759
0.5365	-641.557
0.537	-638.355
0.5375	-635.149
0.538	-632.016
0.5385	-628.821
0.539	-625.757
0.5395	-622.625
0.54	-619.488
0.5405	-616.432
0.541	-613.368
0.5415	-610.305
0.542	-607.31
0.5425	-604.25
0.543	-601.256
0.5435	-598.262
0.544	-595.337
0.5445	-592.349
0.545	-589.424
0.5455	-586.496
0.546	-583.641
0.5465	-580.715
0.547	-577.867
0.5475	-575.011
0.548	-572.152
0.5485	-569.296
0.549	-566.517
0.5495	-563.731
0.55	-560.944
0.5505	-558.155
0.551	-555.444
0.5515	-552.727
0.552	-549.941
0.5525	-547.294
0.553	-544.58
0.5535	-541.863
0.554	-539.216
0.5545	-536.568
0.555	-533.927
0.5555	-531.346
0.556	-528.698
0.5565	-526.12
0.557	-523.542
0.5575	-520.969
0.558	-518.458
0.5585	-515.88
0.559	-513.371
0.5595	-510.868
0.56	-508.36
0.5605	-505.847
0.561	-503.408
0.5615	-500.975
0.562	-498.466
0.5625	-496.027
0.563	-493.654
0.5635	-491.214
0.564	-488.85
0.5645	-486.48
0.565	-484.11
0.5655	-481.74
0.566	-479.367
0.5665	-477.073
0.567	-474.772
0.5675	-472.402
0.568	-470.101
0.5685	-467.873
0.569	-465.572
0.5695	-463.342
0.57	-461.111
0.5705	-458.88
0.571	-456.654
0.5715	-454.42
0.572	-452.188
0.5725	-450.027
0.573	-447.865
0.5735	-445.709
0.574	-443.547
0.5745	-441.383
0.575	-439.291
0.5755	-437.129
0.576	-435.037
0.5765	-432.949
0.577	-430.857
0.5775	-428.762
0.578	-426.74
0.5785	-424.648
0.579	-422.63
0.5795	-420.607
0.58	-418.584
0.5805	-416.561
0.581	-414.536
0.5815	-412.583
0.582	-410.565
0.5825	-408.612
0.583	-406.658
0.5835	-404.705
0.584	-402.751
0.5845	-400.865
0.585	-398.912
0.5855	-397.033
0.586	-395.149
0.5865	-393.265
0.587	-391.381
0.5875	-389.498
0.588	-387.684
0.5885	-385.8
0.589	-383.988
0.5895	-382.103
0.59	-380.289
0.5905	-378.475
0.591	-376.73
0.5915	-374.916
0.592	-373.101
0.5925	-371.361
0.593	-369.616
0.5935	-367.802
0.594	-366.055
0.5945	-364.38
0.595	-362.635
0.5955	-360.89
0.596	-359.215
0.5965	-357.469
0.597	-355.794
0.5975	-354.119
0.598	-352.444
0.5985	-350.769
0.599	-349.093
0.5995	-347.488
0.6	-345.816
0.6005	-344.211
0.601	-342.605
0.6015	-340.929
0.602	-339.324
0.6025	-337.788
0.603	-336.182
0.6035	-334.576
0.604	-333.04
0.6045	-331.43
0.605	-329.894
0.6055	-328.358
0.606	-326.822
0.6065	-325.286
0.607	-323.749
0.6075	-322.213
0.608	-320.747
0.6085	-319.211
0.609	-317.744
0.6095	-316.208
0.61	-314.743
0.6105	-313.276
0.611	-311.81
0.6115	-310.343
0.612	-308.876
0.6125	-307.476
0.613	-306.009
0.6135	-304.612
0.614	-303.215
0.6145	-301.75
0.615	-300.353
0.6155	-298.953
0.616	-297.556
0.6165	-296.159
0.617	-294.832
0.6175	-293.434
0.618	-292.109
0.6185	-290.708
0.619	-289.381
0.6195	-288.054
0.62	-286.728
0.6205	-285.397
0.621	-284.07
0.6215	-282.742
0.622	-281.415
0.6225	-280.156
0.623	-278.828
0.6235	-277.571
0.624	-276.241
0.6245	-274.984
0.625	-273.726
0.6255	-272.465
0.626	-271.209
0.6265	-269.951
0.627	-268.69
0.6275	-267.504
0.628	-266.246
0.6285	-264.985
0.629	-263.797
0.6295	-262.611
0.63	-261.35
0.6305	-260.162
0.631	-258.975
0.6315	-257.784
0.632	-256.596
0.6325	-255.409
0.633	-254.288
0.6335	-253.1
0.634	-251.982
0.6345	-250.792
0.635	-249.674
0.6355	-248.486
0.636	-247.366
0.6365	-246.247
0.637	-245.129
0.6375	-244.008
0.638	-242.891
0.6385	-241.772
0.639	-240.651
0.6395	-239.603
0.64	-238.484
0.6405	-237.436
0.641	-236.316
0.6415	-235.267
0.642	-234.218
0.6425	-233.17
0.643	-232.051
0.6435	-231.002
0.644	-229.954
0.6445	-228.905
0.645	-227.925
0.6455	-226.876
0.646	-225.828
0.6465	-224.849
0.647	-223.799
0.6475	-222.82
0.648	-221.774
0.6485	-220.793
0.649	-219.815
0.6495	-218.837
0.65	-217.788
0.6505	-216.81
0.651	-215.902
0.6515	-214.922
0.652	-213.944
0.6525	-212.966
0.653	-211.989
0.6535	-211.081
0.654	-210.103
0.6545	-209.194
0.655	-208.216
0.6555	-207.309
0.656	-206.401
0.6565	-205.494
0.657	-204.517
0.6575	-203.608
0.658	-202.701
0.6585	-201.794
0.659	-200.888
0.6595	-200.05
0.66	-199.143
0.6605	-198.237
0.661	-197.328
0.6615	-196.492
0.662	-195.586
0.6625	-194.75
0.663	-193.843
0.6635	-193.009
0.664	-192.173
0.6645	-191.336
0.665	-190.501
0.6655	-189.594
0.666	-188.761
0.6665	-187.924
0.667	-187.09
0.6675	-186.326
0.668	-185.491
0.6685	-184.655
0.669	-183.819
0.6695	-183.057
0.67	-182.222
0.6705	-181.458
0.671	-180.624
0.6715	-179.861
0.672	-179.028
0.6725	-178.265
0.673	-177.5
0.6735	-176.739
0.674	-175.975
0.6745	-175.142
0.675	-174.381
0.6755	-173.617
0.676	-172.927
0.6765	-172.165
0.677	-171.402
0.6775	-170.641
0.678	-169.878
0.6785	-169.187
0.679	-168.427
0.6795	-167.735
0.68	-166.975
0.6805	-166.284
0.681	-165.523
0.6815	-164.833
0.682	-164.073
0.6825	-163.383
0.683	-162.692
0.6835	-162.004
0.684	-161.313
0.6845	-160.625
0.685	-159.935
0.6855	-159.245
0.686	-158.556
0.6865	-157.867
0.687	-157.178
0.6875	-156.489
0.688	-155.8
0.6885	-155.18
0.689	-154.491
0.6895	-153.872
0.69	-153.184
0.6905	-152.565
0.691	-151.877
0.6915	-151.259
0.692	-150.57
0.6925	-149.951
0.693	-149.332
0.6935	-148.714
0.694	-148.026
0.6945	-147.406
0.695	-146.789
0.6955	-146.17
0.696	-145.551
0.6965	-144.933
0.697	-144.316
0.6975	-143.697
0.698	-143.149
0.6985	-142.53
0.699	-141.911
0.6995	-141.293
0.7	-140.746
0.7005	-140.127
0.701	-139.579
0.7015	-138.961
0.702	-138.414
0.7025	-137.793
0.703	-137.246
0.7035	-136.699
0.704	-136.08
0.7045	-135.531
0.705	-134.984
0.7055	-134.435
0.706	-133.887
0.7065	-133.339
0.707	-132.791
0.7075	-132.243
0.708	-131.694
0.7085	-131.146
0.709	-130.597
0.7095	-130.049
0.71	-129.571
0.7105	-129.023
0.711	-128.474
0.7115	-127.997
0.712	-127.448
0.7125	-126.97
0.713	-126.422
0.7135	-125.944
0.714	-125.395
0.7145	-124.917
0.715	-124.439
0.7155	-123.889
0.716	-123.412
0.7165	-122.933
0.717	-122.455
0.7175	-121.978
0.718	-121.499
0.7185	-121.021
0.719	-120.543
0.7195	-120.064
0.72	-119.586
0.7205	-119.109
0.721	-118.702
0.7215	-118.224
0.722	-117.745
0.7225	-117.266
0.723	-116.858
0.7235	-116.378
0.724	-115.969
0.7245	-115.559
0.725	-115.061
0.7255	-114.635
0.726	-114.209
0.7265	-113.782
0.727	-113.356
0.7275	-112.93
0.728	-112.504
0.7285	-112.077
0.729	-111.651
0.7295	-111.225
0.73	-110.799
0.7305	-110.372
0.731	-109.946
0.7315	-109.591
0.732	-109.165
0.7325	-108.738
0.733	-108.312
0.7335	-107.886
0.734	-107.459
0.7345	-107.033
0.735	-106.678
0.7355	-106.252
0.736	-105.825
0.7365	-105.399
0.737	-105.044
0.7375	-104.617
0.738	-104.191
0.7385	-103.836
0.739	-103.409
0.7395	-102.983
0.74	-102.628
0.7405	-102.201
0.741	-101.775
0.7415	-101.42
0.742	-100.993
0.7425	-100.638
0.743	-100.212
0.7435	-99.7853
0.744	-99.43
0.7445	-99.0036
0.745	-98.6483
0.7455	-98.2219
0.746	-97.8666
0.7465	-97.4402
0.747	-97.0848
0.7475	-96.7295
0.748	-96.3031
0.7485	-95.9477
0.749	-95.5213
0.7495	-95.1659
0.75	-94.8106
0.7505	-94.3841
0.751	-94.0287
0.7515	-93.6734
0.752	-93.2469
0.7525	-92.8915
0.753	-92.5362
0.7535	-92.1808
0.754	-91.7543
0.7545	-91.3989
0.755	-91.0435
0.7555	-90.6881
0.756	-90.2616
0.7565	-89.9062
0.757	-89.5508
0.7575	-89.1954
0.758	-88.8399
0.7585	-88.4845
0.759	-88.1291
0.7595	-87.7026
0.76	-87.3471
0.7605	-86.9917
0.761	-86.6362
0.7615	-86.2808
0.762	-85.9253
0.7625	-85.5699
0.763	-85.2144
0.7635	-84.859
0.764	-84.5035
0.7645	-84.148
0.765	-83.7925
0.7655	-83.4371
0.766	-83.0816
0.7665	-82.7261
0.767	-82.4417
0.7675	-82.0862
0.768	-81.7307
0.7685	-81.3752
0.769	-81.0197
0.7695	-80.6642
0.77	-80.3087
0.7705	-80.0243
0.771	-79.6688
0.7715	-79.3132
0.772	-78.9577
0.7725	-78.6022
0.773	-78.3177
0.7735	-77.9622
0.774	-77.6067
0.7745	-77.3222
0.775	-76.9667
0.7755	-76.6111
0.776	-76.2556
0.7765	-75.9711
0.777	-75.6155
0.7775	-75.3311
0.778	-74.9755
0.7785	-74.6199
0.779	-74.3355
0.7795	-73.9799
0.78	-73.6954
0.7805	-73.3398
0.781	-72.9842
0.7815	-72.6997
0.782	-72.3441
0.7825	-72.0597
0.783	-71.704
0.7835	-71.4195
0.784	-71.0924
0.7845	-70.7723
0.785	-70.4594
0.7855	-70.1393
0.786	-69.8263
0.7865	-69.5134
0.787	-69.2004
0.7875	-68.8874
0.788	-68.5745
0.7885	-68.2615
0.789	-67.9556
0.7895	-67.6426
0.79	-67.3368
0.7905	-67.0309
0.791	-66.725
0.7915	-66.4191
0.792	-66.1132
0.7925	-65.8073
0.793	-65.5085
0.7935	-65.2027
0.794	-64.9039
0.7945	-64.6051
0.795	-64.2992
0.7955	-64.0004
0.796	-63.7087
0.7965	-63.4099
0.797	-63.1111
0.7975	-62.8194
0.798	-62.5206
0.7985	-62.2288
0.799	-61.9371
0.7995	-61.6383
0.8	-61.3466
0.8005	-61.062
0.801	-60.7703
0.8015	-60.4786
0.802	-60.1939
0.8025	-59.9022
0.803	-59.6176
0.8035	-59.333
0.804	-59.0483
0.8045	-58.7637
0.805	-58.4791
0.8055	-58.1945
0.806	-57.9098
0.8065	-57.6323
0.807	-57.3548
0.8075	-57.0701
0.808	-56.7926
0.8085	-56.515
0.809	-56.2375
0.8095	-55.96
0.81	-55.6824
0.8105	-55.412
0.811	-55.1344
0.8115	-54.864
0.812	-54.5935
0.8125	-54.316
0.813	-54.0455
0.8135	-53.7751
0.814	-53.5046
0.8145	-53.2413
0.815	-52.9708
0.8155	-52.7003
0.816	-52.437
0.8165	-52.1665
0.817	-51.9031
0.8175	-51.6398
0.818	-51.3764
0.8185	-51.1131
0.819	-50.8497
0.8195	-50.5934
0.82	-50.33
0.8205	-50.0738
0.821	-49.8104
0.8215	-49.5541
0.822	-49.2979
0.8225	-49.0416
0.823	-48.7853
0.8235	-48.529
0.824	-48.2727
0.8245	-48.0236
0.825	-47.7673
0.8255	-47.5181
0.826	-47.2618
0.8265	-47.0126
0.827	-46.7634
0.8275	-46.5143
0.828	-46.2651
0.8285	-46.023
0.829	-45.7738
0.8295	-45.5246
0.83	-45.2825
0.8305	-45.0333
0.831	-44.7912
0.8315	-44.5491
0.832	-44.307
0.8325	-44.0649
0.833	-43.8228
0.8335	-43.5807
0.834	-43.3386
0.8345	-43.1036
0.835	-42.8615
0.8355	-42.6265
0.836	-42.3915
0.8365	-42.1565
0.837	-41.9215
0.8375	-41.6865
0.838	-41.4515
0.8385	-41.2165
0.839	-40.9815
0.8395	-40.7536
0.84	-40.5186
0.8405	-40.2907
0.841	-40.0628
0.8415	-39.8277
0.842	-39.5998
0.8425	-39.3719
0.843	-39.144
0.8435	-38.9232
0.844	-38.6953
0.8445	-38.4673
0.845	-38.2465
0.8455	-38.0257
0.846	-37.7978
0.8465	-37.577
0.847	-37.3561
0.8475	-37.1353
0.848	-36.9145
0.8485	-36.6937
0.849	-36.48
0.8495	-36.2591
0.85	-36.0383
0.8505	-35.8246
0.851	-35.6109
0.8515	-35.39
0.852	-35.1763
0.8525	-34.9626
0.853	-34.7488
0.8535	-34.5351
0.854	-34.3285
0.8545	-34.1147
0.855	-33.9081
0.8555	-33.6944
0.856	-33.4878
0.8565	-33.274
0.857	-33.0674
0.8575	-32.8607
0.858	-32.6541
0.8585	-32.4475
0.859	-32.248
0.8595	-32.0413
0.86	-31.8347
0.8605	-31.6352
0.861	-31.4285
0.8615	-31.229
0.862	-31.0294
0.8625	-30.8228
0.863	-30.6232
0.8635	-30.4237
0.864	-30.2313
0.8645	-30.0317
0.865	-29.8322
0.8655	-29.6326
0.866	-29.4402
0.8665	-29.2478
0.867	-29.0482
0.8675	-28.8558
0.868	-28.6634
0.8685	-28.4709
0.869	-28.2785
0.8695	-28.086
0.87	-27.8936
0.8705	-27.7082
0.871	-27.5158
0.8715	-27.3305
0.872	-27.138
0.8725	-26.9527
0.873	-26.7673
0.8735	-26.582
0.874	-26.3895
0.8745	-26.2042
0.875	-26.0259
0.8755	-25.8406
0.876	-25.6552
0.8765	-25.477
0.877	-25.2916
0.8775	-25.1134
0.878	-24.928
0.8785	-24.7498
0.879	-24.5716
0.8795	-24.3933
0.88	-24.2151
0.8805	-24.0368
0.881	-23.8586
0.8815	-23.6803
0.882	-23.5092
0.8825	-23.3309
0.883	-23.1598
0.8835	-22.9887
0.884	-22.8104
0.8845	-22.6392
0.885	-22.4681
0.8855	-22.297
0.886	-22.1258
0.8865	-21.9547
0.887	-21.7906
0.8875	-21.6195
0.888	-21.4483
0.8885	-21.2843
0.889	-21.1131
0.8895	-20.9491
0.89	-20.785
0.8905	-20.621
0.891	-20.4569
0.8915	-20.2929
0.892	-20.1288
0.8925	-19.9648
0.893	-19.8007
0.8935	-19.6438
0.894	-19.4797
0.8945	-19.3228
0.895	-19.1659
0.8955	-19.0018
0.896	-18.8449
0.8965	-18.6879
0.897	-18.531
0.8975	-18.374
0.898	-18.2171
0.8985	-18.0673
0.899	-17.9103
0.8995	-17.7534
0.9	-17.6035
0.9005	-17.4466
0.901	-17.2967
0.9015	-17.1469
0.902	-16.9971
0.9025	-16.8472
0.903	-16.6974
0.9035	-16.5475
0.904	-16.3977
0.9045	-16.2478
0.905	-16.1051
0.9055	-15.9553
0.906	-15.8125
0.9065	-15.6627
0.907	-15.52
0.9075	-15.3772
0.908	-15.2274
0.9085	-15.0846
0.909	-14.9419
0.9095	-14.8063
0.91	-14.6635
0.9105	-14.5208
0.911	-14.378
0.9115	-14.2424
0.912	-14.0997
0.9125	-13.9641
0.913	-13.8284
0.9135	-13.6928
0.914	-13.5572
0.9145	-13.4216
0.915	-13.2859
0.9155	-13.1503
0.916	-13.0146
0.9165	-12.879
0.917	-12.7505
0.9175	-12.6149
0.918	-12.4863
0.9185	-12.3507
0.919	-12.2222
0.9195	-12.0937
0.92	-11.9651
0.9205	-11.8366
0.921	-11.7081
0.9215	-11.5796
0.922	-11.451
0.9225	-11.3225
0.923	-11.2011
0.9235	-11.0726
0.924	-10.9512
0.9245	-10.8298
0.925	-10.7012
0.9255	-10.5798
0.926	-10.4584
0.9265	-10.337
0.927	-10.2156
0.9275	-10.0942
0.928	-9.97989
0.9285	-9.85846
0.929	-9.73704
0.9295	-9.62275
0.93	-9.50132
0.9305	-9.38703
0.931	-9.27273
0.9315	-9.15844
0.932	-9.03699
0.9325	-8.92269
0.933	-8.81553
0.9335	-8.70123
0.934	-8.58692
0.9345	-8.4726
0.935	-8.36543
0.9355	-8.25111
0.936	-8.14394
0.9365	-8.03676
0.937	-7.92243
0.9375	-7.81525
0.938	-7.70807
0.9385	-7.60088
0.939	-7.49368
0.9395	-7.38649
0.94	-7.28644
0.9405	-7.17924
0.941	-7.07561
0.9415	-6.97198
0.942	-6.86906
0.9425	-6.76685
0.943	-6.66536
0.9435	-6.56457
0.944	-6.46379
0.9445	-6.36443
0.945	-6.26507
0.9455	-6.16642
0.946	-6.06848
0.9465	-5.97125
0.947	-5.87474
0.9475	-5.77894
0.948	-5.68314
0.9485	-5.58876
0.949	-5.49509
0.9495	-5.40143
0.95	-5.30847
0.9505	-5.21623
0.951	-5.12399
0.9515	-5.03317
0.952	-4.94306
0.9525	-4.85295
0.953	-4.76356
0.9535	-4.67559
0.954	-4.58762
0.9545	-4.50036
0.955	-4.41382
0.9555	-4.32798
0.956	-4.24215
0.9565	-4.15774
0.957	-4.07333
0.9575	-3.99034
0.958	-3.90807
0.9585	-3.8258
0.959	-3.74424
0.9595	-3.66339
0.96	-3.58325
0.9605	-3.50383
0.961	-3.42512
0.9615	-3.34712
0.962	-3.26912
0.9625	-3.19255
0.963	-3.11669
0.9635	-3.04083
0.964	-2.9664
0.9645	-2.89196
0.965	-2.81895
0.9655	-2.74594
0.966	-2.67436
0.9665	-2.60277
0.967	-2.5319
0.9675	-2.46174
0.968	-2.39301
0.9685	-2.32428
0.969	-2.25626
0.9695	-2.18967
0.97	-2.12307
0.9705	-2.05719
0.971	-1.99274
0.9715	-1.92828
0.972	-1.86526
0.9725	-1.80223
0.973	-1.74063
0.9735	-1.67903
0.974	-1.61885
0.9745	-1.56011
0.975	-1.50136
0.9755	-1.44333
0.976	-1.38673
0.9765	-1.33084
0.977	-1.27566
0.9775	-1.22119
0.978	-1.16816
0.9785	-1.11584
0.979	-1.06495
0.9795	-1.01477
0.98	-0.966029
0.9805	-0.917996
0.981	-0.870678
0.9815	-0.825507
0.982	-0.780333
0.9825	-0.737307
0.983	-0.694995
0.9835	-0.653827
0.984	-0.613804
0.9845	-0.574925
0.985	-0.537119
