0.6	13.7133
0.6005	13.7133
0.601	13.7133
0.6015	13.7133
0.602	13.7133
0.6025	13.7133
0.603	13.7133
0.6035	13.7133
0.604	13.7133
0.6045	13.7133
0.605	13.7133
0.6055	13.7133
0.606	13.7133
0.6065	13.7133
0.607	13.7133
0.6075	13.7133
0.608	13.7133
0.6085	13.7133
0.609	13.7133
0.6095	13.7133
0.61	13.7133
0.6105	13.7133
0.611	13.7133
0.6115	13.7133
0.612	13.7133
0.6125	13.7133
0.613	13.7133
0.6135	13.7133
0.614	13.7133
0.6145	13.7133
0.615	13.7133
0.6155	13.7133
0.616	13.7133
0.6165	13.7133
0.617	13.7133
0.6175	13.7133
0.618	13.7133
0.6185	13.7133
0.619	13.7133
0.6195	13.7133
0.62	13.7133
0.6205	13.7133
0.621	13.7133
0.6215	13.7133
0.622	13.7133
0.6225	13.7133
0.623	13.7133
0.6235	13.7133
0.624	13.7133
0.6245	13.7133
0.625	13.7133
0.6255	13.7133
0.626	13.7133
0.6265	13.7133
0.627	13.7133
0.6275	13.7133
0.628	13.7133
0.6285	13.7133
0.629	13.7133
0.6295	13.7133
0.63	13.7133
0.6305	13.7133
0.631	13.7133
0.6315	13.7133
0.632	13.7133
0.6325	13.7133
0.633	13.7133
0.6335	13.7133
0.634	13.7133
0.6345	13.7133
0.635	13.7133
0.6355	13.7133
0.636	13.7133
0.6365	13.7133
0.637	13.7133
0.6375	13.7133
0.638	13.7133
0.6385	13.7133
0.639	13.7133
0.6395	13.7133
0.64	13.7133
0.6405	13.7133
0.641	13.7133
0.6415	13.7133
0.642	13.7133
0.6425	13.7133
0.643	13.7133
0.6435	13.7133
0.644	13.7133
0.6445	13.7133
0.645	13.7133
0.6455	13.7133
0.646	13.7133
0.6465	13.7133
0.647	13.7133
0.6475	13.7133
0.648	13.7133
0.6485	13.7133
0.649	13.7133
0.6495	13.7133
0.65	13.7133
0.6505	13.7133
0.651	13.7133
0.6515	13.7133
0.652	13.7133
0.6525	13.7133
0.653	13.7133
0.6535	13.7133
0.654	13.7133
0.6545	13.7133
0.655	13.7133
0.6555	13.7133
0.656	13.7133
0.6565	13.7133
0.657	13.7133
0.6575	13.7133
0.658	13.7133
0.6585	13.7133
0.659	13.7133
0.6595	13.7133
0.66	13.7133
0.6605	13.7133
0.661	13.7133
0.6615	13.7133
0.662	13.7133
0.6625	13.7133
0.663	13.7133
0.6635	13.7133
0.664	13.7133
0.6645	13.7133
0.665	13.7133
0.6655	13.7133
0.666	13.7133
0.6665	13.7133
0.667	13.7133
0.6675	13.7133
0.668	13.7133
0.6685	13.7133
0.669	13.7133
0.6695	13.7133
0.67	13.7133
0.6705	13.7133
0.671	13.7133
0.6715	13.7133
0.672	13.7133
0.6725	13.7133
0.673	13.7133
0.6735	13.7133
0.674	13.7133
0.6745	13.7133
0.675	13.7133
0.6755	13.7133
0.676	13.7133
0.6765	13.7133
0.677	13.7133
0.6775	13.7133
0.678	13.7133
0.6785	13.7133
0.679	13.7133
0.6795	13.7133
0.68	13.7133
0.6805	13.7133
0.681	13.7133
0.6815	13.7133
0.682	13.7133
0.6825	13.7133
0.683	13.7133
0.6835	13.7133
0.684	13.7133
0.6845	13.7133
0.685	13.7133
0.6855	13.7133
0.686	13.7133
0.6865	13.7133
0.687	13.7133
0.6875	13.7133
0.688	13.7133
0.6885	13.7133
0.689	13.7133
0.6895	13.7133
0.69	13.7133
0.6905	13.7133
0.691	13.7133
0.6915	13.7133
0.692	13.7133
0.6925	13.7133
0.693	13.7133
0.6935	13.7133
0.694	13.7133
0.6945	13.7133
0.695	13.7133
0.6955	13.7133
0.696	13.7133
0.6965	13.7133
0.697	13.7133
0.6975	13.7133
0.698	13.7133
0.6985	13.7133
0.699	13.7133
0.6995	13.7133
0.7	13.7133
0.7005	13.7133
0.701	13.7133
0.7015	13.7133
0.702	13.7133
0.7025	13.7133
0.703	13.7133
0.7035	13.7133
0.704	13.7133
0.7045	13.7133
0.705	13.7133
0.7055	13.7133
0.706	13.7133
0.7065	13.7133
0.707	13.7133
0.7075	13.7133
0.708	13.7133
0.7085	13.7133
0.709	13.7133
0.7095	13.7133
0.71	13.7133
0.7105	13.7133
0.711	13.7133
0.7115	13.7133
0.712	13.7133
0.7125	13.7133
0.713	13.7133
0.7135	13.7133
0.714	13.7133
0.7145	13.7133
0.715	13.7133
0.7155	13.7133
0.716	13.7133
0.7165	13.7133
0.717	13.7133
0.7175	13.7133
0.718	13.7133
0.7185	13.7133
0.719	13.7133
0.7195	13.7133
0.72	13.7133
0.7205	13.7133
0.721	13.7133
0.7215	13.7133
0.722	13.7133
0.7225	13.7133
0.723	13.7133
0.7235	13.7133
0.724	13.7133
0.7245	13.7133
0.725	13.7133
0.7255	13.7133
0.726	13.7133
0.7265	13.7133
0.727	13.7133
0.7275	13.7133
0.728	13.7133
0.7285	13.7133
0.729	13.7133
0.7295	13.7133
0.73	13.7133
0.7305	13.7133
0.731	13.7133
0.7315	13.7133
0.732	13.7133
0.7325	13.7133
0.733	13.7133
0.7335	13.7133
0.734	13.7133
0.7345	13.7133
0.735	13.7133
0.7355	13.7133
0.736	13.7133
0.7365	13.7133
0.737	13.7133
0.7375	13.7133
0.738	13.7133
0.7385	13.7133
0.739	13.7133
0.7395	13.7133
0.74	13.7133
0.7405	13.7133
0.741	13.7133
0.7415	13.7133
0.742	13.7133
0.7425	13.7133
0.743	13.7133
0.7435	13.7133
0.744	13.7133
0.7445	13.7133
0.745	13.7133
0.7455	13.7133
0.746	13.7133
0.7465	13.7133
0.747	13.7133
0.7475	13.7133
0.748	13.7133
0.7485	13.7133
0.749	13.7133
0.7495	13.7133
0.75	13.7133
0.7505	13.7133
0.751	13.7133
0.7515	13.7133
0.752	13.7133
0.7525	13.7133
0.753	13.7133
0.7535	13.7133
0.754	13.7133
0.7545	13.7133
0.755	13.7133
0.7555	13.7133
0.756	13.7133
0.7565	13.7133
0.757	13.7133
0.7575	13.7133
0.758	13.7133
0.7585	13.7133
0.759	13.7133
0.7595	13.7133
0.76	13.7133
0.7605	13.7133
0.761	13.7133
0.7615	13.7133
0.762	13.7133
0.7625	13.7133
0.763	13.7133
0.7635	13.7133
0.764	13.7133
0.7645	13.7133
0.765	13.7133
0.7655	13.7133
0.766	13.7133
0.7665	13.7133
0.767	13.7133
0.7675	13.7133
0.768	13.7133
0.7685	13.7133
0.769	13.7133
0.7695	13.7133
0.77	13.7133
0.7705	13.7133
0.771	13.7133
0.7715	13.7133
0.772	13.7133
0.7725	13.7133
0.773	13.7133
0.7735	13.7133
0.774	13.7133
0.7745	13.7133
0.775	13.7133
0.7755	13.7133
0.776	13.7133
0.7765	13.7133
0.777	13.7133
0.7775	13.7133
0.778	13.7133
0.7785	13.7133
0.779	13.7133
0.7795	13.7133
0.78	13.7133
0.7805	13.7133
0.781	13.7133
0.7815	13.7133
0.782	13.7133
0.7825	13.7133
0.783	13.7133
0.7835	13.7133
0.784	13.7133
0.7845	13.7133
0.785	13.7133
0.7855	13.7133
0.786	13.7133
0.7865	13.7133
0.787	13.7133
0.7875	13.7133
0.788	13.7133
0.7885	13.7133
0.789	13.7133
0.7895	13.7133
0.79	13.7133
0.7905	13.7133
0.791	13.7133
0.7915	13.7133
0.792	13.7133
0.7925	13.7133
0.793	13.7133
0.7935	13.7133
0.794	13.7133
0.7945	13.7133
0.795	13.7133
0.7955	13.7133
0.796	13.7133
0.7965	13.7133
0.797	13.7133
0.7975	13.7133
0.798	13.7133
0.7985	13.7133
0.799	13.7133
0.7995	13.7133
0.8	13.7133
