1.200664040923285889e+12
1.200691316642814697e+12
1.200728463860527832e+12
1.199951230140335938e+12
1.199987389127996094e+12
1.199235129010044434e+12
1.199276464964878662e+12
1.198526560551638184e+12
1.198577661209753418e+12
1.197837187126493164e+12
1.197897780483275635e+12
1.197167008414947510e+12
1.196438925289200928e+12
1.195717437558678223e+12
1.194998962480689453e+12
1.194286562092489990e+12
1.193577358471062988e+12
1.192874454305487549e+12
1.192177371237590576e+12
1.191483728905275391e+12
1.190793249023564209e+12
1.189309804177055664e+12
1.188624408494066650e+12
1.187949231322563721e+12
1.186478474905271484e+12
1.185811772310649170e+12
1.184349655881861328e+12
1.182893820192562500e+12
1.182242772640752197e+12
1.180792262356271729e+12
1.179348025794041504e+12
1.178704939515621338e+12
1.177268980757738770e+12
1.175835721572662842e+12
1.174405517503260986e+12
1.172994643722112061e+12
1.171559552521223389e+12
1.170143834332691895e+12
1.168740934098317139e+12
1.166519206771156738e+12
1.165114204859029053e+12
1.163722324264521484e+12
1.162312300529474609e+12
1.160127396797424316e+12
1.158736085071742188e+12
1.156532716904117188e+12
1.155158440830873535e+12
1.152976019497860596e+12
1.151597642635192871e+12
1.149419645391303711e+12
1.147247277474187256e+12
1.145876251720839600e+12
1.143707588686767822e+12
1.141538094165366455e+12
1.139374705592356445e+12
1.138028836832805176e+12
1.135856325155594727e+12
1.133710696115937256e+12
1.131558757937905273e+12
1.129406042076045410e+12
1.127257825710889893e+12
1.125111153844806885e+12
1.122967271000062012e+12
1.120825148805535645e+12
1.117883344632489258e+12
1.115744808774510010e+12
1.113607152182392334e+12
1.111475477714474854e+12
1.108537396424224121e+12
1.106418451199385254e+12
1.104279342275302734e+12
1.101342381810753906e+12
1.099228975941860840e+12
1.097105048286714844e+12
1.094165218358133301e+12
1.092057286562696655e+12
1.089130906347502563e+12
1.087007180674197998e+12
1.084093087605525269e+12
1.081158179528627808e+12
1.079044821417360718e+12
1.076130883759019775e+12
1.074018117499787842e+12
1.071097535159173950e+12
1.068172149352637451e+12
1.065254298595945801e+12
1.063144407830729858e+12
1.060222872868246948e+12
1.057305109506675293e+12
1.054395030294935303e+12
1.052278161280167969e+12
1.049369846219308105e+12
1.046450184476235229e+12
1.043535107425639893e+12
1.040612597641673462e+12
1.037690095958436523e+12
1.034774611336345581e+12
1.032666512135302124e+12
1.029746991837187988e+12
1.026828485539864014e+12
1.023905810839324951e+12
1.020995570560315674e+12
1.018064556296615845e+12
1.015143616797352295e+12
1.012232682205869629e+12
1.009307010413968872e+12
1.006383626136607544e+12
1.003459041411587036e+12
1.000531283718997314e+12
9.976062182047365723e+11
9.946793027888610840e+11
9.917531758887717285e+11
9.880158125933963623e+11
9.850846071940897217e+11
9.821516026269433594e+11
9.792194768339907227e+11
9.762843594829604492e+11
9.733610701798487549e+11
9.704138781678723145e+11
9.674759560189851074e+11
9.645481481197249756e+11
9.616052688745500488e+11
9.586600102453114014e+11
9.548987462231087646e+11
9.519535186209931641e+11
9.490095427588602295e+11
9.460687208529588623e+11
9.431099416330803223e+11
9.401555013923156738e+11
9.372112037167851562e+11
9.342476167903771973e+11
9.304765801298181152e+11
9.275181868811418457e+11
9.245563874934855957e+11
9.215938922094039307e+11
9.186321402934788818e+11
9.156679913445635986e+11
9.126914339164914551e+11
9.097227440319035645e+11
9.059227437664310303e+11
9.029593259615432129e+11
8.999811186850761719e+11
8.970002875672576904e+11
8.940273032545782471e+11
8.910340994876241455e+11
8.880570345625861816e+11
8.850598664409426270e+11
8.820777515672647705e+11
8.790877541338011475e+11
8.752597826049671631e+11
8.722644819535146484e+11
8.692634421272091064e+11
8.662598247242486572e+11
8.632637893040894775e+11
8.602549422466761475e+11
8.572372238877702637e+11
8.542292084173137207e+11
8.512141085152111816e+11
8.481962729815379639e+11
8.451766025465246582e+11
8.421543666719241943e+11
8.391347780705338135e+11
8.361079223759686279e+11
8.330737538455517578e+11
8.301251891242520752e+11
8.270870062842949219e+11
8.241316562162874756e+11
8.210915839343007812e+11
8.181343431618394775e+11
8.150777947697983398e+11
8.121117751808337402e+11
8.091408184212781982e+11
8.061769284333232422e+11
8.032003738449407959e+11
8.002198946147631836e+11
7.972401959005966797e+11
7.943386562927993164e+11
7.913607329788692627e+11
7.884543431995416260e+11
7.854621008701939697e+11
7.825505149345003662e+11
7.796356097261267090e+11
7.767266839931381836e+11
7.737983647229388428e+11
7.708787664962658691e+11
7.679529109549626465e+11
7.651132259421986084e+11
7.621830934910592041e+11
7.593330025948135986e+11
7.564808399708698730e+11
7.535406152232257080e+11
7.506880340523308105e+11
7.478211721174106445e+11
7.449631564928789062e+11
7.421827324817202148e+11
7.393045797378250732e+11
7.364422120904840088e+11
7.336496280301345215e+11
7.308538412454947510e+11
7.279754950320145264e+11
7.251815023138614502e+11
7.223756709499916992e+11
7.195740014175888672e+11
7.168524475955550537e+11
7.140449663539550781e+11
7.113144543591735840e+11
7.085009854610456543e+11
7.057670601954892578e+11
7.030285387578270264e+11
7.002963104390653076e+11
6.975487856833001709e+11
6.948039353489401855e+11
6.920659195627556152e+11
6.893993996784631348e+11
6.866455147118510742e+11
6.839774062506047363e+11
6.812256534730833740e+11
6.785503398675541992e+11
6.758664839384705811e+11
6.731845007818963623e+11
6.705928153446915283e+11
6.679060693555351562e+11
6.652209600456793213e+11
6.626139469596964111e+11
6.600032219100720215e+11
6.573094292050134277e+11
6.546956271043511963e+11
6.520856965934394531e+11
6.495451086708209229e+11
6.469247502204500732e+11
6.443068017981544189e+11
6.417666074641143799e+11
6.391384333546525879e+11
6.365922740957784424e+11
6.340458321878137207e+11
6.314930568178881836e+11
6.289405459013588867e+11
6.263867293280607910e+11
6.238294372987135010e+11
6.213614030959785156e+11
6.187917335116474609e+11
6.163186090165407715e+11
6.138369764251987305e+11
6.113543815449863281e+11
6.088688251974260254e+11
6.063731465339520264e+11
6.038886637411186523e+11
6.014028162623117676e+11
5.989882120890427246e+11
5.964977858886132812e+11
5.940777645877656250e+11
5.916609276679942627e+11
5.891636464825740967e+11
5.867442270490534668e+11
5.844065600380895996e+11
5.819831090310076904e+11
5.795540197774947510e+11
5.772139320630855713e+11
5.747827067823010254e+11
5.724310482230388184e+11
5.699963173188414307e+11
5.676504373705567627e+11
5.652954525299907227e+11
5.629429530453475342e+11
5.606720190777165527e+11
5.583117765150875244e+11
5.559520165830767822e+11
5.536738179432614746e+11
5.513150985189587402e+11
5.490341705827626953e+11
5.467466689519052734e+11
5.444659508488968506e+11
5.421745133738481445e+11
5.398909271124642944e+11
5.375986862899553833e+11
5.353932917261284790e+11
5.330988200983593140e+11
5.308889476515250244e+11
5.285906463197908325e+11
5.263749432570970459e+11
5.241589738898729248e+11
5.219460244341711426e+11
5.197209837942492065e+11
5.175055847998875122e+11
5.152806287643684082e+11
5.131402043864018555e+11
5.109166137044465942e+11
5.087728883130398560e+11
5.065377808651434937e+11
5.043941539613260498e+11
5.022434308068812866e+11
5.000930891785584106e+11
4.979446710108784180e+11
4.957908428877790527e+11
4.936332087559035645e+11
4.915592443872105713e+11
4.894030852322963257e+11
4.873331654669285889e+11
4.851685816149708252e+11
4.830889865753184204e+11
4.810122138063670654e+11
4.789294353057708740e+11
4.768480998525222778e+11
4.747620616097223511e+11
4.726746139456149902e+11
4.705885343877115479e+11
4.685895235100177612e+11
4.664962524868910522e+11
4.644924089848428955e+11
4.623964150874705811e+11
4.603871119555177002e+11
4.583792099904521484e+11
4.563704998577898560e+11
4.543601341971948242e+11
4.523445169405344849e+11
4.503309240580539551e+11
4.483123703152788086e+11
4.463803103944539185e+11
4.443649855545442505e+11
4.424320308495952759e+11
4.404089224694254150e+11
4.384764481527195435e+11
4.365433722092666016e+11
4.346035821918653564e+11
4.325777918250261841e+11
4.307320717373372192e+11
4.287880624306975098e+11
4.268462187249432983e+11
4.249076125125982056e+11
4.230494978283897705e+11
4.211078413397066650e+11
4.192509575429670410e+11
4.173067985886322021e+11
4.154463229096940308e+11
4.135853235031708984e+11
4.117287863082047729e+11
4.098683464817220459e+11
4.080047926579313965e+11
4.061433121687453613e+11
4.042815228991841431e+11
4.024157749329030762e+11
4.006385717767635498e+11
3.987748339399349976e+11
3.969961084652805786e+11
3.951293306751816406e+11
3.933465774886667480e+11
3.915683036582709351e+11
3.897877656054691162e+11
3.880039606117943726e+11
3.862214171824345703e+11
3.844382569198098755e+11
3.826537060651012573e+11
3.808711364803272705e+11
3.791698128683696289e+11
3.773874986786143188e+11
3.756848839196289062e+11
3.739021491644057007e+11
3.722007843096268311e+11
3.704997390754049683e+11
3.687112765816986694e+11
3.670086404979797974e+11
3.653043765039526978e+11
3.636007907939836426e+11
3.619007140262896729e+11
3.602809593474488525e+11
3.585764833907720947e+11
3.568687679997119751e+11
3.552514123207498169e+11
3.535445240245335693e+11
3.519219651950039062e+11
3.502149037940605469e+11
3.485948939013651733e+11
3.469730133340242920e+11
3.453509588193918457e+11
3.437287893684486694e+11
3.421041979993012695e+11
3.404806600696218262e+11
3.388564464631931763e+11
3.372301065334012451e+11
3.356925743519788208e+11
3.340682556796096802e+11
3.324410578086920166e+11
3.308990270894339600e+11
3.292734598999827881e+11
3.277301744010286255e+11
3.261903160675035400e+11
3.246462867091537476e+11
3.231082343024141846e+11
3.215637254351182251e+11
3.200183103733529053e+11
3.184735458243029785e+11
3.169298943910906372e+11
3.153866225263845215e+11
3.138403555305839844e+11
3.123805038885576782e+11
3.108360892717171631e+11
3.093744984938844604e+11
3.078313775791179810e+11
3.063675714873430176e+11
3.049086165388743286e+11
3.033628070205142822e+11
3.018991329314042969e+11
3.004373786657794800e+11
2.989766628900806885e+11
2.975126907080982666e+11
2.960509166464487305e+11
2.946739145170285034e+11
2.932094204340506592e+11
2.917468352988442383e+11
2.903692552445039062e+11
2.889057712674019165e+11
2.875273573237313232e+11
2.860601421946975098e+11
2.846807940967523193e+11
2.833044277640020752e+11
2.818362449177454834e+11
2.804567720611959839e+11
2.790760663923814087e+11
2.776954470339462891e+11
2.763166343196914673e+11
2.749346586490246582e+11
2.736402003535742493e+11
2.722583023584283447e+11
2.708763187302888794e+11
2.695804112034702148e+11
2.681982813663796692e+11
2.669026750681565857e+11
2.655192581627048950e+11
2.642256784647081909e+11
2.629285111703933105e+11
2.615447647635875244e+11
2.602455796568185425e+11
2.589504128235393372e+11
2.576531916848964233e+11
2.563531888548881226e+11
2.550563645096775208e+11
2.537604583400189514e+11
2.524618919185846558e+11
2.512478331970337830e+11
2.499492867396510315e+11
2.486504306009652710e+11
2.474395917610296021e+11
2.461397852697676392e+11
2.449262208734734802e+11
2.437156768309813843e+11
2.424164415662790833e+11
2.412015352040370178e+11
2.399884414309063416e+11
2.387734208326654358e+11
2.375599549918176270e+11
2.363468738632286072e+11
2.351338507717583313e+11
2.339178481149364014e+11
2.327045575638786011e+11
2.314885470956237183e+11
2.303601889247462463e+11
2.291472527356631470e+11
2.279312272962744446e+11
2.268040642158606873e+11
2.256748498982177124e+11
2.244584274077989807e+11
2.233308806302390442e+11
2.221138100174743042e+11
2.209864858428212585e+11
2.198569984904834900e+11
2.187266990370531921e+11
2.175965214098262024e+11
2.164707307551117859e+11
2.153408120685916138e+11
2.142103757747015381e+11
2.130785833945697937e+11
2.120374663858935852e+11
2.109072361753777466e+11
2.097782693531808777e+11
2.087354085863353577e+11
2.076038049759215393e+11
2.065608936203482361e+11
2.054275789067967224e+11
2.043861814507245178e+11
2.033429108681874695e+11
2.022118015194705505e+11
2.011660974918233948e+11
2.001228059430083008e+11
1.990792216508353577e+11
1.980352309244190063e+11
1.969892595436490173e+11
1.959469086222218323e+11
1.949013634415822754e+11
1.938553299972503052e+11
1.928132933047554016e+11
1.918548778060593567e+11
1.908089177714595642e+11
1.898524008640608521e+11
1.888077567405859375e+11
1.878513622173570557e+11
1.868044095678246155e+11
1.858461092734307861e+11
1.848015940155121155e+11
1.838427152810593262e+11
1.828854824588129272e+11
1.819271488495734253e+11
1.809663039283451233e+11
1.799217325370345154e+11
1.789628365651308899e+11
1.780054535520847778e+11
1.771336709378173523e+11
1.761744568577070923e+11
1.752159154830195923e+11
1.742575272996223755e+11
1.732966589902851562e+11
1.724252953742069092e+11
1.714672819458930969e+11
1.705958083871912842e+11
1.696343656941572266e+11
1.687641505698821106e+11
1.678039967591732788e+11
1.669313572270054321e+11
1.660587329900276489e+11
1.651002957438374634e+11
1.642279671904936523e+11
1.633553241258905945e+11
1.624825902875406799e+11
1.616094169478525085e+11
1.607374645932145996e+11
1.598642127156273193e+11
1.589905050499983826e+11
1.581189947046414795e+11
1.572453631056040955e+11
1.564597738429981995e+11
1.555874234012897644e+11
1.547129363249685974e+11
1.538397435955262451e+11
1.530547969255868530e+11
1.521808346515281067e+11
1.513947111765608826e+11
1.505205995023332825e+11
1.497344853391268921e+11
1.489494772525858459e+11
1.480760469127311096e+11
1.472886039605840454e+11
1.465023520782230530e+11
1.457164475689564209e+11
1.449299266684861145e+11
1.441416603998171387e+11
1.433548615195447083e+11
1.425684913501514587e+11
1.417816923024182434e+11
1.409955078609685059e+11
1.402085488116107178e+11
1.394204653343453064e+11
1.386337922414572754e+11
1.379339266977153320e+11
1.371465302592105560e+11
1.363584272303576813e+11
1.356590713071356506e+11
1.348723992071902008e+11
1.341705505799265747e+11
1.333837837835296478e+11
1.326847119551057892e+11
1.318959039921641693e+11
1.311966281053387604e+11
1.304949161499597931e+11
1.297077222759664307e+11
1.290067675518430023e+11
1.283074528541690979e+11
1.276054729499550934e+11
1.269060796045295105e+11
1.262052415508462677e+11
1.255049384349501801e+11
1.248042441082756195e+11
1.241039546323931580e+11
1.234029487536424255e+11
1.227025428507996216e+11
1.220019342207749481e+11
1.213883811883396759e+11
1.206879413061375427e+11
1.199872458190550842e+11
1.193731494089574432e+11
1.186732424462292938e+11
1.179715977906165314e+11
1.173580867513315582e+11
1.167456340135514069e+11
1.160449676344870453e+11
1.154314792742106018e+11
1.147299733989950562e+11
1.141167444471244049e+11
1.135028965535878143e+11
1.128023311591464081e+11
1.121889565823711853e+11
1.115750558922859192e+11
1.109620771513308716e+11
1.103479942155834961e+11
1.097348115859399567e+11
1.091217588603678436e+11
1.085076471085041504e+11
1.078944055199923706e+11
1.072813040123487549e+11
1.066680030859027863e+11
1.060538078535722504e+11
1.054408416589098816e+11
1.049144783038154449e+11
1.043002257168209381e+11
1.036870488024965668e+11
1.031613876406682434e+11
1.025471263532162018e+11
1.019329251077022858e+11
1.014082807425896301e+11
1.007941885792402954e+11
1.002689450232705078e+11
9.965475198862939453e+10
9.912806941363423157e+10
9.860270817162690735e+10
9.798871164244866943e+10
9.746395371017855835e+10
9.693768684764271545e+10
9.641150886549583435e+10
9.579735350108273315e+10
9.527095526196566772e+10
9.474521966530268860e+10
9.421888566317375183e+10
9.369269663816975403e+10
9.316639810239007568e+10
9.264091876606605530e+10
9.211488465310292053e+10
9.158885910898649597e+10
9.106339766868533325e+10
9.053722120282496643e+10
9.001024001527711487e+10
8.957262659463096619e+10
8.904638346331178284e+10
8.852095850525286865e+10
8.799491910257754517e+10
8.752068960379817200e+10
8.703025651108598328e+10
8.653828568176512146e+10
8.604749304293464661e+10
8.555628404592286682e+10
8.507433317901705933e+10
8.459222458639721680e+10
8.411856542474737549e+10
8.363653649554130554e+10
8.316306886815052795e+10
8.269766170684088135e+10
8.222452452670149231e+10
8.175999183820396423e+10
8.129489592837879944e+10
8.083975683210588074e+10
8.038325411762689209e+10
7.992748084486357117e+10
7.947132233509782410e+10
7.902385073423066711e+10
7.857685774561747742e+10
7.812918722214263916e+10
7.768232909736083984e+10
7.724433010986924744e+10
7.680617202780302429e+10
7.637602617558937073e+10
7.593780971856765747e+10
7.550795766045533752e+10
7.507792141969812012e+10
7.465738817526188660e+10
7.423627651760214233e+10
7.381576931866073608e+10
7.339448751627986145e+10
7.297397429385821533e+10
7.256133048989138794e+10
7.214876314105865479e+10
7.174529241736181641e+10
7.133359599713610840e+10
7.093017085715617371e+10
7.052708770316384888e+10
7.013241222173863220e+10
6.972881873969686890e+10
6.933383042161064148e+10
6.893976199924295044e+10
6.855391457911864471e+10
6.816787366136048126e+10
6.777313054623353577e+10
6.739662616366185760e+10
6.701013103183925629e+10
6.663345802917341614e+10
6.625609637996031952e+10
6.587889743739991760e+10
6.550177613720235443e+10
6.513326319642807770e+10
6.476506012415906525e+10
6.439666272020545197e+10
6.402843530846321106e+10
6.366868878127167511e+10
6.330924155801002502e+10
6.294954106125025177e+10
6.258998494247673035e+10
6.223914763708406830e+10
6.188851934972178650e+10
6.153772142271743774e+10
6.118743673003476715e+10
6.083618625567747498e+10
6.049401059245595551e+10
6.015193628851123047e+10
5.980996802638143158e+10
5.946751339633911133e+10
5.913493455812751770e+10
5.880105498720878601e+10
5.846785378738523865e+10
5.813529777505053711e+10
5.781044663336445618e+10
5.747711048153468323e+10
5.715214222789640045e+10
5.682832740608003998e+10
5.651210552654129028e+10
5.618772552304508972e+10
5.587209975141215515e+10
5.555605324713423157e+10
5.524031807103787994e+10
5.492486636409955597e+10
5.461789219046727753e+10
5.431093232048616791e+10
5.400355610629539490e+10
5.369670426652528381e+10
5.338944629295127869e+10
5.309141728739620972e+10
5.279322751292893982e+10
5.249478220009164429e+10
5.219728460057102203e+10
5.189884526560189056e+10
5.160936380237283325e+10
5.132008814375792694e+10
5.103044182887731171e+10
5.074119100566452789e+10
5.045140911146726990e+10
5.017094588496789551e+10
4.988165024295592499e+10
4.960066150307245636e+10
4.932008632328253174e+10
4.904790005876434326e+10
4.876743862613404846e+10
4.849573472056484985e+10
4.822355057720195007e+10
4.795184492080764008e+10
4.767965931095307922e+10
4.740758239848757935e+10
4.714454970713272858e+10
4.687248231929170227e+10
4.660949365465574646e+10
4.634658292165167999e+10
4.609197262293172455e+10
4.582904681752171326e+10
4.557440176402230835e+10
4.531112688153012848e+10
4.505688913088618469e+10
4.480276805605162811e+10
4.455692937158634186e+10
4.430275277483358765e+10
4.405674910473369598e+10
4.381103889528071594e+10
4.355690736293122101e+10
4.331998085508648682e+10
4.307448121180985260e+10
4.282912640668647003e+10
4.259176118398600006e+10
4.235507114103368378e+10
4.210971591352637482e+10
4.188149303770946503e+10
4.164444229862301636e+10
4.140785086703426361e+10
4.117962197423644257e+10
4.094303602299189758e+10
4.071479375530329895e+10
4.048663937063882446e+10
4.025860030069133759e+10
4.003912466564888000e+10
3.981092995084679413e+10
3.959189986876348114e+10
3.936396030408039093e+10
3.914418843347707367e+10
3.892513571130213165e+10
3.870609157562612915e+10
3.849501161620037079e+10
3.827597699292567444e+10
3.806569766736531067e+10
3.785472455557078552e+10
3.763551036218454742e+10
3.743401622191686249e+10
3.722305938763190460e+10
3.701274412743173981e+10
3.680237832235186768e+10
3.660020179462891388e+10
3.639868851225025940e+10
3.619670645778656769e+10
3.599482371227798462e+10
3.579324651583921051e+10
3.559136698580161285e+10
3.538986027078615570e+10
3.519673954465747070e+10
3.500363602769229126e+10
3.480209323154563904e+10
3.460872574736804199e+10
3.441590552329194641e+10
3.422317062045288086e+10
3.403857210175385284e+10
3.384574576748751068e+10
3.366133301625559998e+10
3.346831823910011673e+10
3.328399363427941895e+10
3.310002566168402481e+10
3.291578350525793457e+10
3.273136502050742340e+10
3.255606542445672607e+10
3.237175035150517654e+10
3.219629574255233002e+10
3.201183849884996033e+10
3.183661558142931366e+10
3.166082922694391251e+10
3.148562580423908234e+10
3.131000804941902924e+10
3.113479849553026581e+10
3.096811502100987625e+10
3.079253660259570312e+10
3.062602841831008148e+10
3.045025359423521042e+10
3.028375778810763931e+10
3.011699363055372620e+10
2.995046779554126358e+10
2.978347640031952667e+10
2.962579039560103226e+10
2.945903693711458969e+10
2.929204739176301575e+10
2.913422012018683243e+10
2.897622364338556290e+10
2.880975524799833679e+10
2.865149014108734131e+10
2.849374050813126755e+10
2.833576249049622726e+10
2.818685804195766449e+10
2.802863548865901566e+10
2.787094373595236969e+10
2.772166435605597687e+10
2.757253754077941132e+10
2.741455693583914948e+10
2.726535544427358627e+10
2.711630290301335144e+10
2.696688862701108551e+10
2.681796332328427505e+10
2.666875550568460846e+10
2.652854749559306717e+10
2.637912900728885651e+10
2.623869819200556564e+10
2.608969647206423950e+10
2.594927414056292343e+10
2.580885072988796616e+10
2.566837352128287125e+10
2.552794844997941589e+10
2.538778251912024307e+10
2.524708652564544678e+10
2.510692593968209839e+10
2.496650351196786499e+10
2.483484332913075256e+10
2.469467577229922485e+10
2.456276843258976364e+10
2.443137793967306900e+10
2.429972653799866486e+10
2.415926004081368256e+10
2.402767283133292007e+10
2.390473864546702957e+10
2.377307988902060699e+10
2.364166883810541534e+10
2.350983761632370377e+10
2.338716010605806351e+10
2.325550815389477539e+10
2.313256080041813278e+10
2.300113727180185699e+10
2.287803959591866302e+10
2.275511508245123672e+10
2.263248420840324402e+10
2.250961571335767365e+10
2.238656332679994583e+10
2.226387370622491837e+10
2.214098769876987457e+10
2.202688384081532288e+10
2.190423692542693710e+10
2.178119225985827637e+10
2.166704918815537262e+10
2.155314380275046539e+10
2.143025995719925690e+10
2.131615693830778122e+10
2.120211792435906601e+10
2.108797474299495697e+10
2.097387717053368759e+10
2.085999668025947189e+10
2.074590329116027069e+10
2.063163138042543411e+10
2.052640756786524963e+10
2.041230899786074066e+10
2.030695686644681168e+10
2.019290629974798584e+10
2.008758848850137329e+10
1.997343757118367767e+10
1.986812150853498077e+10
1.976300563759117508e+10
1.965752424220243454e+10
1.955220672809920120e+10
1.944704468821985245e+10
1.934172134090942001e+10
1.923639608404359436e+10
1.913108129651752090e+10
1.902571692857370758e+10
1.892916415948453522e+10
1.882383549066191101e+10
1.872749192058869171e+10
1.862202209165872955e+10
1.852542640226189041e+10
1.842907570921735001e+10
1.832375380726029205e+10
1.822715159348628998e+10
1.813064954757881546e+10
1.803402915077616119e+10
1.793748770376593399e+10
1.784093724605981445e+10
1.774456649437607193e+10
1.764802319274470520e+10
1.756007561479827881e+10
1.746370927311394882e+10
1.736715933862976456e+10
1.727938626776412201e+10
1.718283899121940994e+10
1.709507595908101273e+10
1.700730661556730461e+10
1.691072765951070786e+10
1.682295452748612976e+10
1.673536277625098228e+10
1.664741234342964172e+10
1.655963696402051926e+10
1.647204069348404121e+10
1.638426672440025711e+10
1.629649686102881813e+10
1.620855515448140526e+10
1.612090183275938797e+10
1.603312827024209023e+10
1.595410882704983521e+10
1.586633809124023247e+10
1.577869444129404068e+10
1.569957786620535660e+10
1.561180397806224251e+10
1.553281223415142441e+10
1.545397215300647926e+10
1.536615492994827652e+10
1.528715905566025734e+10
1.520804011025172806e+10
1.512920545643590736e+10
1.505021096556449509e+10
1.497115051126771164e+10
1.489215706920871735e+10
1.481330755428650284e+10
1.473419583599468803e+10
1.465519835598027802e+10
1.457616799253436852e+10
1.449732384282449532e+10
1.442711016877669334e+10
1.434799736996293831e+10
1.426899505217258072e+10
1.419884283902701950e+10
1.411984468268963242e+10
1.404960226905622292e+10
1.397938238062397194e+10
1.390042058550661278e+10
1.383016989737062836e+10
1.375994599218286133e+10
1.368094445013283348e+10
1.361086393096125603e+10
1.354064512545080948e+10
1.347032028699076843e+10
1.340006635323439217e+10
1.332984738276291656e+10
1.325976686324584389e+10
1.318951651196947670e+10
1.311918464382515907e+10
1.305774588871315765e+10
1.298762590045931625e+10
1.291740347366049767e+10
1.284718241918787956e+10
1.278573970755520821e+10
1.271554571363612938e+10
1.265407409601373672e+10
1.258385142463398743e+10
1.252240696857531929e+10
1.245218006561825752e+10
1.239080965806873322e+10
1.232924092175549507e+10
1.225901718819879723e+10
1.219757231195822334e+10
1.213624724746722031e+10
1.207479795285598183e+10
1.201335304990090942e+10
1.194300352602361107e+10
1.188168426834697723e+10
1.182023589848549271e+10
1.175879125817862892e+10
1.169734436308711243e+10
1.164465682476402092e+10
1.158320974014371109e+10
1.152176468417623520e+10
1.146031629143964577e+10
1.139886554820867538e+10
1.134629386838539124e+10
1.128475750857899666e+10
1.122330481423949814e+10
1.117063353345769119e+10
1.110930232667427826e+10
1.105663586683057785e+10
1.099507404867877769e+10
1.094238150954641533e+10
1.088101666571340561e+10
1.082834525115839958e+10
1.077567869402790070e+10
1.071411499374439430e+10
1.066156019600631332e+10
1.060889274377420235e+10
1.055622417491549492e+10
1.050355384699699402e+10
1.044218469249170113e+10
1.038942896797283363e+10
1.033676068449501801e+10
1.028406737173355865e+10
1.023150344667620659e+10
1.017883283567749214e+10
1.012605912221173286e+10
1.007338950929431725e+10
1.002949974179994583e+10
9.976933579684204102e+09
9.924255539499843597e+09
9.871558962898534775e+09
9.818807722089601517e+09
9.775021425516487122e+09
9.722349147804317474e+09
9.669659353699901581e+09
9.625766091927862167e+09
9.573088733460662842e+09
9.529162886673736572e+09
9.476490293114578247e+09
9.432600128178806305e+09
9.380023030938547134e+09
9.336036031227596283e+09
9.283362454426343918e+09
9.239471386602582932e+09
9.195670662115583420e+09
9.142995014675481796e+09
9.099026679026367188e+09
9.055096449446243286e+09
9.011204217523506165e+09
8.958620591180824280e+09
8.914727612784725189e+09
8.870764382891975403e+09
8.826851300303489685e+09
8.783044115568803787e+09
8.738267049334386826e+09
8.694369477960931778e+09
8.650475301512544632e+09
8.607480928894632339e+09
8.563564902376910210e+09
8.520532685733143806e+09
8.477516048475108147e+09
8.435462384153262138e+09
8.392376225081386566e+09
8.350237656730695724e+09
8.308054864087255478e+09
8.266877458637985229e+09
8.225616161411438942e+09
8.184287306701881409e+09
8.143025403203577995e+09
8.101829107363750458e+09
8.061442218243939400e+09
8.021052376096059799e+09
7.980590312849985123e+09
7.941085339609196663e+09
7.900780932262747765e+09
7.862133491325072289e+09
7.822625928539878845e+09
7.783057581665031433e+09
7.744510113168283463e+09
7.705881929381105423e+09
7.667248895487229347e+09
7.629478590275125504e+09
7.590868557415637970e+09
7.553117195905663490e+09
7.515366436720977783e+09
7.478473511930570602e+09
7.440798687829193115e+09
7.403924045869228363e+09
7.366974199790762901e+09
7.330975911677300453e+09
7.294101753042169571e+09
7.258177081092429161e+09
7.222159864018899918e+09
7.186107319315015793e+09
7.150093876298369408e+09
7.115049320287814140e+09
7.079928108755271912e+09
7.044809953551173210e+09
7.009631927470541000e+09
6.975452157761170387e+09
6.941192948599423409e+09
6.906074222910977364e+09
6.872711425580247879e+09
6.838487575195189476e+09
6.804245385165782928e+09
6.770881292762804985e+09
6.737499185104465485e+09
6.704203219840000153e+09
6.671665532180924416e+09
6.638297863879345894e+09
6.605811442035644531e+09
6.573325549229418755e+09
6.540881001417815208e+09
6.509221645835190773e+09
6.476734426406822205e+09
6.445127049072052002e+09
6.413583591387817383e+09
6.381972634204962730e+09
6.350298610240349770e+09
6.319569086710005760e+09
6.288903546754513741e+09
6.257294263086906433e+09
6.226563624220786095e+09
6.196644272602624893e+09
6.165913857499246597e+09
6.136110189814456940e+09
6.106257169117310524e+09
6.076393464531412125e+09
6.046540761411446571e+09
6.016639436069217682e+09
5.987723054842355728e+09
5.958747175731959343e+09
5.928876322114186287e+09
5.899901495346699715e+09
5.871819996780445099e+09
5.842844189523634911e+09
5.814745796847962379e+09
5.786648800740419388e+09
5.758551070456064224e+09
5.730500015392880440e+09
5.702357354616778374e+09
5.674258788304221153e+09
5.647025703411223412e+09
5.619806438872503281e+09
5.592645490086610794e+09
5.565423197802610397e+09
5.538159492152859688e+09
5.511817754997495651e+09
5.484584132262773514e+09
5.458241222411926270e+09
5.431956302510947227e+09
5.405612044916800499e+09
5.379226678616784096e+09
5.353763056334401131e+09
5.327420153497306824e+09
5.302010570272803307e+09
5.276533234398559570e+09
5.251068893851532936e+09
5.225604423023784637e+09
5.200098766792164803e+09
5.175502699575556755e+09
5.150091918035062790e+09
5.125505470221616745e+09
5.100917442347736359e+09
5.076315645034293175e+09
5.051726908132533073e+09
5.027978829639752388e+09
5.003380026746420860e+09
4.979723550408303261e+09
4.956010476096172333e+09
4.932300660383600235e+09
4.908591778263605118e+09
4.884882774847771645e+09
4.862052228420948029e+09
4.838342184183739662e+09
4.815523717211380959e+09
4.791802816441835403e+09
4.768970771744289398e+09
4.746139641254997253e+09
4.724177512578571320e+09
4.701345775414256096e+09
4.678514344612861633e+09
4.656610060100872993e+09
4.634656767114995956e+09
4.611824603126109123e+09
4.589834849486613274e+09
4.568759999125126839e+09
4.546805473404173851e+09
4.524851797600934982e+09
4.503776623732487679e+09
4.481811631315577507e+09
4.460736291761794090e+09
4.439660834486513138e+09
4.418585279342709541e+09
4.397509616380376816e+09
4.376433845599514008e+09
4.356236138406312943e+09
4.335205147734449387e+09
4.315007793514036179e+09
4.294810258424909115e+09
4.273733735958435535e+09
4.253534858037867546e+09
4.234215374293083191e+09
4.214016750798301220e+09
4.193818467568637848e+09
4.174498903189174652e+09
4.154257000469989777e+09
4.134937272106672287e+09
4.115617444909702778e+09
4.096298903438366413e+09
4.076980266104237080e+09
4.057660434884341717e+09
4.038340197753270626e+09
4.019900113244737625e+09
4.000579673070189476e+09
3.982138094394717216e+09
3.962817457395449638e+09
3.944406533718888283e+09
3.925963822344031334e+09
3.907521882920895576e+09
3.889079386292935371e+09
3.870636803005704880e+09
3.853032577861473083e+09
3.834591512082098484e+09
3.817027679865157127e+09
3.799465072987226486e+09
3.781052048558907986e+09
3.763488775099494934e+09
3.745895068263260841e+09
3.728330613195435524e+09
3.710766068278838634e+09
3.694080139540949821e+09
3.676515620055829048e+09
3.659858421471316814e+09
3.642255329053965092e+09
3.625570878929893970e+09
3.608885774344612598e+09
3.592229246632011890e+09
3.575505241678811550e+09
3.558818688930596828e+09
3.542142233967165470e+09
3.525464755897060871e+09
3.509647788450763702e+09
3.492963673433063984e+09
3.477155535369678020e+09
3.460459564894059181e+09
3.444651134886466980e+09
3.428844513486680508e+09
3.413010476490889549e+09
3.397229077429744244e+09
3.381421300717168808e+09
3.365577608779261589e+09
3.350674033529066563e+09
3.334865213481278896e+09
3.319031870099401951e+09
3.304102737078365803e+09
3.289204439527686596e+09
3.273361010900159359e+09
3.258434333922639370e+09
3.243537306480248928e+09
3.228575109179438114e+09
3.213644353310705185e+09
3.198739182985965729e+09
3.184664899497121334e+09
3.169742682056695461e+09
3.155691447116681576e+09
3.140754490060400963e+09
3.126709844658340931e+09
3.111785459948464394e+09
3.097727116867786884e+09
3.083681918340991020e+09
3.069632237836032391e+09
3.055549316158661366e+09
3.041527801252661705e+09
3.027478218155694962e+09
3.013393631509213924e+09
3.000242927708726406e+09
2.986193300212589264e+09
2.973026805899387360e+09
2.958968375231061459e+09
2.945794602256143093e+09
2.932629616161288261e+09
2.919456624740690231e+09
2.905415264847556591e+09
2.892243149693072796e+09
2.879085008339894772e+09
2.865912597011362553e+09
2.853602196305716991e+09
2.840433643858337402e+09
2.827269524423643589e+09
2.814974049556587696e+09
2.801784988855420113e+09
2.789498031830695152e+09
2.776365894219967365e+09
2.764056648475921631e+09
2.751767009172920227e+09
2.739480974134898663e+09
2.726313506600708961e+09
2.714036686171490192e+09
2.702636707198439598e+09
2.690327107793814659e+09
2.678047641447206974e+09
2.665760750099578381e+09
2.653477769089980602e+09
2.642075673265188694e+09
2.629805877776813030e+09
2.618381663033458710e+09
2.606092845477484703e+09
2.594700230330081940e+09
2.583297301071973324e+09
2.571906903247317314e+09
2.559631037986947536e+09
2.548209817721640110e+09
2.536812439458336353e+09
2.525420798727810383e+09
2.514032938252399445e+09
2.503494097040988922e+09
2.492099557192369461e+09
2.480714525166407585e+09
2.469296970590246677e+09
2.458787735515406132e+09
2.447394627803582668e+09
2.436886882581494808e+09
2.425478259272486687e+09
2.414993888011488438e+09
2.404485477335497379e+09
2.393963258638228416e+09
2.383452243535053730e+09
2.372049423975590229e+09
2.361571146712013721e+09
2.351048001699783325e+09
2.340546698068809032e+09
2.330919449140014172e+09
2.320421611969859600e+09
2.309896997609663963e+09
2.299376218406702995e+09
2.289779241563519955e+09
2.279260356420191288e+09
2.269636674690529346e+09
2.259135441397670746e+09
2.249517912347810745e+09
2.239018794350260735e+09
2.229400264534677505e+09
2.219758717306650162e+09
2.210154571535079002e+09
2.200522220624950409e+09
2.190020583119637966e+09
2.180422688771025658e+09
2.170771163029742718e+09
2.162048974129696846e+09
2.152418939667465687e+09
2.142794449906835318e+09
2.133162878939733982e+09
2.123530665703281879e+09
2.114775943610727310e+09
2.105168902447843552e+09
2.096407667760486126e+09
2.086791765742276669e+09
2.078025816504709482e+09
2.068392307363126755e+09
2.059648083889844418e+09
2.050016854811640263e+09
2.041265143712538958e+09
2.032502070714875937e+09
2.023764725617480040e+09
2.014987860712728977e+09
2.006257635491233826e+09
1.997479716099813223e+09
1.988722185992728949e+09
1.979963553041100264e+09
1.971216308553113699e+09
1.962456683505946159e+09
1.953694716467256546e+09
1.944934632897614717e+09
1.937041851700727701e+09
1.928279978739278555e+09
1.920402252508480549e+09
1.911652267918627262e+09
1.903768662567325354e+09
1.895023482392807961e+09
1.887135340261644602e+09
1.878374559798439980e+09
1.870493917425374508e+09
1.862604165273654938e+09
1.854742240771561384e+09
1.845990985904759645e+09
1.838089679472887516e+09
1.830226081560842991e+09
1.822344597976696491e+09
1.814466402258261681e+09
1.806594617048148394e+09
1.798733013591080904e+09
1.790849334127512455e+09
1.783849676691173077e+09
1.775965307848983765e+09
1.768084423335655451e+09
1.760217784162850857e+09
1.753235022206268787e+09
1.745357357371491909e+09
1.738356695974782944e+09
1.730491522479488373e+09
1.723507686062196732e+09
1.715613887086069822e+09
1.708629205041637421e+09
1.701644208899650812e+09
1.693762162592270613e+09
1.686767390527546644e+09
1.679780910742561817e+09
1.672787532295258045e+09
1.665798969653998137e+09
1.658801465376640081e+09
1.651815101140471220e+09
1.644820656871265888e+09
1.637817028383397818e+09
1.630837643105414867e+09
1.623834010253637552e+09
1.616850018463031769e+09
1.610729535387773991e+09
1.603747770370971918e+09
1.596745309833463669e+09
1.590640081650226593e+09
1.583640893794873476e+09
1.577533974913294077e+09
1.570550277020311356e+09
1.564433644002387047e+09
1.557440292531052351e+09
1.551324188096066952e+09
1.545218762397841454e+09
1.538211825681617737e+09
1.532110253506197929e+09
1.525986691548128843e+09
1.519879291251240253e+09
1.513775456815309763e+09
1.507655197608336210e+09
1.501545382303345680e+09
1.495435485645922184e+09
1.489314649357950211e+09
1.483206890410804272e+09
1.477098935955674648e+09
1.471871235742328167e+09
1.465757978330239534e+09
1.459633635932552099e+09
1.453522708500076294e+09
1.448285826093389988e+09
1.442152035597099781e+09
1.436930207365483999e+09
1.431702232632244825e+09
1.425516031130464554e+09
1.420223273589138746e+09
1.414930516047812939e+09
1.409637758506487846e+09
1.404345000965161324e+09
1.399052243423835754e+09
1.393759485882508755e+09
1.388466728341182232e+09
1.383173970799856901e+09
1.377881213258530617e+09
1.372588455717205048e+09
1.367295698175879240e+09
1.362002940634553432e+09
1.357592309350114107e+09
1.352299551808788538e+09
1.347006794267461538e+09
1.341714036726136684e+09
1.336421279184810162e+09
1.331128521643484831e+09
1.325835764102158070e+09
1.321425132817719936e+09
1.316132375276394367e+09
1.310839617735068560e+09
1.305546860193742990e+09
1.301136228909304380e+09
1.295843471367977619e+09
1.290550713826651812e+09
1.286140082542214632e+09
1.280847325000887871e+09
1.275554567459561825e+09
1.271143936175123692e+09
1.265851178633797884e+09
1.260558421092472076e+09
1.256147789808033466e+09
1.250855032266707659e+09
1.246444400982269526e+09
1.241151643440942764e+09
1.235858885899617910e+09
1.231448254615178585e+09
1.226155497073853016e+09
1.221744865789414883e+09
1.216452108248088598e+09
1.212041476963649988e+09
1.206748719422324657e+09
1.202338088137886286e+09
1.197927456853448391e+09
1.192634699312122107e+09
1.188224068027682543e+09
1.182931310486357689e+09
1.178520679201918602e+09
1.174110047917480230e+09
1.168817290376154423e+09
1.164406659091716528e+09
1.159996027807278156e+09
1.154703270265951633e+09
1.150292638981513739e+09
1.145882007697074652e+09
1.141471376412636280e+09
1.136178618871311188e+09
1.131767987586872339e+09
1.127357356302434444e+09
1.122946725017996311e+09
1.117653967476670742e+09
1.113243336192231894e+09
1.108832704907793283e+09
1.104422073623355389e+09
1.100011442338917017e+09
1.095600811054478168e+09
1.091190179770040035e+09
1.085897422228713751e+09
1.081486790944275379e+09
1.077076159659837723e+09
1.072665528375399470e+09
1.068254897090960622e+09
1.063844265806522250e+09
1.059433634522084355e+09
1.055023003237645745e+09
1.050612371953207493e+09
1.046201740668769360e+09
1.041791109384331107e+09
1.037380478099892378e+09
1.032969846815454364e+09
1.028559215531016469e+09
1.024148584246577501e+09
1.020620079219027281e+09
1.016209447934588552e+09
1.011798816650150299e+09
1.007388185365711808e+09
1.002977554081273913e+09
9.985669227968355417e+08
9.941562915123971701e+08
9.906277864848461151e+08
9.862171552004079819e+08
9.818065239159698486e+08
9.773958926315317154e+08
9.729852613470929861e+08
9.694567563195427656e+08
9.650461250351043940e+08
9.606354937506661415e+08
9.571069887231155634e+08
9.526963574386770725e+08
9.482857261542384624e+08
9.438750948698003292e+08
9.403465898422499895e+08
9.359359585578116179e+08
9.324074535302606821e+08
9.279968222458221912e+08
9.235861909613839388e+08
9.200576859338333607e+08
9.156470546493949890e+08
9.121185496218442917e+08
9.077079183374062777e+08
9.032972870529677868e+08
8.997687820254167318e+08
8.953581507409788370e+08
8.918296457134282589e+08
8.874190144289901257e+08
8.838905094014389515e+08
8.798327286197556257e+08
8.758631604637618065e+08
8.719818049334560633e+08
8.680122367774611712e+08
8.641308812471556664e+08
8.602495257168496847e+08
8.563681701865447760e+08
8.524868146562386751e+08
8.486054591259325743e+08
8.447241035956268311e+08
8.409309606910098791e+08
8.370496051607043743e+08
8.332564622560875416e+08
8.294633193514702320e+08
8.256701764468532801e+08
8.218770335422363281e+08
8.180838906376192570e+08
8.142907477330026627e+08
8.105858174540743828e+08
8.067926745494570732e+08
8.030877442705287933e+08
7.993828139916013479e+08
7.955896710869841576e+08
7.918847408080558777e+08
7.882680231548162699e+08
7.845630928758888245e+08
7.808581625969599485e+08
7.772414449437208176e+08
7.735365146647921801e+08
7.699197970115530491e+08
7.663030793583133221e+08
7.625981490793852806e+08
7.589814314261462688e+08
7.554529263985955715e+08
7.518362087453562021e+08
7.482194910921167135e+08
7.446909860645655394e+08
7.410742684113265276e+08
7.375457633837760687e+08
7.340172583562254906e+08
7.304887533286746740e+08
7.269602483011236191e+08
7.234317432735730410e+08
7.199032382460227013e+08
7.163747332184716463e+08
7.129344408166103363e+08
7.094941484147480726e+08
7.059656433871976137e+08
7.025253509853353500e+08
6.990850585834736824e+08
6.956447661816115379e+08
6.922044737797498703e+08
6.887641813778876066e+08
6.854121016017146111e+08
6.819718091998534203e+08
6.786197294236797094e+08
6.752676496475064754e+08
6.718273572456444502e+08
6.684752774694718122e+08
6.651231976932986975e+08
6.617711179171257019e+08
6.585072507666411400e+08
6.551551709904681444e+08
6.518030912142947912e+08
6.485392240638102293e+08
6.451871442876373529e+08
6.419232771371530294e+08
6.386594099866685867e+08
6.353955428361845016e+08
6.321316756856995821e+08
6.288678085352154970e+08
6.256921540104200840e+08
6.224282868599355221e+08
6.192526323351399899e+08
6.159887651846553087e+08
6.128131106598600149e+08
6.096374561350646019e+08
6.064618016102685928e+08
6.032861470854731798e+08
6.001104925606775284e+08
5.969348380358822346e+08
5.938473961367751360e+08
5.906717416119797230e+08
5.875842997128727436e+08
5.844086451880772114e+08
5.813212032889704704e+08
5.782337613898634911e+08
5.751463194907568693e+08
5.720588775916498899e+08
5.690596483182324171e+08
5.659722064191250801e+08
5.628847645200186968e+08
5.598855352466000319e+08
5.567980933474932909e+08
5.537988640740755796e+08
5.507996348006572723e+08
5.478004055272390842e+08
5.448011762538214922e+08
5.418019469804029465e+08
5.388027177069853544e+08
5.358034884335670471e+08
5.328924717858374715e+08
5.298932425124198198e+08
5.269822258646904230e+08
5.240712092169609070e+08
5.211601925692318678e+08
5.182491759215026498e+08
5.153381592737731934e+08
5.124271426260441542e+08
5.095161259783145785e+08
5.066051093305854797e+08
5.037823053085448742e+08
5.008712886608154774e+08
4.980484846387751102e+08
4.952256806167348027e+08
4.923146639690052271e+08
4.894918599469646215e+08
4.866690559249242544e+08
4.838462519028836489e+08
4.811116605065319538e+08
4.782888564844914675e+08
4.754660524624507427e+08
4.727314610660989285e+08
4.699968696697472930e+08
4.671740656477066875e+08
4.644394742513550520e+08
4.617048828550031185e+08
4.589702914586514831e+08
4.562357000622996688e+08
4.535011086659480929e+08
4.508547298952849507e+08
4.481201384989332557e+08
4.453855471025813222e+08
4.427391683319184184e+08
4.400927895612554550e+08
4.373581981649037600e+08
4.347118193942406774e+08
4.320654406235778332e+08
4.294190618529148698e+08
4.267726830822516680e+08
4.242145169372775555e+08
4.215681381666144729e+08
4.190099720216402411e+08
4.163635932509772182e+08
4.138054271060031056e+08
4.111590483353403211e+08
4.086008821903659701e+08
4.060427160453916788e+08
4.034845499004175067e+08
4.009263837554430962e+08
3.984564302361577153e+08
3.958982640911836624e+08
3.933400979462091327e+08
3.908701444269239306e+08
3.883119782819494605e+08
3.858420247626643181e+08
3.833720712433788776e+08
3.808139050984044671e+08
3.783439515791190267e+08
3.758739980598335862e+08
3.734922571662370563e+08
3.710223036469514370e+08
3.685523501276659369e+08
3.660823966083804369e+08
3.637006557147837281e+08
3.613189148211873174e+08
3.588489613019017577e+08
3.564672204083051682e+08
3.540854795147083402e+08
3.517037386211115718e+08
3.493219977275148630e+08
3.469402568339182138e+08
3.445585159403213263e+08
3.422649876724134088e+08
3.398832467788171768e+08
3.375897185109089613e+08
3.352079776173126698e+08
3.329144493494042754e+08
3.306209210814963579e+08
3.283273928135886192e+08
3.259456519199919105e+08
3.236521236520838737e+08
3.214468080098645687e+08
3.191532797419567108e+08
3.168597514740487933e+08
3.146544358318297267e+08
3.123609075639219880e+08
3.101555919217024446e+08
3.078620636537946463e+08
3.056567480115755796e+08
3.034514323693565130e+08
3.012461167271372080e+08
2.990408010849181414e+08
2.968354854426987767e+08
2.946301698004796505e+08
2.924248541582607031e+08
2.903077511417301297e+08
2.881024354995108843e+08
2.859853324829806089e+08
2.838682294664502740e+08
2.816629138242310286e+08
2.795458108077007532e+08
2.774287077911702991e+08
2.753116047746398449e+08
2.731945017581095695e+08
2.710773987415790558e+08
2.690485083507375121e+08
2.669314053342070878e+08
2.648143023176767528e+08
2.627854119268350899e+08
2.606683089103046358e+08
2.586394185194630325e+08
2.566105281286214292e+08
2.545816377377797961e+08
2.525527473469382524e+08
2.505238569560964704e+08
2.484949665652549565e+08
2.464660761744132936e+08
2.444371857835716307e+08
2.424965080184189081e+08
2.404676176275771260e+08
2.385269398624243438e+08
2.365862620972715020e+08
2.345573717064298689e+08
2.326166939412769377e+08
2.306760161761240065e+08
2.287353384109712541e+08
2.267946606458184421e+08
2.248539828806654215e+08
2.230015177412013412e+08
2.210608399760485888e+08
2.191201622108957469e+08
2.172676970714316368e+08
2.153270193062787056e+08
2.134745541668146551e+08
2.116220890273505449e+08
2.097696238878864944e+08
2.079171587484223247e+08
2.060646936089582443e+08
2.042122284694941640e+08
2.023597633300300241e+08
2.005072981905660331e+08
1.987430456767907143e+08
1.968905805373267233e+08
1.951263280235512555e+08
1.932738628840871155e+08
1.915096103703118563e+08
1.897453578565365672e+08
1.878928927170723677e+08
1.861286402032970488e+08
1.843643876895216703e+08
1.826883478014352024e+08
1.809240952876597643e+08
1.791598427738845348e+08
1.773955902601091862e+08
1.757195503720226288e+08
1.739552978582472801e+08
1.722792579701606631e+08
1.706032180820742249e+08
1.689271781939876378e+08
1.672511383059010804e+08
1.655750984178145230e+08
1.638990585297278464e+08
1.622230186416412890e+08
1.605469787535548210e+08
1.588709388654682636e+08
1.572831116030704975e+08
1.556070717149838805e+08
1.540192444525861144e+08
1.523432045644994378e+08
1.507553773021017611e+08
1.491675500397039950e+08
1.475797227773062885e+08
1.459918955149083734e+08
1.444040682525106072e+08
1.428162409901128709e+08
1.412284137277149558e+08
1.396405864653171599e+08
1.381409718286082447e+08
1.365531445662104189e+08
1.350535299295013547e+08
1.335539152927923352e+08
1.319660880303945690e+08
1.304664733936855048e+08
1.289668587569764555e+08
1.274672441202674061e+08
1.259676294835583866e+08
1.244680148468493819e+08
1.230566128358291686e+08
1.215569981991200894e+08
1.200573835624110550e+08
1.186459815513907671e+08
1.171463669146817625e+08
1.157349649036614448e+08
1.143235628926412165e+08
1.129121608816209733e+08
1.114125462449119538e+08
1.100011442338917404e+08
1.086779548485601693e+08
1.072665528375399411e+08
1.058551508265196681e+08
1.044437488154994249e+08
1.031205594301679432e+08
1.017091574191477001e+08
1.003859680338160992e+08
9.906277864848464727e+07
9.765137663746435940e+07
9.632818725213293731e+07
9.500499786680139601e+07
9.368180848146985471e+07
9.235861909613841772e+07
9.103542971080687642e+07
8.980045295116414130e+07
8.847726356583271921e+07
8.719818049334560335e+07
8.591909742085845768e+07
8.464883561094026268e+07
8.338739506359088421e+07
8.213477577881038189e+07
8.089097775659877062e+07
7.964717973438714445e+07
7.842102423731331527e+07
7.719486874023950100e+07
7.597753450573451817e+07
7.476902153379836679e+07
7.356932982443115115e+07
7.237845937763287127e+07
7.119641019340334833e+07
7.001436100917389989e+07
6.884995435008215904e+07
6.769436895355936885e+07
6.653878355703649670e+07
6.539201942308251560e+07
6.425407655169743299e+07
6.311613368031233549e+07
6.199583333406501263e+07
6.088435425038658082e+07
5.977287516670809686e+07
5.867021734559852630e+07
5.758520204962669313e+07
5.650018675365487486e+07
5.542399272025191784e+07
5.435661994941783696e+07
5.329806844115260988e+07
5.223951693288747966e+07
5.119860794976003468e+07
5.015769896663256735e+07
4.913443250864287466e+07
4.811998731322206557e+07
4.710554211780124903e+07
4.609991818494931608e+07
4.510311551466625184e+07
4.411513410695208609e+07
4.313597396180674434e+07
4.216563507923032343e+07
4.120411745922277868e+07
4.024259983921523392e+07
3.929872474434544146e+07
3.836367091204450279e+07
3.742861707974357903e+07
3.651120577258042246e+07
3.559379446541723609e+07
3.469402568339180201e+07
3.379425690136640519e+07
3.291213064447873458e+07
3.203000438759106398e+07
3.115669939327228069e+07
3.029221566152238846e+07
2.944537445491022989e+07
2.859853324829805270e+07
2.776051330425479636e+07
2.694013588534925506e+07
2.611975846644373983e+07
2.530820231010705978e+07
2.451428867890817672e+07
2.372037504770927876e+07
2.294410394164814427e+07
2.216783283558700979e+07
2.140920425466360524e+07
2.065057567374020815e+07
1.990958961795457453e+07
1.918624608730668575e+07
1.846290255665879697e+07
1.774838028857979923e+07
1.705150054563854635e+07
1.636344206526616961e+07
1.568420484746266156e+07
1.501378889222803339e+07
1.436101546213117614e+07
1.371706329460316896e+07
1.309075365221293271e+07
1.247326527239156328e+07
1.187341941770795174e+07
1.128239482559322752e+07
1.070019149604736641e+07
1.014445195420813374e+07
9.588712412368902937e+06
9.059436658236306161e+06
8.538982166672585532e+06
8.032641695219062269e+06
7.540415243875752203e+06
7.062302812642637640e+06
6.597422275262839161e+06
