7.289582948994986572e+11
7.289730417739013672e+11
7.289880104059313965e+11
7.285030088314846191e+11
7.285046542445852051e+11
7.280273169012823486e+11
7.280274530800742188e+11
7.275430715989219971e+11
7.275427648954606934e+11
7.270577132660324707e+11
7.270567353342541504e+11
7.265712795755146484e+11
7.260852526363076172e+11
7.255990916334013672e+11
7.251126643168031006e+11
7.246286974705239258e+11
7.241416052367668457e+11
7.236541572173919678e+11
7.231689478924896240e+11
7.226839133514433594e+11
7.221957629792762451e+11
7.212254561561269531e+11
7.207360456264686279e+11
7.202498965961699219e+11
7.192765215186411133e+11
7.187922259831440430e+11
7.178210736050037842e+11
7.168498292720886230e+11
7.163651232435620117e+11
7.153932290745318604e+11
7.144212913987124023e+11
7.139323638491783447e+11
7.129624737218831787e+11
7.119894024193607178e+11
7.110164994300488281e+11
7.100529896241727295e+11
7.090729068476225586e+11
7.081022933579678955e+11
7.071353495706462402e+11
7.056728490180404053e+11
7.047014326341381836e+11
7.037340345397946777e+11
7.027554737227543945e+11
7.013061437577224121e+11
7.003343317171503906e+11
6.988686263402851562e+11
6.979020965697187500e+11
6.964455048219851074e+11
6.954730274521196289e+11
6.940160951141071777e+11
6.925592388660283203e+11
6.915865997054650879e+11
6.901288566756225586e+11
6.886683521670393066e+11
6.872113938689846191e+11
6.862445186195419922e+11
6.847775928297486572e+11
6.833254106191318359e+11
6.818679873856118164e+11
6.804080585891357422e+11
6.789502444006018066e+11
6.774919714312296143e+11
6.760344044920456543e+11
6.745766220840908203e+11
6.726345618852033691e+11
6.711766377776441650e+11
6.697177285556076660e+11
6.682596771355397949e+11
6.663178190098078613e+11
6.648658106184528809e+11
6.634012501079711914e+11
6.614561354096826172e+11
6.600044144170494385e+11
6.585466223288256836e+11
6.565970837388101807e+11
6.551457518304516602e+11
6.532036590614010010e+11
6.517402810362077637e+11
6.498046468553980713e+11
6.478562704610441895e+11
6.463980665420903320e+11
6.444592140138164062e+11
6.430016258425520020e+11
6.410594505845195312e+11
6.391119973676079102e+11
6.371703879185889893e+11
6.357131464902307129e+11
6.337662183537744141e+11
6.318244293534521484e+11
6.298866252777102051e+11
6.284232223681552734e+11
6.264851039089541016e+11
6.245407127361330566e+11
6.225996567661550293e+11
6.206538663034121094e+11
6.187072424989112549e+11
6.167661911009658203e+11
6.153066130188551025e+11
6.133629175834763184e+11
6.114194846775279541e+11
6.094742982434440918e+11
6.075375852357559814e+11
6.055881612534367676e+11
6.036451751160372314e+11
6.017086148527266846e+11
5.997627477308669434e+11
5.978184999695993652e+11
5.958750788714006348e+11
5.939308746588872070e+11
5.919885435091267090e+11
5.900440936516990967e+11
5.881023692028137207e+11
5.856789617942265625e+11
5.837345047764326172e+11
5.817905226151840820e+11
5.798469561028977051e+11
5.779027174140900879e+11
5.759668193678121338e+11
5.740178067634414062e+11
5.720724779016398926e+11
5.701363465078895264e+11
5.681906925727070312e+11
5.662450432028815918e+11
5.638184058289333496e+11
5.618748293915827637e+11
5.599345008761552734e+11
5.579949599921999512e+11
5.560474501930098877e+11
5.541016848305825195e+11
5.521631042886613770e+11
5.502152768312099609e+11
5.477927806212344971e+11
5.458499895575024414e+11
5.439063621471722412e+11
5.419642067689774780e+11
5.400225915636727905e+11
5.380792118507557983e+11
5.361326854395916748e+11
5.341913227583083496e+11
5.317620307137790527e+11
5.298259996236918945e+11
5.278828828325724487e+11
5.259395339355481567e+11
5.240014802427434692e+11
5.220531074626514893e+11
5.201157652751470337e+11
5.181681985070393677e+11
5.162306708776690674e+11
5.142899377158737183e+11
5.118602112753121338e+11
5.099193198934608765e+11
5.079776747650424194e+11
5.060337537006304321e+11
5.040971296616150513e+11
5.021549533442913208e+11
5.002086595469331665e+11
4.982678177557416382e+11
4.963265554894293823e+11
4.943849898480366211e+11
4.924439505261478882e+11
4.905027583869415894e+11
4.885645262971600952e+11
4.866235184003990479e+11
4.846801300396792603e+11
4.827874259156613159e+11
4.808447602548814087e+11
4.789522296358760376e+11
4.770121353578436279e+11
4.751205927108704224e+11
4.731735102584381104e+11
4.712818393692974854e+11
4.693878132461832886e+11
4.675006509669478149e+11
4.656058169595161133e+11
4.637113657120596313e+11
4.618197386999017334e+11
4.599738017525072021e+11
4.580863329552169800e+11
4.562419965140872803e+11
4.543492554470490723e+11
4.525041881342882690e+11
4.506601182313614502e+11
4.488199784522410278e+11
4.469711808411190796e+11
4.451287870361661377e+11
4.432846517977990723e+11
4.414914970858300171e+11
4.396474182249853516e+11
4.378521161918961182e+11
4.360568280646834717e+11
4.342132064624337158e+11
4.324198752650255737e+11
4.306221554714200439e+11
4.288296223190193481e+11
4.270847381387919312e+11
4.252843031073759155e+11
4.234952164886239624e+11
4.217466754957872925e+11
4.199989035121627808e+11
4.182059481081091309e+11
4.164619774391104736e+11
4.147136596958468018e+11
4.129681131440545044e+11
4.112703198836153564e+11
4.095261670150828247e+11
4.078272852004801636e+11
4.060829472742052002e+11
4.043844201125009766e+11
4.026850915081580811e+11
4.009918007411498413e+11
3.992907991485046387e+11
3.975925729059354858e+11
3.959007755321027832e+11
3.942502654357864380e+11
3.925522176367785034e+11
3.909051682348134766e+11
3.892109943709733276e+11
3.875623175178378906e+11
3.859105025983413696e+11
3.842606063557261353e+11
3.826643757326355591e+11
3.810149757393475342e+11
3.793685460818167725e+11
3.777676460260088501e+11
3.761664395134755249e+11
3.745199585359288330e+11
3.729189946920586548e+11
3.713233129803929443e+11
3.697675180395460205e+11
3.681681243861267090e+11
3.665711906252612305e+11
3.650202870897572632e+11
3.634213047760207520e+11
3.618694129888107910e+11
3.603201202262545776e+11
3.587665184625709839e+11
3.572160385417363281e+11
3.556657398012374268e+11
3.541151700828629761e+11
3.526167877044372559e+11
3.510604276270996094e+11
3.495615477293410645e+11
3.480590152293447876e+11
3.465582793526815186e+11
3.450561541088115234e+11
3.435488404989239502e+11
3.420505172772982178e+11
3.405522327957386475e+11
3.390959781342566528e+11
3.375974601601928711e+11
3.361401712923025513e+11
3.346857428647607422e+11
3.331875514442958984e+11
3.317345800098898926e+11
3.303291756701105957e+11
3.288762585042586670e+11
3.274208241967241821e+11
3.260179345127395020e+11
3.245642165932596436e+11
3.231569499833184204e+11
3.217036495616560059e+11
3.203016237804830322e+11
3.188948648687435303e+11
3.174927445418016968e+11
3.161363147495124512e+11
3.147306807370883789e+11
3.133265119570600586e+11
3.119692127201699219e+11
3.105682877093291016e+11
3.092118724580296631e+11
3.078528633197650146e+11
3.064988518128990479e+11
3.051395315556975708e+11
3.037861261092321777e+11
3.024282439668620605e+11
3.011204682940598145e+11
2.997636855623012695e+11
2.984549735992468262e+11
2.970977999277608643e+11
2.957881498663939209e+11
2.944791250648015137e+11
2.931726804310027466e+11
2.918606900070322876e+11
2.905550015440572510e+11
2.892437864065308838e+11
2.879815943776054077e+11
2.866735525435886230e+11
2.854111925797631836e+11
2.840987447133740234e+11
2.828371305248489990e+11
2.815732846653302002e+11
2.803105283592255859e+11
2.790493388064409790e+11
2.777861666265087280e+11
2.765215472665366211e+11
2.753036303684664307e+11
2.740408450008366394e+11
2.728282724934560852e+11
2.715626408830824280e+11
2.703448744416741028e+11
2.691294419430083923e+11
2.679113213611097107e+11
2.666954593975857239e+11
2.654769403083673706e+11
2.642589407365003662e+11
2.630419707281709290e+11
2.618745696952993469e+11
2.606544434613128357e+11
2.594862242485698242e+11
2.582660899337487183e+11
2.570961774731292419e+11
2.559272982240899048e+11
2.547583153196774292e+11
2.535895227608336182e+11
2.524185746878077698e+11
2.512491925980736694e+11
2.500778661765404358e+11
2.489553799000397644e+11
2.477872920520273132e+11
2.466653540210997009e+11
2.454943826015246582e+11
2.443750691915161743e+11
2.432557573116371460e+11
2.421328272330079956e+11
2.409637580131776733e+11
2.398952332981698914e+11
2.387721669816661377e+11
2.376515446210392761e+11
2.365336110555289001e+11
2.354606982233405457e+11
2.343420536751040649e+11
2.332721994999508972e+11
2.321533175655428162e+11
2.310822270736992798e+11
2.300111727323988342e+11
2.289438034546281433e+11
2.278744183807684631e+11
2.268044197531911316e+11
2.257366939458161926e+11
2.246684428904232178e+11
2.235988240769085083e+11
2.225794161662369080e+11
2.215127031968801270e+11
2.204937397955322571e+11
2.194268090883404846e+11
2.184060387768089600e+11
2.173889848494425049e+11
2.163719068217818909e+11
2.153532779664674377e+11
2.143352266180880127e+11
2.133188546132201233e+11
2.123007375373612366e+11
2.112849537530479431e+11
2.103150022073710632e+11
2.093002552241121826e+11
2.083307427206591797e+11
2.073172352655968933e+11
2.063488885028186951e+11
2.053820346657257385e+11
2.043668940832786255e+11
2.033993221954248352e+11
2.024321573506588745e+11
2.014652648004654846e+11
2.005011953160227051e+11
1.995818289285001831e+11
1.986159756718640442e+11
1.976483849171686707e+11
1.967322774151336365e+11
1.957660491160299377e+11
1.948473570919593811e+11
1.938824065259497070e+11
1.929659530405621338e+11
1.920489244709629211e+11
1.911320315552751160e+11
1.902153248646202087e+11
1.892981350075794067e+11
1.883815495296788635e+11
1.874654372507655640e+11
1.865482840812418213e+11
1.856805120355715332e+11
1.847650746099186096e+11
1.838481106499353027e+11
1.829792119250751038e+11
1.820642156864061890e+11
1.811946875339764404e+11
1.803278668298035278e+11
1.794588867479132996e+11
1.785935468808636780e+11
1.777245679464406738e+11
1.768557821903532104e+11
1.759877930207555237e+11
1.751204509267019653e+11
1.742536336862652588e+11
1.733856786635833435e+11
1.725654267263044128e+11
1.716989800070112610e+11
1.708782676294987183e+11
1.700128449207771301e+11
1.691918291419367981e+11
1.683735139069073486e+11
1.675075540397999878e+11
1.666873735168269043e+11
1.658683664758316345e+11
1.650499483996206665e+11
1.642300109995985107e+11
1.634116925538785095e+11
1.626400373274474792e+11
1.618208680499836121e+11
1.610030296813466797e+11
1.602320391615261230e+11
1.594137442057578735e+11
1.586429913139747925e+11
1.578228706940458374e+11
1.570515874968757935e+11
1.562826073791864929e+11
1.554627612782441711e+11
1.546924766736526794e+11
1.539212479488939209e+11
1.531508589289346924e+11
1.523810988345818481e+11
1.516097853031742554e+11
1.508869581722572937e+11
1.501166260135972900e+11
1.493457276582372437e+11
1.486226232740811768e+11
1.478524764945414124e+11
1.471298838393819580e+11
1.463594628554316406e+11
1.456384453262573853e+11
1.449154277412575378e+11
1.441450754130903320e+11
1.434215897567843018e+11
1.427002564512939453e+11
1.419782610661636658e+11
1.412543518612396851e+11
1.405329320488527832e+11
1.398119726380643311e+11
1.390898169900895996e+11
1.384137737552182617e+11
1.376918309519857788e+11
1.369697203656176910e+11
1.362963803083450317e+11
1.355741915430954590e+11
1.348996353419455719e+11
1.342264370332047729e+11
1.335050601972109222e+11
1.328301065687490082e+11
1.321558721696564484e+11
1.314810093360628510e+11
1.308072598019159088e+11
1.301338253536477509e+11
1.294605562953948212e+11
1.287857248159607086e+11
1.281123981565803375e+11
1.274376752173230438e+11
1.268113756960782318e+11
1.261382186994300842e+11
1.254642221873701630e+11
1.248387782957278442e+11
1.242125081313818359e+11
1.235383493752356110e+11
1.229133205589418488e+11
1.222387526666625214e+11
1.216140380190399628e+11
1.209878441148364258e+11
1.203614636117418518e+11
1.197352776777174530e+11
1.191117955279582520e+11
1.184859828980766754e+11
1.178597832730550842e+11
1.172332441673711243e+11
1.166565124083091888e+11
1.160310922583290558e+11
1.154060482434519501e+11
1.148287763921322937e+11
1.142023162894554443e+11
1.136250706619393768e+11
1.129980705304369049e+11
1.124219313799035034e+11
1.118445055875983887e+11
1.112192457967611847e+11
1.106405935144541931e+11
1.100637471762193298e+11
1.094867458070243225e+11
1.089093903643771057e+11
1.083310782239562531e+11
1.077548997995147858e+11
1.071770839301492615e+11
1.065988827119167938e+11
1.060231608755991058e+11
1.054932157601463165e+11
1.049156321429387207e+11
1.043870794399966583e+11
1.038099844851606903e+11
1.032816514671789246e+11
1.027032721492235718e+11
1.021740582201206055e+11
1.015971916283721619e+11
1.010675594985177765e+11
1.005390602957889709e+11
1.000099499939158783e+11
9.947938257967787170e+10
9.890309106481845093e+10
9.837397486948074341e+10
9.784552056361851501e+10
9.736419784648254395e+10
9.683487965479995728e+10
9.630583354934562683e+10
9.577707503345140076e+10
9.524710388718727112e+10
9.476630577854667664e+10
9.423794684018875122e+10
9.375712441105613708e+10
9.322683025908720398e+10
9.274689713394685364e+10
9.221747258523242188e+10
9.173617350760467529e+10
9.125493541909814453e+10
9.072646777959213257e+10
9.024555372555726624e+10
8.976434842413737488e+10
8.928316688293826294e+10
8.880204415735461426e+10
8.832137708293740845e+10
8.783987480983657837e+10
8.735836083904681396e+10
8.687814408529946899e+10
8.639637113967543030e+10
8.596338291058876038e+10
8.548265899832531738e+10
8.500073583014682007e+10
8.451968650517018127e+10
8.408701961113475037e+10
8.360547537522204590e+10
8.317230855116522217e+10
8.269072127839860535e+10
8.225761498326327515e+10
8.182490414779130554e+10
8.134385345104064941e+10
8.090980087252764893e+10
8.047658107620243835e+10
8.004369395699557495e+10
7.961035378178598022e+10
7.917617098030783081e+10
7.874272059568484497e+10
7.830947097462239075e+10
7.787607005828672791e+10
7.744308943384783936e+10
7.700954222065179443e+10
7.657558953253015137e+10
7.614233909354132080e+10
7.575651574847671509e+10
7.532277222442117310e+10
7.488885593288124084e+10
7.450350290820068359e+10
7.407034768330062866e+10
7.368360539371151733e+10
7.325040413224621582e+10
7.286538707243472290e+10
7.243097702053556824e+10
7.204582799699865723e+10
7.165932935555526733e+10
7.122586926100314331e+10
7.083980908774147034e+10
7.045470297831236267e+10
7.006799169969935608e+10
6.968288564591915894e+10
6.929700754157391357e+10
6.891121187766513062e+10
6.852549884992706299e+10
6.813984416351882935e+10
6.775388580587855530e+10
6.736815868237911224e+10
6.698255577873833466e+10
6.664457640213919830e+10
6.625886881298754120e+10
6.587323181280172729e+10
6.553488128728062439e+10
6.514960381863263702e+10
6.476330644357289124e+10
6.442552094448851013e+10
6.408822180760262299e+10
6.370260250707559204e+10
6.336487903293275452e+10
6.297880169328468323e+10
6.264121249731239319e+10
6.230325508948882294e+10
6.191785462789852905e+10
6.158015537707868195e+10
6.124221851688854218e+10
6.090488676588539886e+10
6.056677902636765289e+10
6.022929733270673370e+10
5.989196869506826019e+10
5.955387591494084167e+10
5.921641219381388855e+10
5.887907925660050201e+10
5.854155304825950623e+10
5.820370758170030975e+10
5.786650823609500885e+10
5.757665289146914673e+10
5.723878225571914673e+10
5.690143768225540924e+10
5.661208028477843475e+10
5.627417958599742126e+10
5.593636487274902344e+10
5.564771880963256073e+10
5.531002658679842377e+10
5.502104610759405518e+10
5.468328063444783783e+10
5.439345569030153656e+10
5.410442820294242096e+10
5.376684443812897491e+10
5.347817902516432953e+10
5.318872847883369446e+10
5.289936714471855164e+10
5.256165742162677765e+10
5.227212025408998871e+10
5.198300326086063385e+10
5.169351419844275665e+10
5.140418356390667725e+10
5.111475946995220947e+10
5.082586974688652802e+10
5.053665758291468811e+10
5.024746275967279053e+10
4.995862236230756378e+10
4.966928777075228119e+10
4.937963581942546844e+10
4.913904878596273804e+10
4.884970040148612213e+10
4.856092919372610474e+10
4.827177970340423584e+10
4.801111342717910767e+10
4.774147348851676178e+10
4.747099205194097900e+10
4.720121947384563446e+10
4.693128215964775085e+10
4.666637681504611206e+10
4.640135686900760651e+10
4.614106782626792908e+10
4.587613710451235199e+10
4.561599690183526611e+10
4.536018041753948212e+10
4.510014912218061066e+10
4.484497827744277954e+10
4.458943686332986450e+10
4.433931128764586639e+10
4.408844796767614746e+10
4.383810119285555267e+10
4.358723418449349213e+10
4.334139436234088898e+10
4.309586271323554230e+10
4.284985672944536591e+10
4.260444064042363739e+10
4.236375742835131073e+10
4.212309799836782074e+10
4.188671555637759399e+10
4.164600297679444885e+10
4.140987516588267517e+10
4.117358792062277222e+10
4.094263327819311523e+10
4.071130091868006134e+10
4.048038160390806580e+10
4.024890884560150146e+10
4.001799578578907776e+10
3.979120385496221924e+10
3.956463647027210236e+10
3.934302169823283386e+10
3.911696274165769958e+10
3.889538102957801819e+10
3.867400186353263855e+10
3.845721998806750488e+10
3.823566533813658142e+10
3.801861599431155396e+10
3.780225895929763794e+10
3.759035070402254486e+10
3.737843014629615784e+10
3.716159868938286591e+10
3.695488660151419067e+10
3.674267971057258606e+10
3.653583036247509766e+10
3.632848852797596741e+10
3.612144896783827209e+10
3.591432591329136658e+10
3.571201223502003479e+10
3.550982660945382690e+10
3.530762195908003235e+10
3.510542280643337250e+10
3.490792625978921509e+10
3.471055249948834229e+10
3.451310244213133240e+10
3.431562775750886917e+10
3.412306131120464706e+10
3.393054408968975449e+10
3.373802145488963318e+10
3.354570936183628082e+10
3.335288978396140671e+10
3.316503813487793350e+10
3.297714804088798904e+10
3.278949030147842026e+10
3.260150960286849976e+10
3.241897517264114380e+10
3.223562961485513306e+10
3.205278519398994064e+10
3.187027340894850540e+10
3.169196530151827240e+10
3.150900325977512741e+10
3.133059666213779068e+10
3.115288395919232941e+10
3.097926485508259201e+10
3.080127637959220123e+10
3.062808082977700806e+10
3.045461482915124893e+10
3.028132952463362122e+10
3.010817375430390167e+10
2.993968988858104706e+10
2.977122841704104996e+10
2.960249116144923019e+10
2.943412775027269745e+10
2.926550004261527634e+10
2.910198927077853012e+10
2.893833237121759033e+10
2.877454607776660919e+10
2.861129883135925293e+10
2.844752317458449936e+10
2.828863423295650101e+10
2.812992700684661865e+10
2.797097875086442184e+10
2.781229359264762115e+10
2.765322858038401794e+10
2.749936971135841370e+10
2.734065136813282013e+10
2.718641045862718582e+10
2.703245526375897980e+10
2.688305804925580215e+10
2.672920928196554184e+10
2.658015653382195282e+10
2.643076528839511108e+10
2.628171674650891113e+10
2.613243626823467636e+10
2.598313712180538940e+10
2.583880683693663788e+10
2.568952250432672119e+10
2.554523954397367859e+10
2.540102642650572968e+10
2.526128485354447174e+10
2.511706260670471573e+10
2.497739912442729568e+10
2.483295105719650650e+10
2.469346553428609085e+10
2.455408324244524384e+10
2.441915031567814255e+10
2.427972158510948944e+10
2.414475288127052307e+10
2.400994210927539444e+10
2.387056246991384125e+10
2.374057198270087433e+10
2.360587520559403992e+10
2.347130997829605865e+10
2.334110581993040848e+10
2.321125522749149704e+10
2.307669545999322891e+10
2.295145698515665436e+10
2.282145779257548904e+10
2.269170073829612350e+10
2.256646035947828674e+10
2.243671310679760361e+10
2.231155807205824280e+10
2.218638805102668762e+10
2.206124868790072250e+10
2.194089466264807129e+10
2.181569334442508316e+10
2.169557636560918045e+10
2.157053280804671097e+10
2.144999032159893417e+10
2.132985891619547272e+10
2.120973804680344391e+10
2.109393202135130692e+10
2.097382072242338181e+10
2.085850118580396652e+10
2.074278867116378784e+10
2.062252567022485352e+10
2.051202960015583038e+10
2.039633396927819443e+10
2.028099138896769333e+10
2.016560791988151932e+10
2.005472582508969879e+10
1.994421937831020355e+10
1.983344394138745117e+10
1.972267586468883514e+10
1.961212077772953796e+10
1.950144197511116791e+10
1.939095139995661926e+10
1.928498576026227570e+10
1.917911844828641129e+10
1.906859912967140198e+10
1.896255771803292847e+10
1.885680249454194260e+10
1.875112528129319382e+10
1.864988756336777496e+10
1.854413372311531830e+10
1.844300239541967010e+10
1.833714291140180588e+10
1.823609292563723755e+10
1.813522507325865173e+10
1.803417214227065277e+10
1.793303892694665909e+10
1.783688575107682419e+10
1.773584791734664536e+10
1.763961903201946259e+10
1.753845853826620483e+10
1.744237964801279831e+10
1.734598826562319183e+10
1.724993086492575073e+10
1.715363465676343536e+10
1.705757526900975418e+10
1.696615824063636780e+10
1.686989865663878059e+10
1.677858478748487091e+10
1.668220693771814156e+10
1.659090889335756874e+10
1.649949519796283531e+10
1.640817069403716660e+10
1.631660853758795357e+10
1.623015119265565491e+10
1.613874919461021805e+10
1.604719010559615898e+10
1.596061011141162300e+10
1.587399998513149071e+10
1.578273716845396233e+10
1.569594169821209145e+10
1.560943737710168457e+10
1.552284779819618225e+10
1.544121478283413315e+10
1.535445686266826057e+10
1.526800997671092415e+10
1.518616153436274338e+10
1.510438462728868103e+10
1.501779586596569633e+10
1.493601775248888016e+10
1.485426297998601532e+10
1.477234494702115822e+10
1.469070555101647186e+10
1.460892436313808823e+10
1.453204236132685852e+10
1.445012292046206474e+10
1.437315118337787056e+10
1.429144864506931114e+10
1.421448587440511894e+10
1.413746388817089844e+10
1.406045515620680809e+10
1.398349261253055954e+10
1.390665681050039482e+10
1.382949794758292007e+10
1.375266992324081802e+10
1.367571184304859543e+10
1.360354868207320595e+10
1.352671835725431061e+10
1.345437955946834755e+10
1.338235902767992973e+10
1.331020647363821602e+10
1.323321446475743866e+10
1.316106432195575714e+10
1.309366709526535988e+10
1.302150960187514496e+10
1.294947697762597084e+10
1.287720879548154259e+10
1.280994685239986610e+10
1.273779884653548813e+10
1.267039150038485146e+10
1.259835334824567795e+10
1.253085775360243034e+10
1.246347475251102448e+10
1.239626071062750053e+10
1.232892856300762939e+10
1.226147270801248550e+10
1.219420974709953308e+10
1.212686324140872955e+10
1.206432896726765442e+10
1.199710757345077705e+10
1.192966097943605804e+10
1.186709300755661774e+10
1.180465048388388252e+10
1.173730959772582817e+10
1.167477947396136665e+10
1.161225748788250542e+10
1.154969272746702003e+10
1.148716906558608627e+10
1.142475421771332741e+10
1.136223518003116608e+10
1.129959431201106071e+10
1.124187902644245148e+10
1.117935745180686569e+10
1.112161615695146179e+10
1.105909162029515648e+10
1.100138127229110909e+10
1.093881467017302895e+10
1.088110635064177322e+10
1.082349604384941864e+10
1.076567632070403099e+10
1.070796832963353348e+10
1.065031979077845383e+10
1.059260800468354797e+10
1.053489413745528412e+10
1.047714728227885818e+10
1.041940011056456184e+10
1.036649019776745224e+10
1.030877499285000610e+10
1.025597549555363846e+10
1.019817000087228394e+10
1.014522338039702415e+10
1.009242065393141174e+10
1.003471511269613647e+10
9.981763280273992538e+09
9.928860325977207184e+09
9.875895782172016144e+09
9.823000394368431091e+09
9.770097548670402527e+09
9.717282598250215530e+09
9.664387260025468826e+09
9.616167707351514816e+09
9.563359104377410889e+09
9.510459813952636719e+09
9.462365274876216888e+09
9.409469138438987732e+09
9.361345144740055084e+09
9.313255747419075012e+09
9.260333394769958496e+09
9.212241102209808350e+09
9.164242632526054382e+09
9.116023062708074570e+09
9.067930008342151642e+09
9.019929926723964691e+09
8.971839640656703949e+09
8.923753413791728973e+09
8.875543107693954468e+09
8.827494329779903412e+09
8.779406255459415436e+09
8.736103549974998474e+09
8.688018698154903412e+09
8.639982550808509827e+09
8.596621944974670410e+09
8.548535331797137260e+09
8.505258773249135017e+09
8.462053724898723602e+09
8.413930032020605087e+09
8.370650854852034569e+09
8.327288829868209839e+09
8.284091913088487625e+09
8.240815556739253044e+09
8.197481458361269951e+09
8.154206397355884552e+09
8.110998945576734543e+09
8.067645599574739456e+09
8.024368232068862915e+09
7.981061864897513390e+09
7.937862447182328224e+09
7.899396524929937363e+09
7.856043558444424629e+09
7.812763510681378365e+09
7.774293989127529144e+09
7.731018856667431831e+09
7.692530358288725853e+09
7.654061411985235214e+09
7.610787195026144028e+09
7.572291632227829933e+09
7.533819898731225014e+09
7.490543730368802071e+09
7.452144901895504951e+09
7.413678869208719254e+09
7.375142627386350632e+09
7.336646309724350929e+09
7.298180973697721481e+09
7.259785115418944359e+09
7.221293718281904221e+09
7.182752086655973434e+09
7.149094998021085739e+09
7.110666402200327873e+09
7.072200670046295166e+09
7.033736203177836418e+09
7.000077099684543610e+09
6.961607682787694931e+09
6.927923509149807930e+09
6.889458961540779114e+09
6.855799533846704483e+09
6.817331730906666756e+09
6.783688351549917221e+09
6.749941232291830063e+09
6.711477451221217155e+09
6.677819300466475487e+09
6.644217965067937851e+09
6.610556329230545044e+09
6.576899103146220207e+09
6.538346040877654076e+09
6.504752750996340752e+09
6.471093404067943573e+09
6.437437788085600853e+09
6.403780187121424675e+09
6.374884377160609245e+09
6.341227440275843620e+09
6.307572381242120743e+09
6.273914974973147392e+09
6.240255546556732178e+09
6.211444146304992676e+09
6.177729391275875092e+09
6.144068941553619385e+09
6.115215979961026192e+09
6.081619000877133369e+09
6.052771341468360901e+09
6.019034603301824570e+09
5.990164720719353676e+09
5.956539417289857864e+09
5.927688289479540825e+09
5.898841653482731819e+09
5.865104507296282768e+09
5.836314271594837189e+09
5.807467690613265038e+09
5.778620627513958931e+09
5.749771982978381157e+09
5.716147666458771706e+09
5.687242131849056244e+09
5.658396176152060509e+09
5.629528490679433823e+09
5.600734205017074585e+09
5.571887347988715172e+09
5.542966624588567734e+09
5.514120817081222534e+09
5.490080416410581589e+09
5.461286421034154892e+09
5.432433743702482224e+09
5.403565272429865837e+09
5.374665551680392265e+09
5.350678546967550278e+09
5.321832307533256531e+09
5.292971347374508858e+09
5.268929550462433815e+09
5.240057235061143875e+09
5.215986316509300232e+09
5.187141130040813446e+09
5.163103318869661331e+09
5.134305363555055618e+09
5.110198460034023285e+09
5.081353445806423187e+09
5.057315777281923294e+09
5.033321093157174110e+09
5.004475090562328339e+09
4.980385336417172432e+09
4.956314311580272675e+09
4.932276733563716888e+09
4.903476978488704681e+09
4.879439335537025452e+09
4.855355017563413620e+09
4.831299621843260765e+09
4.807302890625877380e+09
4.782780009307807922e+09
4.758739270169101715e+09
4.734701876924700737e+09
4.711144615608592033e+09
4.687088120742412567e+09
4.663518117011629105e+09
4.639961657275194168e+09
4.616926924681575775e+09
4.593323941163986206e+09
4.570248448074720383e+09
4.547133575619221687e+09
4.524579344305900574e+09
4.501984379910791397e+09
4.479344116877811432e+09
4.456749127351370811e+09
4.434179719553449631e+09
4.412062676893966675e+09
4.389943381300086975e+09
4.367774735405130386e+09
4.346142257828945160e+09
4.324067362042081833e+09
4.302897781690032959e+09
4.281263728166396618e+09
4.259589647548429489e+09
4.238477936069740772e+09
4.217326118518412590e+09
4.196170159242633820e+09
4.175481200581385612e+09
4.154328688371167660e+09
4.133657184082040310e+09
4.112986212957191944e+09
4.092778182036064148e+09
4.072144826712104797e+09
4.051953367489737034e+09
4.031708188716276169e+09
4.011995599393811226e+09
3.991805043100002766e+09
3.972128711535566330e+09
3.952399864865837574e+09
3.932652644198729038e+09
3.912927837720408440e+09
3.893735271051574707e+09
3.874503863772329330e+09
3.855275244320930004e+09
3.836005849583260059e+09
3.817283566019485950e+09
3.798519080851008415e+09
3.779290681938615799e+09
3.761023212398693562e+09
3.742274625683281898e+09
3.723525945002433777e+09
3.705257726763620853e+09
3.686973706299873352e+09
3.668738925967605591e+09
3.650917446506529808e+09
3.632646679664012432e+09
3.614859329966342926e+09
3.597072734382752419e+09
3.579296679976820469e+09
3.561956495050569534e+09
3.544169097204441071e+09
3.526863777632784367e+09
3.509589428005429268e+09
3.492281202021243572e+09
3.474928499176156521e+09
3.458104002298473835e+09
3.441310959169228077e+09
3.424005165930798054e+09
3.407180208147991180e+09
3.390787052974602222e+09
3.373962545249720573e+09
3.357636864281036377e+09
3.341292638904736042e+09
3.324939269034771442e+09
3.308595462153587341e+09
3.292219233721725941e+09
3.276383227937210083e+09
3.260519131926614761e+09
3.244159789368052483e+09
3.228296881523321152e+09
3.212914420781299114e+09
3.197051110294061661e+09
3.181667522026943684e+09
3.166285308428577900e+09
3.150902706207046032e+09
3.135538298173667908e+09
3.120126002056956291e+09
3.104743077131732941e+09
3.089829531324408054e+09
3.074928151578619957e+09
3.060056001382884502e+09
3.045152357936128139e+09
3.030221678246201038e+09
3.015800652380837917e+09
3.000887325241652966e+09
2.986465524678018093e+09
2.972073305169221401e+09
2.957650490067980289e+09
2.943200981303317547e+09
2.929261073300740719e+09
2.914839896835826874e+09
2.900926726188051224e+09
2.886975210036747932e+09
2.873035239551769733e+09
2.859095270975964546e+09
2.845127934227231503e+09
2.831660241652634144e+09
2.817747368456002235e+09
2.804288130382529259e+09
2.790827588180934429e+09
2.777354757281921864e+09
2.763893737750106335e+09
2.750888728658902168e+09
2.737419028531914711e+09
2.724466546090238571e+09
2.711484155890508652e+09
2.698504844177351952e+09
2.685526457422615051e+09
2.672548072445388317e+09
2.660050363326496601e+09
2.647071375206165791e+09
2.634573491990937710e+09
2.621585020197075367e+09
2.609086470508058548e+09
2.596588826178541660e+09
2.584563804870860100e+09
2.572065804926995277e+09
2.559568206560135365e+09
2.547575613259508133e+09
2.535558573523258209e+09
2.523060861844934940e+09
2.511019669099979401e+09
2.499483419820512772e+09
2.487465664363284111e+09
2.475448752501991272e+09
2.463912511914303780e+09
2.451885846111241341e+09
2.440349654623713493e+09
2.428813455913553238e+09
2.417277267627846718e+09
2.405741080922145844e+09
2.394204895796448708e+09
2.383149075476074219e+09
2.371635244161327362e+09
2.360579930689302921e+09
2.349524540749149323e+09
2.337988253600649834e+09
2.326931856103220463e+09
2.316356875810533524e+09
2.305300974747550011e+09
2.294245370926210880e+09
2.283670593810129166e+09
2.272593285098708153e+09
2.262018457545983315e+09
2.251443631441596031e+09
2.240870084840269089e+09
2.230296684908566475e+09
2.219722136110657692e+09
2.209147301630192757e+09
2.199054615444691658e+09
2.188479776713477612e+09
2.178385886216126442e+09
2.167811048993447304e+09
2.157737638435385704e+09
2.147643100355107307e+09
2.137549272446008205e+09
2.127455003870924473e+09
2.117360743400045395e+09
2.107727045414291143e+09
2.097634339242514133e+09
2.088020986193293810e+09
2.078408851547930002e+09
2.068334577396642208e+09
2.058722146991228819e+09
2.049097821199536324e+09
2.039484273974680901e+09
2.029870728066497564e+09
2.020737853754184008e+09
2.011124503668144464e+09
2.002010904412981510e+09
1.992378246975098848e+09
1.983247055148985863e+09
1.974115305890256166e+09
1.965002866787980080e+09
1.955851210188806295e+09
1.946718323621130705e+09
1.937594696274456978e+09
1.928470031402099371e+09
1.919818036049963951e+09
1.910687705219210148e+09
1.902035561318343163e+09
1.892902714296597481e+09
1.884250414400146246e+09
1.875599897043134451e+09
1.866938899403989077e+09
1.858304844043473244e+09
1.849653512174553394e+09
1.840983892594303608e+09
1.832829936465506315e+09
1.824177733409599543e+09
1.815517363686470747e+09
1.807346782902003050e+09
1.799197680596998215e+09
1.790528263933022738e+09
1.782360152614622593e+09
1.774212638582612038e+09
1.766026217159424305e+09
1.757854500241769791e+09
1.749700012476164818e+09
1.742002495819439411e+09
1.733838587311074972e+09
1.726148604665647268e+09
1.717979005021793604e+09
1.710294850992692471e+09
1.702129068250221729e+09
1.694440075462071896e+09
1.686755579812103033e+09
1.679067316563808680e+09
1.671361871786270618e+09
1.663693227795738459e+09
1.656005173250221968e+09
1.648298197720304966e+09
1.641108723792679548e+09
1.633420834285972834e+09
1.626217370114794731e+09
1.618528538401519537e+09
1.611318696981086731e+09
1.604116864060347557e+09
1.596907871276597023e+09
1.589227415291760206e+09
1.582019372411178112e+09
1.574823997985908508e+09
1.567615812631252766e+09
1.560878446404922009e+09
1.553673559142337322e+09
1.546473037072128534e+09
1.539744047479017496e+09
1.532526226007282972e+09
1.525804966987773418e+09
1.518621652990765810e+09
1.511885587125344515e+09
1.505162044739465952e+09
1.498435577625313520e+09
1.491232467003781080e+09
1.484514183407077551e+09
1.478275275553893805e+09
1.471539157559015274e+09
1.464818789880294561e+09
1.458092173376054049e+09
1.451369032548046827e+09
1.445128587104336977e+09
1.438417445118347645e+09
1.432162120856672525e+09
1.425434281436003208e+09
1.419196464914582253e+09
1.412955823271477699e+09
1.406720582400262833e+09
1.399998883169924021e+09
1.393746572507160425e+09
1.387505493149655581e+09
1.381269794146019459e+09
1.375031458623766184e+09
1.369257795089070559e+09
1.363019614086034536e+09
1.356784694285150051e+09
1.350531015008603096e+09
1.344774038607539177e+09
1.338532370534751177e+09
1.332777348468979836e+09
1.326526396636165619e+09
1.320782701664280415e+09
1.315022081027963161e+09
1.309259185761819839e+09
1.303496616889039993e+09
1.297246412810926199e+09
1.291504024904808283e+09
1.285735653856517315e+09
1.279977279882303238e+09
1.274695445435554981e+09
1.268941038018217802e+09
1.263166948807668686e+09
1.257396359060375214e+09
1.252133461690894842e+09
1.246360080206555367e+09
1.241077847503453732e+09
1.235316789620483398e+09
1.230035631041136265e+09
1.224271927934196949e+09
1.218990558751050234e+09
1.213692926813569069e+09
1.208415940610402584e+09
1.203127330960471630e+09
1.197358148545985222e+09
1.192083052198843479e+09
1.186773323697577953e+09
1.181976463987985134e+09
1.176677851593219519e+09
1.171384599689108849e+09
1.166080532465783596e+09
1.160781318060494661e+09
1.155956475290112972e+09
1.150667027235654593e+09
1.145837295636722088e+09
1.140540952999523640e+09
1.135703253572763681e+09
1.130396079731352329e+09
1.125570070379606247e+09
1.120257387693149805e+09
1.115425951974967480e+09
1.110588454995270729e+09
1.105762636198144913e+09
1.100913863634963989e+09
1.096090729210984707e+09
1.091237569782597303e+09
1.086399589708170414e+09
1.081556640725009441e+09
1.076720663570014477e+09
1.071878096374660611e+09
1.067034046090379834e+09
1.062187894331688643e+09
1.057816064349632740e+09
1.052969542285389900e+09
1.048607955569585919e+09
1.043765416942142010e+09
1.039399838970618129e+09
1.034563137085591316e+09
1.030190515932798147e+09
1.025344699688489795e+09
1.020980048218221784e+09
1.016607932638644338e+09
1.012253703882455111e+09
1.007411715465751052e+09
1.003034641352929473e+09
9.986767057658836842e+08
9.943112631362903118e+08
9.899493347976180315e+08
9.855865211833086014e+08
9.812333756844369173e+08
9.768645716602447033e+08
9.729799050504755974e+08
9.686118727427792549e+08
9.642476717981969118e+08
9.598897276809592247e+08
9.560156694275608063e+08
9.516525981056247950e+08
9.477671218388303518e+08
9.434135347535688877e+08
9.395374015401145220e+08
9.351659022346014977e+08
9.312905682551321983e+08
9.274157028787724972e+08
9.230499030888125896e+08
9.191708911418292522e+08
9.152929730588436127e+08
9.114164904696903229e+08
9.075382409541888237e+08
9.036557981963902712e+08
8.997809000727853775e+08
8.959026857832511663e+08
8.920169354156655073e+08
8.881468666752142906e+08
8.842626231607515812e+08
8.803901058270332813e+08
8.769852105149464607e+08
8.731161185673723221e+08
8.692321868376449347e+08
8.658365406523084641e+08
8.619571688313778639e+08
8.585614496685367823e+08
8.546910182630091906e+08
8.512908242037903070e+08
8.474133162204524279e+08
8.440152700830140114e+08
8.406210658428165913e+08
8.367365723562330008e+08
8.333474398782136440e+08
8.299419935923377275e+08
8.265490826692832708e+08
8.231566782921364307e+08
8.197565036464120150e+08
8.163601938237563372e+08
8.129646246181724072e+08
8.095629083158295155e+08
8.061673574111703634e+08
8.027724845845961571e+08
7.998561551743046045e+08
7.964580954406905174e+08
7.930536403223681450e+08
7.896592683659491539e+08
7.867377585186560154e+08
7.833337980508359671e+08
7.804312416086411476e+08
7.775324344062205553e+08
7.741714082378045321e+08
7.712970094448425770e+08
7.684226106518806219e+08
7.655482118589190245e+08
7.626738130659562349e+08
7.597994142729945183e+08
7.569250154800316095e+08
7.540506166870694160e+08
7.511762178941075802e+08
7.483018191011452675e+08
7.454274203081836700e+08
7.425530215152217150e+08
7.396786227222592831e+08
7.372832903947898149e+08
7.344088916018282175e+08
7.315344928088654280e+08
7.286600940159040689e+08
7.257856952229413986e+08
7.229112964299799204e+08
7.200368976370173693e+08
7.176415653095488548e+08
7.147671665165868998e+08
7.118927677236249447e+08
7.090183689306631088e+08
7.066230366031943560e+08
7.037486378102315664e+08
7.008742390172696114e+08
6.984789066898024082e+08
6.956045078968394995e+08
6.927301091038771868e+08
6.903347767764089108e+08
6.874603779834468365e+08
6.845859791904851198e+08
6.821906468630163670e+08
6.793162480700541735e+08
6.769209157425857782e+08
6.740465169496232271e+08
6.711721181566622257e+08
6.687767858291925192e+08
6.659023870362305641e+08
6.635070547087625265e+08
6.606326559157998562e+08
6.582373235883312225e+08
6.553629247953697443e+08
6.529675924679011106e+08
6.505722601404331923e+08
6.476978613474706411e+08
6.453025290200011730e+08
6.424281302270400524e+08
6.400327978995710611e+08
6.376374655721025467e+08
6.347630667791405916e+08
6.323677344516724348e+08
6.299724021242040396e+08
6.270980033312413692e+08
6.247026710037733316e+08
6.223073386763041019e+08
6.199120063488357067e+08
6.170376075558742285e+08
6.146422752284052372e+08
6.122469429009373188e+08
6.098516105734688044e+08
6.069772117805073261e+08
6.045818794530384541e+08
6.021865471255695820e+08
5.997912147981014252e+08
5.973958824706329107e+08
5.950005501431639194e+08
5.926052178156957626e+08
5.897308190227333307e+08
5.873354866952648163e+08
5.849401543677968979e+08
5.825448220403287411e+08
5.801494897128596306e+08
5.777541573853909969e+08
5.753588250579229593e+08
5.729634927304544449e+08
5.705681604029860497e+08
5.681728280755176544e+08
5.657774957480492592e+08
5.633821634205803871e+08
5.609868310931123495e+08
5.585914987656440735e+08
5.561961664381752014e+08
5.542799005762007236e+08
5.518845682487319708e+08
5.494892359212635756e+08
5.470939035937948227e+08
5.446985712663267851e+08
5.423032389388582706e+08
5.399079066113898754e+08
5.379916407494149208e+08
5.355963084219463468e+08
5.332009760944782495e+08
5.308056437670097947e+08
5.284103114395410419e+08
5.264940455775668025e+08
5.240987132500982285e+08
5.217033809226298332e+08
5.197871150606549978e+08
5.173917827331864238e+08
5.149964504057177901e+08
5.126011180782495141e+08
5.106848522162747979e+08
5.082895198888063431e+08
5.063732540268315077e+08
5.039779216993629932e+08
5.015825893718945980e+08
4.996663235099197030e+08
4.972709911824513078e+08
4.953547253204764128e+08
4.929593929930081964e+08
4.905640606655397415e+08
4.886477948035646677e+08
4.862524624760965109e+08
4.843361966141219139e+08
4.819408642866536379e+08
4.800245984246782660e+08
4.778208926834073663e+08
4.756650935886862874e+08
4.735572011405137181e+08
4.714014020457920432e+08
4.692935095976198912e+08
4.671856171494475007e+08
4.650777247012758255e+08
4.629698322531033158e+08
4.608619398049307466e+08
4.587540473567584753e+08
4.566940615551356673e+08
4.545861691069635749e+08
4.525261833053408265e+08
4.504661975037177205e+08
4.484062117020947933e+08
4.463462259004718065e+08
4.442862400988488197e+08
4.422262542972263694e+08
4.402141751421529651e+08
4.381541893405296206e+08
4.361421101854560971e+08
4.341300310303830504e+08
4.320700452287600636e+08
4.300579660736864805e+08
4.280937935651622415e+08
4.260817144100891948e+08
4.240696352550153136e+08
4.221054627464913130e+08
4.200933835914176106e+08
4.181292110828936696e+08
4.161650385743690729e+08
4.141529594192958474e+08
4.121887869107720852e+08
4.102725210487973094e+08
4.083083485402731299e+08
4.063441760317490101e+08
4.044279101697738171e+08
4.024637376612499356e+08
4.005474717992752790e+08
3.986312059373008013e+08
3.967149400753257871e+08
3.947986742133506536e+08
3.928824083513759375e+08
3.909661424894014597e+08
3.890498766274265051e+08
3.871815174120015502e+08
3.853131581965757012e+08
3.833968923346011639e+08
3.815285331191754937e+08
3.796601739037501216e+08
3.777918146883245707e+08
3.759234554728994370e+08
3.740550962574738264e+08
3.722346436885978580e+08
3.703662844731729627e+08
3.685458319042964578e+08
3.667253793354202509e+08
3.648570201199948192e+08
3.630365675511190891e+08
3.612161149822432399e+08
3.593956624133673310e+08
3.576231164910404682e+08
3.558026639221645594e+08
3.539822113532883525e+08
3.522096654309614897e+08
3.503892128620855808e+08
3.486166669397588968e+08
3.468441210174322724e+08
3.450715750951058269e+08
3.432990291727786660e+08
3.415264832504525185e+08
3.398018439746752977e+08
3.380292980523483753e+08
3.363046587765711546e+08
3.345321128542442322e+08
3.328074735784672499e+08
3.310828343026900291e+08
3.293581950269123316e+08
3.276335557511353493e+08
3.259089164753579497e+08
3.241842771995809078e+08
3.225075445703526139e+08
3.207829052945755720e+08
3.191061726653475165e+08
3.173815333895702958e+08
3.157048007603423595e+08
3.140280681311143637e+08
3.123513355018866658e+08
3.106746028726586103e+08
3.090457768899805546e+08
3.073690442607520819e+08
3.056923116315246224e+08
3.040634856488454938e+08
3.023867530196176767e+08
3.007579270369393826e+08
2.991291010542607307e+08
2.975002750715819597e+08
2.958714490889039040e+08
2.942426231062249541e+08
2.926137971235467792e+08
2.909849711408679485e+08
2.894040518047386408e+08
2.877752258220603466e+08
2.861943064859310389e+08
2.846133871498018503e+08
2.830324678136726618e+08
2.814515484775435925e+08
2.798706291414142847e+08
2.782897098052853346e+08
2.767087904691559076e+08
2.751278711330268383e+08
2.735948584434471130e+08
2.720139391073177457e+08
2.704809264177380800e+08
2.689479137281584144e+08
2.673669943920290470e+08
2.658339817024491727e+08
2.643009690128694177e+08
2.627679563232895732e+08
2.612828502802591920e+08
2.597498375906794369e+08
2.582168249010994434e+08
2.567317188580690324e+08
2.552466128150385618e+08
2.537136001254587173e+08
2.522284940824283957e+08
2.507433880393977463e+08
2.492582819963674545e+08
2.477731759533369243e+08
2.462880699103067517e+08
2.448508705138255060e+08
2.433657644707950652e+08
2.418806584277645648e+08
2.404434590312834978e+08
2.390062596348024309e+08
2.375211535917720795e+08
2.360839541952909529e+08
2.346467547988099456e+08
2.332095554023289680e+08
2.317723560058476329e+08
2.303830632559160292e+08
2.289458638594349027e+08
2.275565711095032096e+08
2.261193717130220830e+08
2.247300789630904496e+08
2.232928795666095018e+08
2.219035868166777790e+08
2.205142940667459965e+08
2.191250013168143034e+08
2.177357085668825209e+08
2.163943224635002017e+08
2.150050297135686278e+08
2.136157369636367559e+08
2.122743508602545559e+08
2.108850581103226840e+08
2.095436720069405735e+08
2.082022859035583138e+08
2.068129931536264420e+08
2.054716070502441227e+08
2.041302209468617737e+08
2.028367414900288880e+08
2.014953553866465092e+08
2.001539692832641304e+08
1.988125831798817217e+08
1.975191037230487764e+08
1.962256242662160397e+08
1.948842381628336608e+08
1.935907587060007751e+08
1.922972792491677105e+08
1.910037997923346460e+08
1.897103203355016112e+08
1.884168408786687255e+08
1.871233614218355715e+08
1.858777886115520597e+08
1.845843091547194421e+08
1.833387363444355428e+08
1.820452568876029551e+08
1.807996840773189962e+08
1.795541112670353055e+08
1.783085384567519128e+08
1.770150589999189377e+08
1.757694861896353066e+08
1.745718200259009600e+08
1.733262472156173885e+08
1.720806744053337574e+08
1.708830082415996790e+08
1.696374354313161969e+08
1.684397692675816715e+08
1.671941964572981298e+08
1.659965302935641110e+08
1.647988641298298836e+08
1.636011979660955369e+08
1.624035318023613989e+08
1.612058656386269629e+08
1.600081994748927653e+08
1.588105333111587167e+08
1.576607737939736843e+08
1.564631076302393675e+08
1.553133481130546927e+08
1.541635885958698392e+08
1.529659224321355224e+08
1.518161629149507880e+08
1.506664033977658749e+08
1.495166438805809617e+08
1.483668843633961976e+08
1.472171248462111950e+08
1.461152719755758345e+08
1.449655124583908916e+08
1.438157529412060976e+08
1.427139000705705881e+08
1.415641405533856750e+08
1.404622876827502251e+08
1.393604348121148050e+08
1.382585819414792657e+08
1.371567290708438158e+08
1.360548762002082467e+08
1.349530233295728266e+08
1.338511704589373171e+08
1.327493175883017927e+08
1.316953713642157465e+08
1.305935184935801327e+08
1.295395722694941014e+08
1.284856260454079807e+08
1.273837731747725010e+08
1.263298269506863505e+08
1.252758807266001552e+08
1.242219345025141388e+08
1.231679882784280181e+08
1.221140420543417484e+08
1.211080024768050462e+08
1.200540562527190149e+08
1.190001100286329240e+08
1.179940704510961026e+08
1.169401242270099670e+08
1.159340846494732052e+08
1.149280450719364136e+08
1.139220054943997860e+08
1.129159659168629795e+08
1.119099263393262029e+08
1.109038867617894709e+08
1.098978471842526793e+08
1.088918076067160070e+08
1.079336746757286489e+08
1.069276350981919616e+08
1.059695021672044694e+08
1.049634625896677375e+08
1.040053296586803347e+08
1.030471967276930213e+08
1.020411571501561552e+08
1.010830242191687673e+08
1.001248912881813794e+08
9.921466500374342501e+07
9.825653207275596261e+07
9.729839914176863432e+07
9.634026621078129113e+07
9.543003992634327710e+07
9.447190699535581470e+07
9.356168071091778576e+07
9.265145442647989094e+07
9.174122814204186201e+07
9.083100185760384798e+07
8.992077557316581905e+07
8.901054928872776031e+07
8.810032300428971648e+07
8.719009671985177696e+07
8.627987043541377783e+07
8.541755079752516747e+07
8.450732451308709383e+07
8.364500487519846857e+07
8.273477859076035023e+07
8.187245895287181437e+07
8.101013931498315930e+07
8.014781967709463835e+07
7.928550003920589387e+07
7.842318040131729841e+07
7.756086076342867315e+07
7.669854112553992867e+07
7.583622148765127361e+07
7.502180849631211162e+07
7.415948885842342675e+07
7.334507586708410084e+07
7.253066287574484944e+07
7.166834323785622418e+07
7.085393024651694298e+07
7.003951725517761707e+07
6.922510426383835077e+07
6.841069127249909937e+07
6.759627828115981817e+07
6.682977193636994809e+07
6.601535894503064454e+07
6.520094595369134843e+07
6.443443960890142620e+07
6.362002661756218225e+07
6.285352027277222276e+07
6.208701392798235267e+07
6.132050758319246769e+07
6.050609459185319394e+07
5.973958824706333131e+07
5.902098854882273823e+07
5.825448220403284580e+07
5.748797585924293846e+07
5.672146951445305347e+07
5.600286981621252000e+07
5.523636347142263502e+07
5.451776377318201214e+07
5.379916407494149357e+07
5.303265773015157133e+07
5.231405803191110492e+07
5.159545833367051929e+07
5.087685863542994857e+07
5.015825893718947470e+07
4.943965923894890398e+07
4.876896618725771457e+07
4.805036648901723325e+07
4.735572011405140162e+07
4.666107373908551782e+07
4.597121802877463400e+07
4.528615298311863095e+07
4.460587860211756825e+07
4.393039488577148318e+07
4.325491116942534596e+07
4.258900878238912672e+07
4.192310639535293728e+07
4.126199467297164351e+07
4.060567361524524540e+07
3.995414322217381001e+07
3.930740349375741184e+07
3.866545442999580503e+07
3.802350536623428762e+07
3.739113763178259134e+07
3.676356056198589504e+07
3.613598349218912423e+07
3.551319708704731613e+07
3.489520134656046331e+07
3.427720560607358813e+07
3.366879119489660859e+07
3.306516744837457314e+07
3.246154370185250044e+07
3.186271061998538673e+07
3.127345886742815748e+07
3.068420711487092450e+07
3.009974602696860954e+07
2.952007560372124240e+07
2.894519584512878209e+07
2.837031608653640002e+07
2.780501765725385025e+07
2.723971922797127068e+07
2.668400212799858674e+07
2.613307569268085435e+07
2.558214925736310706e+07
2.503601348670030013e+07
2.449466838069242612e+07
2.395811393933951110e+07
2.342635016264148429e+07
2.289937705059843138e+07
2.237719460321031511e+07
2.185501215582219139e+07
2.134241103774394467e+07
2.083460058432063460e+07
2.032679013089729846e+07
1.982856100678388774e+07
1.933033188267042860e+07
1.884168408786685765e+07
1.835303629306330532e+07
1.787396982756961137e+07
1.739490336207591370e+07
1.692062756123716384e+07
1.645114242505335994e+07
1.599123861817941442e+07
1.553133481130545586e+07
1.507622166908646747e+07
1.463068985617732443e+07
1.418515804326820001e+07
1.374441689501398616e+07
1.331325707606967539e+07
1.288209725712535158e+07
1.246051876749090850e+07
1.203894027785646729e+07
1.162694311753188446e+07
1.121494595720730722e+07
1.081253012619261071e+07
1.041969562448778190e+07
1.002686112278294936e+07
9.638817285733066499e+06
9.260354777993053198e+06
8.886682934907972813e+06
8.517801756477825344e+06
8.153711242702620104e+06
7.799202058237297460e+06
7.449483538426892832e+06
7.109346347926375456e+06
6.773999822080787271e+06
6.448234625545077026e+06
6.127260093664316460e+06
5.811076226438475773e+06
5.509264353177446872e+06
5.207452479916419834e+06
4.920012600620205514e+06
4.637363385978929698e+06
4.362379234785547480e+06
4.095060147040072829e+06
3.835406122742491309e+06
3.582938095427316148e+06
