4.717057460237872314e+11
4.717182748689133301e+11
4.717404534545964966e+11
4.714482213088513794e+11
4.714827348834109497e+11
4.712078121087620850e+11
4.712490118848045044e+11
4.709834889527161865e+11
4.710348963142927246e+11
4.707794738604606934e+11
4.708410451490214233e+11
4.705957288394329224e+11
4.703536726528933716e+11
4.701183459252769165e+11
4.698862981638863525e+11
4.696578646219660645e+11
4.694357532342962036e+11
4.692202970880955811e+11
4.690084233451009521e+11
4.687998155538320923e+11
4.685974860442879639e+11
4.680843480209286499e+11
4.678883628675980225e+11
4.676993347263937988e+11
4.672019533866304321e+11
4.670195463275051270e+11
4.665285822768575439e+11
4.660439909204738770e+11
4.658776493971901855e+11
4.653990332817398682e+11
4.649267343953291626e+11
4.647725756664429932e+11
4.643065070358555908e+11
4.638463191533021240e+11
4.633890180732121582e+11
4.629416540979393311e+11
4.624866456736008911e+11
4.620415409747239990e+11
4.616055845276708984e+11
4.608463577531163330e+11
4.604127722248909302e+11
4.599882897247268677e+11
4.595568268067202759e+11
4.588212530397019653e+11
4.584017533545917358e+11
4.576640905638320312e+11
4.572563442611547852e+11
4.565305146758754883e+11
4.561246151830733032e+11
4.554035502771964722e+11
4.546880386081589966e+11
4.542896520153744507e+11
4.535787320111452026e+11
4.528697419983270874e+11
4.521633117233717651e+11
4.517843182132631226e+11
4.510787323258460693e+11
4.503852854968054199e+11
4.496907705522934570e+11
4.489979834869096680e+11
4.483075813102880249e+11
4.476191824135772705e+11
4.469328665080164185e+11
4.462485267214448853e+11
4.452487827472858887e+11
4.445681709968658447e+11
4.438894236267847290e+11
4.432158005789351196e+11
4.422195774144161987e+11
4.415526405809323120e+11
4.408780921673314819e+11
4.398862464010712280e+11
4.392245615248114014e+11
4.385584259578890991e+11
4.375681346193231201e+11
4.369115347322449951e+11
4.359272472861015625e+11
4.352668996379902344e+11
4.342884407501271973e+11
4.333019090675835571e+11
4.326467548752703857e+11
4.316716697452033691e+11
4.310164916572359009e+11
4.300380845746544189e+11
4.290601519850296021e+11
4.280839106773568115e+11
4.274312613404992065e+11
4.264566545144725342e+11
4.254806801532230835e+11
4.245084050172251587e+11
4.238549389120126343e+11
4.228847423103539429e+11
4.219094717401022339e+11
4.209354506594849243e+11
4.199587313382613525e+11
4.189828534595252686e+11
4.180084202353797607e+11
4.173598991164470215e+11
4.163840742537116089e+11
4.154090008623360596e+11
4.144315125958808594e+11
4.134579853245596924e+11
4.124763950431790771e+11
4.114984416813150635e+11
4.105240673531429443e+11
4.095442626831019897e+11
4.085651261670081177e+11
4.075839625401864624e+11
4.066004090601101074e+11
4.056176746956098633e+11
4.046352091371619873e+11
4.036508066859580688e+11
4.023368507991697388e+11
4.013501024176570435e+11
4.003610800117593384e+11
3.993725207310930786e+11
3.983816420688704224e+11
3.973942508120366211e+11
3.963960714044309692e+11
3.954034781173452759e+11
3.944118016118354492e+11
3.934145763018430786e+11
3.924149670424297485e+11
3.910803403941753540e+11
3.900786892294103394e+11
3.890750418827050171e+11
3.880737608607588501e+11
3.870624914400704346e+11
3.860538165617330933e+11
3.850480994281237183e+11
3.840323399591672363e+11
3.826837995085836182e+11
3.816681973236394043e+11
3.806500253463133545e+11
3.796296854404264526e+11
3.786095487298060913e+11
3.775887794938078003e+11
3.765587484768997803e+11
3.755314212735952148e+11
3.741607130526519775e+11
3.731333263378513184e+11
3.720982358525037231e+11
3.710607536317095337e+11
3.700258230118347778e+11
3.689809920249726562e+11
3.679412692874391479e+11
3.668916679339032593e+11
3.658470806895957031e+11
3.647978164179274292e+11
3.633995713296550293e+11
3.623451620600537720e+11
3.612857673621666870e+11
3.602260710236182251e+11
3.591666596424744263e+11
3.580999889023848267e+11
3.570285643408370972e+11
3.559613906615720825e+11
3.548875530257817993e+11
3.538112831335013428e+11
3.527326520203767700e+11
3.516516082849826050e+11
3.505702517733737183e+11
3.494844039755695801e+11
3.483936238058724976e+11
3.473377632085907593e+11
3.462422460294135132e+11
3.451794265804114380e+11
3.440794485764571533e+11
3.430137504509690552e+11
3.419042845113602295e+11
3.408299358115362549e+11
3.397530051750949097e+11
3.386762774663754272e+11
3.375945568854246826e+11
3.365085289027035522e+11
3.354204572006949463e+11
3.343648545402921143e+11
3.332744000236522827e+11
3.322123466854543457e+11
3.311128454231448975e+11
3.300463268002120972e+11
3.289754914947652588e+11
3.279067055408971558e+11
3.268271838818197632e+11
3.257499794600997314e+11
3.246682591571635742e+11
3.236217288563685913e+11
3.225356752660738525e+11
3.214808864029174805e+11
3.204240119061864014e+11
3.193274087607919922e+11
3.182681587873052368e+11
3.171990166459906006e+11
3.161335341738595581e+11
3.150979943429282837e+11
3.140202766304491577e+11
3.129469956018600464e+11
3.119029525343472290e+11
3.108549377333319702e+11
3.097695469239053955e+11
3.087195248747509766e+11
3.076620112541448975e+11
3.066058882735343628e+11
3.055821277119396973e+11
3.045187993388722534e+11
3.034871691586934204e+11
3.024180381868404541e+11
3.013826400829882812e+11
3.003434472496689453e+11
2.993045096979154663e+11
2.982579865347955322e+11
2.972113624430046997e+11
2.961651440306528320e+11
2.951491342426766968e+11
2.940932970750725708e+11
2.930722380157912598e+11
2.920146591021100464e+11
2.909880223497163086e+11
2.899559813401292114e+11
2.889238944261702271e+11
2.879284396120559692e+11
2.868910936161876221e+11
2.858524139638625488e+11
2.848463009336875610e+11
2.838367823965964966e+11
2.827894706690845947e+11
2.817766324122925415e+11
2.807623836130465088e+11
2.797775906312749023e+11
2.787566258343233643e+11
2.777356111728931885e+11
2.767463203743571167e+11
2.757171285786318359e+11
2.747228611069676819e+11
2.737257119615591431e+11
2.727265383553171997e+11
2.717245073596225586e+11
2.707209895268233948e+11
2.697142672158505249e+11
2.687446153915412903e+11
2.677313058845478821e+11
2.667570612871997375e+11
2.657779611958539429e+11
2.647961021923048096e+11
2.638126710886145020e+11
2.628243060350280457e+11
2.618381464638204651e+11
2.608505834665731506e+11
2.598922339547860718e+11
2.589003257284204407e+11
2.579375932954630737e+11
2.569751848032335510e+11
2.559760950382781982e+11
2.550096470391635437e+11
2.540773843679790039e+11
2.531068505267490540e+11
2.521331955807705688e+11
2.511959975503460693e+11
2.502184901890413513e+11
2.492740982397203979e+11
2.482926677571853943e+11
2.473488135900737000e+11
2.464005876612471924e+11
2.454502085035458374e+11
2.445357043282040710e+11
2.435810957779991455e+11
2.426255046260166931e+11
2.417046052230915222e+11
2.407468108096296387e+11
2.398222981247330322e+11
2.388938056321402588e+11
2.379670990359978027e+11
2.370349818181505737e+11
2.361048010032321472e+11
2.351704423230933533e+11
2.342728234320686951e+11
2.333351345360580750e+11
2.324339740522781677e+11
2.314928463920299683e+11
2.305867933907030945e+11
2.296798488250713806e+11
2.287733440031683960e+11
2.278602937872169189e+11
2.269505832558302307e+11
2.260368423578374939e+11
2.251586100087964478e+11
2.242430611608580017e+11
2.233616957332766418e+11
2.224390361517695007e+11
2.215570234364770203e+11
2.206701461415510864e+11
2.197825608193328552e+11
2.188953322044374390e+11
2.180046762612703247e+11
2.171116614893669739e+11
2.162556140187441101e+11
2.153622402314596863e+11
2.145048929734725037e+11
2.136059407318883972e+11
2.127441121336443176e+11
2.118827718633586731e+11
2.110181139446611633e+11
2.101526404549365540e+11
2.092851213013549805e+11
2.084156732091146240e+11
2.075465636595406189e+11
2.067149538147184143e+11
2.058418090255782166e+11
2.050061847362730713e+11
2.041303251537218628e+11
2.032909344823884583e+11
2.024519117663622437e+11
2.016121845381124268e+11
2.007706114363612061e+11
1.999259422527267151e+11
1.990817314599802856e+11
1.982345041387383728e+11
1.974249304944141541e+11
1.965776935025169373e+11
1.957666768284955750e+11
1.949145398679007568e+11
1.941013789612033691e+11
1.932876148976294556e+11
1.924707549588573608e+11
1.916140338118485107e+11
1.908368384391673279e+11
1.900158954490313721e+11
1.891946741039040222e+11
1.883740014570693054e+11
1.875887996050492249e+11
1.867657876646026001e+11
1.859787580430161438e+11
1.851534810230893860e+11
1.843640958359947510e+11
1.835741507707720642e+11
1.827849828535766296e+11
1.819939281009535828e+11
1.812003729047402649e+11
1.804066182229291687e+11
1.796130800087609253e+11
1.788169508559945679e+11
1.780591556105266418e+11
1.772621307430548706e+11
1.765023686697483215e+11
1.757025215868411560e+11
1.749405387118577881e+11
1.741793188088284302e+11
1.734158587836872253e+11
1.726506826453269348e+11
1.718861905643465576e+11
1.711194023065897522e+11
1.703529685277400208e+11
1.695861827272793274e+11
1.688548106609985657e+11
1.680872434545021362e+11
1.673541411989697266e+11
1.665849138988088074e+11
1.658518958068081360e+11
1.651177044096792297e+11
1.643443824984200439e+11
1.636093183025549622e+11
1.628722191532938232e+11
1.621355259935181580e+11
1.613995187102669678e+11
1.606991304189486694e+11
1.599605077189080505e+11
1.592203830825433044e+11
1.585191349056161804e+11
1.577784749085036316e+11
1.570746081030445251e+11
1.563324972681108398e+11
1.556289408608030396e+11
1.549240888630613708e+11
1.542189272641167297e+11
1.535134645038284607e+11
1.528060629917218628e+11
1.520991105399429626e+11
1.513910092124276123e+11
1.506818224521594238e+11
1.500120623164072876e+11
1.493031810696910706e+11
1.485929471587567139e+11
1.479198151643588562e+11
1.472092442135765991e+11
1.465354868670521851e+11
1.458624492377000122e+11
1.451873999612404480e+11
1.445146874215505066e+11
1.438391574886775513e+11
1.431625281829996948e+11
1.424857528035474548e+11
1.418094434643886719e+11
1.411329888401192627e+11
1.404546768670006409e+11
1.398150771622532654e+11
1.391371092647059021e+11
1.384962308643857422e+11
1.378185326583408508e+11
1.371757423454062195e+11
1.365351026319669800e+11
1.358552529807142944e+11
1.352117594145773926e+11
1.345690121899478455e+11
1.339267144904600067e+11
1.332826797084997559e+11
1.326392240925702209e+11
1.320338771895810242e+11
1.313885523840670471e+11
1.307438056174975586e+11
1.301372160829777985e+11
1.294920270616440582e+11
1.288843660097565308e+11
1.282372715006516571e+11
1.276292065998765106e+11
1.270218203848155823e+11
1.263734836395013123e+11
1.257642953875433044e+11
1.251548184434875031e+11
1.245445881050115814e+11
1.239355354851096191e+11
1.233248733458504028e+11
1.227532421813169556e+11
1.221416763448310547e+11
1.215305910720516510e+11
1.209577879293890381e+11
1.203458048718382568e+11
1.197727912287746429e+11
1.191597953072732391e+11
1.185872331384508209e+11
1.180130834291357727e+11
1.173996893504971924e+11
1.168239899000342407e+11
1.162501563722454071e+11
1.156749306187327576e+11
1.150988369936484222e+11
1.145234324608247375e+11
1.139484857019546051e+11
1.133720749284950562e+11
1.128340594418155212e+11
1.122574557876652527e+11
1.116807102353475800e+11
1.111432114526845703e+11
1.105655937266721802e+11
1.100265855315279083e+11
1.094892397977766113e+11
1.089113813690681610e+11
1.083714286352880096e+11
1.078325692612498932e+11
1.072924114966025848e+11
1.067526951899017181e+11
1.062130485095808563e+11
1.056732944763635101e+11
1.051321232989756927e+11
1.045921594072982635e+11
1.040508718783006744e+11
1.035488132286680145e+11
1.030090340362330627e+11
1.024670051089042816e+11
1.019652859201328430e+11
1.014623417668358765e+11
1.009200780325633698e+11
1.004175600712971954e+11
9.987505735081178284e+10
9.937244782378129578e+10
9.886915437564706421e+10
9.836523542531134033e+10
9.786124373210874939e+10
9.735893522715353394e+10
9.685482917051493835e+10
9.635059250164645386e+10
9.584533922719866943e+10
9.538095397758439636e+10
9.487614391704869080e+10
9.437222110972892761e+10
9.390663219420306396e+10
9.340148868646609497e+10
9.293582295840885925e+10
9.242950837635981750e+10
9.196425007082101440e+10
9.149840528058908081e+10
9.099255572270936584e+10
9.052550397736920166e+10
9.005905876678897095e+10
8.959247584381103516e+10
8.912584056004190063e+10
8.865818131969276428e+10
8.819200882270704651e+10
8.772427951143301392e+10
8.725644728533351135e+10
8.679013242915629578e+10
8.636166204591304016e+10
8.589328562852084351e+10
8.546532142406419373e+10
8.499777225542524719e+10
8.456971075017813110e+10
8.410113741860104370e+10
8.367205105331018066e+10
8.320440238713995361e+10
8.277515578254154968e+10
8.234642216302395630e+10
8.191719885565754700e+10
8.148692134866725159e+10
8.101864147221606445e+10
8.058886169565014648e+10
8.015993298846626282e+10
7.976947309133480835e+10
7.933957720290713501e+10
7.891008193367396545e+10
7.848045226617097473e+10
7.804955510309788513e+10
7.765898959566023254e+10
7.722933510570434570e+10
7.683868397613514709e+10
7.640753543507002258e+10
7.601725343593525696e+10
7.558652417394085693e+10
7.519518371940075684e+10
7.480379757092950439e+10
7.437382796424533081e+10
7.398241346493638611e+10
7.359097570175321960e+10
7.319942340460241699e+10
7.280737279049789429e+10
7.241608751027719116e+10
7.202433790579074097e+10
7.163214421095156860e+10
7.124085061934201050e+10
7.084899196592866516e+10
7.049639093240943909e+10
7.010476440296444702e+10
6.971220049482177734e+10
6.932005709035606384e+10
6.896777731445210266e+10
6.857535927630606842e+10
6.822240262539565277e+10
6.782987822393467712e+10
6.747687035586362457e+10
6.712457310479454041e+10
6.673219346169046783e+10
6.637880308805639648e+10
6.602577100202061462e+10
6.567275361196085358e+10
6.531957288670012665e+10
6.496548941950930786e+10
6.461214092385985565e+10
6.425902037552906799e+10
6.390562224413151550e+10
6.355241842712066650e+10
6.319900659095893097e+10
6.284487580181516266e+10
6.249145314791596222e+10
6.217741094923861694e+10
6.182375803478938293e+10
6.146957129747644043e+10
6.115556839893496704e+10
6.080205152388957214e+10
6.048694518621506500e+10
6.013337965128343964e+10
5.981932488267106628e+10
5.946492697162860107e+10
5.915080010834010315e+10
5.883558679440452576e+10
5.848185301496328735e+10
5.816695846410153198e+10
5.785274987585673523e+10
5.753748125025573730e+10
5.722319395861035919e+10
5.690823400927234650e+10
5.659372655728505707e+10
5.627874525834855652e+10
5.596411046887432861e+10
5.564906294776387024e+10
5.533438416842050934e+10
5.501937844203661346e+10
5.474380478620047760e+10
5.442907249315000153e+10
5.411401400625335693e+10
5.383826812167681885e+10
5.352363862759665680e+10
5.320829134704364014e+10
5.293256580684304810e+10
5.265741220594878387e+10
5.234236512741145325e+10
5.206660024127784729e+10
5.175117170571037292e+10
5.147553194981201172e+10
5.119964146409899139e+10
5.088447653124787903e+10
5.060880120529250336e+10
5.033283737539737701e+10
5.005719038544547272e+10
4.978121518921584320e+10
4.950551425323322296e+10
4.922979016529958344e+10
4.895377119356330872e+10
4.867799332617848206e+10
4.840222475574825287e+10
4.812645003764328003e+10
4.785010027187194061e+10
4.757433342281487274e+10
4.733782541234629822e+10
4.706144346110179138e+10
4.678561112024115753e+10
4.654930735588980865e+10
4.627294676721878052e+10
4.599656023495326233e+10
4.576056193295706940e+10
4.548416199244187164e+10
4.524789891567645264e+10
4.497147135418155670e+10
4.473461372333269501e+10
4.449827996868448639e+10
4.422186720431969452e+10
4.398577468501422882e+10
4.374895836880902100e+10
4.351214172077728271e+10
4.323569607945595551e+10
4.299883500787567902e+10
4.276221640444205475e+10
4.252537146473099518e+10
4.228851307426307678e+10
4.205163863243786621e+10
4.181504901917952728e+10
4.157822707018823242e+10
4.134139634931370544e+10
4.110477530637776947e+10
4.086793343207268524e+10
4.063060419585164642e+10
4.043357780866822815e+10
4.019668306182566071e+10
3.996002931152676392e+10
3.972313939917330933e+10
3.950957617661906433e+10
3.928878302256922150e+10
3.906729362982414246e+10
3.884627356908901215e+10
3.862500188627511597e+10
3.840795636397094727e+10
3.819086771738961029e+10
3.797749759847944641e+10
3.776039939102895355e+10
3.754707196631526184e+10
3.733748128930139923e+10
3.712437540452088165e+10
3.691501356076118469e+10
3.670545906504893494e+10
3.650044554446001434e+10
3.629480614995074463e+10
3.608937965200801849e+10
3.588408815060433197e+10
3.568245637188977814e+10
3.548099503238193512e+10
3.527933049269727325e+10
3.507788845693720245e+10
3.488057268151793671e+10
3.468307402943520355e+10
3.448931061921177673e+10
3.429180674177321243e+10
3.409808249457266617e+10
3.390433349907535172e+10
3.371475489706876755e+10
3.352497559892208099e+10
3.333538771475267410e+10
3.314557867067836380e+10
3.295597850806913757e+10
3.277012663492916489e+10
3.258412667078655243e+10
3.240227071912898254e+10
3.221663325547841263e+10
3.203478982757815170e+10
3.185308583963120651e+10
3.167519223367112732e+10
3.149315340156028366e+10
3.131521442729908752e+10
3.113750303994531631e+10
3.096356387509609985e+10
3.078944351506431961e+10
3.061153185685066986e+10
3.044173956214766312e+10
3.026745132126667023e+10
3.009762766669831848e+10
2.992760785198434830e+10
2.975744846956164551e+10
2.958745022391098785e+10
2.942125096140804672e+10
2.925523351470523834e+10
2.908904076112542343e+10
2.892301250202983856e+10
2.876076252148246384e+10
2.859868905852168655e+10
2.843643861911891556e+10
2.827435718496786118e+10
2.811608632587942123e+10
2.795797526003203201e+10
2.779969996782780457e+10
2.764172736819848633e+10
2.748329647171606827e+10
2.732897245757802200e+10
2.717478824762324142e+10
2.702047772490301132e+10
2.686600379347061157e+10
2.671595938548637390e+10
2.656542537235365295e+10
2.641506859339529800e+10
2.626502436610203171e+10
2.611848133184618378e+10
2.596810722175955582e+10
2.582154556575860977e+10
2.567544344688771057e+10
2.553284067145869827e+10
2.538644914345288849e+10
2.524401892163514709e+10
2.510143841798298264e+10
2.495898854640425873e+10
2.481669260979565430e+10
2.467820230188623047e+10
2.453970390344511795e+10
2.440106494484616470e+10
2.426257651625258636e+10
2.412394625033600235e+10
2.398942801661767960e+10
2.385489514171134949e+10
2.372023612232503510e+10
2.358598576921176910e+10
2.345132209101739120e+10
2.332072956941633224e+10
2.319016113691130829e+10
2.305946307801288986e+10
2.292889741301690674e+10
2.279818053108325195e+10
2.267157617360948181e+10
2.254099887482310486e+10
2.241425104444527054e+10
2.228763105952355194e+10
2.216484200950854111e+10
2.203822934416850662e+10
2.191557818674289703e+10
2.179278528880683899e+10
2.167012817429872894e+10
2.154722304271840286e+10
2.142444527668218994e+10
2.130574287019609070e+10
2.118295981496498108e+10
2.106425411068206787e+10
2.094555649514595032e+10
2.083068776938725281e+10
2.071198421081699753e+10
2.059700263959501266e+10
2.047817582433362198e+10
2.036342359660009384e+10
2.024868481360638428e+10
2.013777905590819931e+10
2.002303118972409821e+10
1.991199622346317291e+10
1.980109678600532150e+10
1.968634489301737976e+10
1.957940887238561249e+10
1.946860600621581268e+10
1.935781642839041138e+10
1.925065536405559158e+10
1.914381591354218674e+10
1.903302045353314590e+10
1.893003605255281067e+10
1.882298450604752731e+10
1.871615012873814011e+10
1.861316161475815582e+10
1.850632291619429398e+10
1.840323568324505615e+10
1.830025131961213684e+10
1.819735161279061508e+10
1.809823000300080872e+10
1.799523660642171097e+10
1.789632350315430069e+10
1.779342749603367996e+10
1.769419811187813950e+10
1.759527679510665894e+10
1.749635352882268524e+10
1.740107959484906387e+10
1.730215627050229263e+10
1.720719648156134415e+10
1.711193588440699959e+10
1.701298469195969391e+10
1.692198662176103210e+10
1.682672541835371017e+10
1.673175273846404648e+10
1.663677040247034836e+10
1.654547596953921318e+10
1.645446913394005585e+10
1.636326251639911842e+10
1.627214784758915138e+10
1.618112573810967445e+10
1.608992501069044495e+10
1.599890887082953453e+10
1.591175378439519691e+10
1.582451757940587997e+10
1.573349410187423706e+10
1.564616802933511353e+10
1.555910302875000381e+10
1.547204533915968704e+10
1.538868453838607979e+10
1.530161204437219048e+10
1.521833062083592987e+10
1.513117532769831085e+10
1.504790070864218140e+10
1.496480058842537117e+10
1.488161136298728180e+10
1.479832609356076431e+10
1.471917967337990189e+10
1.463590243415853119e+10
1.455667671053286552e+10
1.447337996058375549e+10
1.439423593341651535e+10
1.431484096132072067e+10
1.423569493931332970e+10
1.415637339265559387e+10
1.407722322652051163e+10
1.400195678037350845e+10
1.392263794595692253e+10
1.384744363082521057e+10
1.376804665651706886e+10
1.369284889475007057e+10
1.361749843259089088e+10
1.354229710150409698e+10
1.346686786273157310e+10
1.339563920294537735e+10
1.332028774250437164e+10
1.324485728616685677e+10
1.317361000877520943e+10
1.310222365825407219e+10
1.302701807954437447e+10
1.295554844287524986e+10
1.288430313102958298e+10
1.281291469230004501e+10
1.274564325912353134e+10
1.267417862599075508e+10
1.260293375924144554e+10
1.253550282169323349e+10
1.246815291349073029e+10
1.239676106987345314e+10
1.232933769178470612e+10
1.226203992302733612e+10
1.219454367998992729e+10
1.212725777226780319e+10
1.205983114254652023e+10
1.199650513426620865e+10
1.192900608682679176e+10
1.186554700862769508e+10
1.179824782699492836e+10
1.173478826615780449e+10
1.167138684171706772e+10
1.160791836507606316e+10
1.154445583744885635e+10
1.148112570861984825e+10
1.141758857806252670e+10
1.135425601644128036e+10
1.129079166891926956e+10
1.123129464705754662e+10
1.116795741504491425e+10
1.110838887312141609e+10
1.104901891199313927e+10
1.098952006436044884e+10
1.092604557605624390e+10
1.086660850937716293e+10
1.081107155020166969e+10
1.075157028714546204e+10
1.069219186047944450e+10
1.063262882084216118e+10
1.057721325365819740e+10
1.051770930735928726e+10
1.046216930003328133e+10
1.040278392355617905e+10
1.034718184231623268e+10
1.029164032994021225e+10
1.023622349777574348e+10
1.018068715035004425e+10
1.012509061878746033e+10
1.006966395912538528e+10
1.001412445736114502e+10
9.962554873547668457e+09
9.907129351976160049e+09
9.851531280422218323e+09
9.799956180598754883e+09
9.748493318866582870e+09
9.692950359473428726e+09
9.641377464346414566e+09
9.589860436476560593e+09
9.538282015527936935e+09
9.486708104947601318e+09
9.435242462546144485e+09
9.383668111129104614e+09
9.332037068414373398e+09
9.284528541422798157e+09
9.232951546053874969e+09
9.185340709495349884e+09
9.133814679452829361e+09
9.086207216210264206e+09
9.034622901010648727e+09
8.987015157893207550e+09
8.939509593741756439e+09
8.891847921498403549e+09
8.844238398465667725e+09
8.796724897441398621e+09
8.749113336225872040e+09
8.701501946588310242e+09
8.653934014238662720e+09
8.606316818009145737e+09
8.562673961717083931e+09
8.515060497811904907e+09
8.471516425035054207e+09
8.423852090786444664e+09
8.380203021864866257e+09
8.336655055285939217e+09
8.289038694564154625e+09
8.245388313212297440e+09
8.201789221601609230e+09
8.158133368604145050e+09
8.114487309397503853e+09
8.070839697389411926e+09
8.027283896125856400e+09
7.983635932719236374e+09
7.943907907446763992e+09
7.900350168736537933e+09
7.856699524677126884e+09
7.817020992887905121e+09
7.773369852780421257e+09
7.733730814340958595e+09
7.694050868148230553e+09
7.650394264740749359e+09
7.610713425276320457e+09
7.571120143724928856e+09
7.531389280721567154e+09
7.491706955678368568e+09
7.452110766760076523e+09
7.412427083743553162e+09
7.372743447237088203e+09
7.333012046787449837e+09
7.293407502979484558e+09
7.253722014782673836e+09
7.218005277074836731e+09
7.178319393085328102e+09
7.138711890485530853e+09
7.102955921230686188e+09
7.063268646265105247e+09
7.027553460902289391e+09
6.991918428107755661e+09
6.952224897927671432e+09
6.916508200808222771e+09
6.880751280383518219e+09
6.845113543347419739e+09
6.809395408825242043e+09
6.773669052906441689e+09
6.737950671852832794e+09
6.702308608709768295e+09
6.666550236419948578e+09
6.630830123911415100e+09
6.595106127636855125e+09
6.559461395642167091e+09
6.527713643846755981e+09
6.491953811518513680e+09
6.456231541491202354e+09
6.424548849899490356e+09
6.388825826022200584e+09
6.357071910767497063e+09
6.325320968638736725e+09
6.289633390480468750e+09
6.257878265142798424e+09
6.226126093451636314e+09
6.190400719764031410e+09
6.158719029065751076e+09
6.126966256242090225e+09
6.095177659604417801e+09
6.063420043510041237e+09
6.031666409065195084e+09
5.999981747826899529e+09
5.968222793687572479e+09
5.936432557169185638e+09
5.908650890692071915e+09
5.876959498258988380e+09
5.845202803614202499e+09
5.813446216010043144e+09
5.785662607870664597e+09
5.753938030848434448e+09
5.726150586863928795e+09
5.694392463093208313e+09
5.666607434728614807e+09
5.634848334711590767e+09
5.607121306518815994e+09
5.579299689463665009e+09
5.547539736977580070e+09
5.519753011491747856e+09
5.492029282399282455e+09
5.464241623625436783e+09
5.436453946754689217e+09
5.404657485145956993e+09
5.376931517350636482e+09
5.349142494417549133e+09
5.321353470093028069e+09
5.293564175965687752e+09
5.269772447603411674e+09
5.241982299867867470e+09
5.214192302934114456e+09
5.186401316466498375e+09
5.158610001651943207e+09
5.134849722080398560e+09
5.107028117303121567e+09
5.079235872685878754e+09
5.055417553496665001e+09
5.027683325797144890e+09
5.003864525362216949e+09
4.976039445376953125e+09
4.952216788827061653e+09
4.924477248423547745e+09
4.900656961678858757e+09
4.876837040545168877e+09
4.849010486448111534e+09
4.825245924411476135e+09
4.801425053160937309e+09
4.777603547401535988e+09
4.753781864018612862e+09
4.726037026032929420e+09
4.702186836123777390e+09
4.678364508342957497e+09
4.654538881054124832e+09
4.630769241659132004e+09
4.606945487688776970e+09
4.583092497623165131e+09
4.559268692213094711e+09
4.539419325389364243e+09
4.515647158650049210e+09
4.491821795797361374e+09
4.467993690468668938e+09
4.444142170409209251e+09
4.424342878548936844e+09
4.400516840271060944e+09
4.376688006325392723e+09
4.356836541465428352e+09
4.333031498399518967e+09
4.313176570164436340e+09
4.289349163073764801e+09
4.269496809309144497e+09
4.245717667383491039e+09
4.225837571193572998e+09
4.202009008619920254e+09
4.182155609320659637e+09
4.162349568958409309e+09
4.138519924113152981e+09
4.118641342609194756e+09
4.098782137865970135e+09
4.078927483959789753e+09
4.055143612692119598e+09
4.035288277247699261e+09
4.015409365328561783e+09
3.995551678460228920e+09
3.975741224942926884e+09
3.955487040026578426e+09
3.935630207791829586e+09
3.915773424587843895e+09
3.896336313286040306e+09
3.876476781634497166e+09
3.857014568721514225e+09
3.837554391199914455e+09
3.818535459471686840e+09
3.799052283917400837e+09
3.779989208655975342e+09
3.760921288468033791e+09
3.742298114332084179e+09
3.723631781500648022e+09
3.704943189824069500e+09
3.686276275852207184e+09
3.667649387810300350e+09
3.649379541349973202e+09
3.631108994795973301e+09
3.612815577444855213e+09
3.594943081780251026e+09
3.576713570220665932e+09
3.559235709635039806e+09
3.541362200373482227e+09
3.523467934116601944e+09
3.506032177098542690e+09
3.488555810862692833e+09
3.471078736244595528e+09
3.453997389693739891e+09
3.436539869044470310e+09
3.419460011823623180e+09
3.402380223763785839e+09
3.385695329894506454e+09
3.368653861117088318e+09
3.351970678379491329e+09
3.335266011074486732e+09
3.318980312283489227e+09
3.302296709942166805e+09
3.286048369556862831e+09
3.269759999153062344e+09
3.253454675116286755e+09
3.237166038577960968e+09
3.221314049236239433e+09
3.205424244982942581e+09
3.189534709230243206e+09
3.173626077887280941e+09
3.158168591741684437e+09
3.142673867748414993e+09
3.126783540972361565e+09
3.111688213181554317e+09
3.096212949511907578e+09
3.080719440163349152e+09
3.065623565999184132e+09
3.050525478804592133e+09
3.035464293872394562e+09
3.020748085674394608e+09
3.005651184215333462e+09
2.990952112069301605e+09
2.976252814846666336e+09
2.961584321440994740e+09
2.947265150784621239e+09
2.932565329202381134e+09
2.918263271439267635e+09
2.903994163382388115e+09
2.889691432183719158e+09
2.875370111064193249e+09
2.861465084411531925e+09
2.847592587585285664e+09
2.833289097156108379e+09
2.819383416072794914e+09
2.805857219628022671e+09
2.791951312249526024e+09
2.778473325533420563e+09
2.764964530212574482e+09
2.751454195496640682e+09
2.737945299257859230e+09
2.724420202347491741e+09
2.711339826905145645e+09
2.698228043805344582e+09
2.684716532746133804e+09
2.671604613823378563e+09
2.658905575999145985e+09
2.645793079229573250e+09
2.633078274821018696e+09
2.620363492311841488e+09
2.607648364249018192e+09
2.594961717219212532e+09
2.582231352559822083e+09
2.569515711172488213e+09
2.557196172086815357e+09
2.544878287293883324e+09
2.532589488703726292e+09
2.520270839866482258e+09
2.507937813906658649e+09
2.496017102616657734e+09
2.483696807021120548e+09
2.471775697733908176e+09
2.459882997341725826e+09
2.447961554848820210e+09
2.436025697313466549e+09
2.424501983033660412e+09
2.412580256661479950e+09
2.401083844084752083e+09
2.389558024361811638e+09
2.378033654299763203e+09
2.366509152047820091e+09
2.354970832564933300e+09
2.343842457922922611e+09
2.332344549579060555e+09
2.321217339839087486e+09
2.310089854166801929e+09
2.298960887752371311e+09
2.287833170382426739e+09
2.277090100980850220e+09
2.265960998214506149e+09
2.255257004318064690e+09
2.244526320205663681e+09
2.233795816206248283e+09
2.223065320840990067e+09
2.212334702402383327e+09
2.202001865094451427e+09
2.191270808977573872e+09
2.180950225220443249e+09
2.170217796244760036e+09
2.159884301236230850e+09
2.149550815076455593e+09
2.139613707707711220e+09
2.129279970487260818e+09
2.118946138052726269e+09
2.109034446841364861e+09
2.099098193591737747e+09
2.088763741281174183e+09
2.078815180386634111e+09
2.069276579304614067e+09
2.059339809040889502e+09
2.049403045098943949e+09
2.039864111818184137e+09
2.029925785204336405e+09
2.020386637138080835e+09
2.010847378572959900e+09
2.001308011714862585e+09
1.991768535458230734e+09
1.982228949803065062e+09
1.973087062930238485e+09
1.963569903573122025e+09
1.954427862824733257e+09
1.945285717675760031e+09
1.935745482357785463e+09
1.926603001934647083e+09
1.917858498482549667e+09
1.908715776050751209e+09
1.899573096642426968e+09
1.890828309379045248e+09
1.881663715371281862e+09
1.872918814560689211e+09
1.864173813468106985e+09
1.855428818598097086e+09
1.846683581195670366e+09
1.837938298773684263e+09
1.829192896123078108e+09
1.820845497800045729e+09
1.812099896356711864e+09
1.803752208178590775e+09
1.795006408402002573e+09
1.786668895283502340e+09
1.778320721988923788e+09
1.769972610474887371e+09
1.761624382422010899e+09
1.753276059605659485e+09
1.745305532447181940e+09
1.736957172839584351e+09
1.729006693671863317e+09
1.721056221439296484e+09
1.712717471162265778e+09
1.704766628108266115e+09
1.696797247063724518e+09
1.688846339220754623e+09
1.680895340212341070e+09
1.673342285786765814e+09
1.665391116387684584e+09
1.657847517058335304e+09
1.649877082078866243e+09
1.642323823780908108e+09
1.634770468454356432e+09
1.627226379844031811e+09
1.619654031490005255e+09
1.612100365309466124e+09
1.604547537692708492e+09
1.596994724494961500e+09
1.589829752400799751e+09
1.582275968213853836e+09
1.575119974051334858e+09
1.567556850597461700e+09
1.560400720486320734e+09
1.553244616443546057e+09
1.546071577086900473e+09
1.538924233386271000e+09
1.531767788542615414e+09
1.524593716184957981e+09
1.517844097063560247e+09
1.510687480071679354e+09
1.503514506412931204e+09
1.496755954176362753e+09
1.490006758930688381e+09
1.482832746967136621e+09
1.476074181308016777e+09
1.469324667897636890e+09
1.462548892020013809e+09
1.455789853068935394e+09
1.449039170509800911e+09
1.442662403677681923e+09
1.435904094745620489e+09
1.429542842451034307e+09
1.422775485038607359e+09
1.416414993665648460e+09
1.409656391698242664e+09
1.403287041405714989e+09
1.396926338528887987e+09
1.390564921272223711e+09
1.384187444372390747e+09
1.377834573456923246e+09
1.371473044905472994e+09
1.365095433788908958e+09
1.359134203916046858e+09
1.352772465926616430e+09
1.346809435784592628e+09
1.340439836829541922e+09
1.334475905275056362e+09
1.328512752100940704e+09
1.322548753464093208e+09
1.316187849555796385e+09
1.310223777281894684e+09
1.304261010353986263e+09
1.298296784380109787e+09
1.292723749900794983e+09
1.286760084716000080e+09
1.280796487351515055e+09
1.275230002077570200e+09
1.269258762848137140e+09
1.263693064842921734e+09
1.257744241229201555e+09
1.252171061350577116e+09
1.246604964433454275e+09
1.241045396509585142e+09
1.235081039596927881e+09
1.229522502764412642e+09
1.224361431644545794e+09
1.218787950234799385e+09
1.213228851566912413e+09
1.207668576723524332e+09
1.202108736541933775e+09
1.196947086160851717e+09
1.191388432658465385e+09
1.186219542176786184e+09
1.180658564041481495e+09
1.175503765415499687e+09
1.170341477800495625e+09
1.165186320847054482e+09
1.159632154817023516e+09
1.154463245214479685e+09
1.149306946308680773e+09
1.144151004581790924e+09
1.139001479628633261e+09
1.134236301951918364e+09
1.129079943106334925e+09
1.123929830881257534e+09
1.118765955581643581e+09
1.114013696907866955e+09
1.108862257268831491e+09
1.104109534112514973e+09
1.098951862636321068e+09
1.094211186347208023e+09
1.089463396307534218e+09
1.084704072876408577e+09
1.079955626646013737e+09
1.074803011164664030e+09
1.070067121807205439e+09
1.065312347843266010e+09
1.060569418186505795e+09
1.056224003704459071e+09
1.051480573951641798e+09
1.046730048801995277e+09
1.041979859346327782e+09
1.037645779872625113e+09
1.032900276213635802e+09
1.028558827187075496e+09
1.023818651777187467e+09
1.019482281306674480e+09
1.014746866416063786e+09
1.010409705783627272e+09
1.006065790493081212e+09
1.001738630924676299e+09
9.973948896644786596e+08
9.926624345736527443e+08
9.883396365721822977e+08
9.839978393321646452e+08
9.800725101417115927e+08
9.757410880742461681e+08
9.714098502177264690e+08
9.670823464739503860e+08
9.627493476427872181e+08
9.588194683206143379e+08
9.545018752121889591e+08
9.505703721237641573e+08
9.462508127427529097e+08
9.423225629319458008e+08
9.379962276317743063e+08
9.340780135102381706e+08
9.297594671184904575e+08
9.258391917375715971e+08
9.219136157196050882e+08
9.180020894193351269e+08
9.140739970777648687e+08
9.101669062802491188e+08
9.062421463172159195e+08
9.023225962845584154e+08
8.984069123160908222e+08
8.944956449830991030e+08
8.905785871312855482e+08
8.866606703768767118e+08
8.827467385659260750e+08
8.792257873510949612e+08
8.753104364538886547e+08
8.717942969388946295e+08
8.678868509764852524e+08
8.643688235967072248e+08
8.604603453072166443e+08
8.569448243288464546e+08
8.530298601099501848e+08
8.495138692071527243e+08
8.459962326350106001e+08
8.424885368891062737e+08
8.385792704390085936e+08
8.350550381199580431e+08
8.315493757949593067e+08
8.280333348404061794e+08
8.245170674606436491e+08
8.210080958648397923e+08
8.174996379066439867e+08
8.139847624672677517e+08
8.108697716406974792e+08
8.073534351062045097e+08
8.038367515374585390e+08
8.003280564818916321e+08
7.972193527787079811e+08
7.937047592658671141e+08
7.905895741359525919e+08
7.870779877259194851e+08
7.839702845220822096e+08
7.804479848514683247e+08
7.773386367865052223e+08
7.742285060208783150e+08
7.707122595034580231e+08
7.675964993857173920e+08
7.644879376837182045e+08
7.613710418255677223e+08
7.582607286998093128e+08
7.551456671802498102e+08
7.520342010676858425e+08
7.489179710880147219e+08
7.458000929677323103e+08
7.426907764302005768e+08
7.395713870928859711e+08
7.364599126359984875e+08
7.337443248728275299e+08
7.306316518035995960e+08
7.275131229958187342e+08
7.248035409979181290e+08
7.216837249634956121e+08
7.189725252447572947e+08
7.158592587573021650e+08
7.131428197985967398e+08
7.100269763105999231e+08
7.073089180130529404e+08
7.045976965550248623e+08
7.014752533253847361e+08
6.987628136279842854e+08
6.960446979557911158e+08
6.933302085819569826e+08
6.906187785231733322e+08
6.878986939619241953e+08
6.851851884795893431e+08
6.824708610277497768e+08
6.797517410421206951e+08
6.770395329996339083e+08
6.743264513710784912e+08
6.720150805680235624e+08
6.692998828895490170e+08
6.665799956101839542e+08
6.638634401341271400e+08
6.615480675747339725e+08
6.588182375462638140e+08
6.564989657568428516e+08
6.541697982260242701e+08
6.513446228926600218e+08
6.489262641442961693e+08
6.465079053959323168e+08
6.440895466475688219e+08
6.416711878992050886e+08
6.392528291508412361e+08
6.368344704024771452e+08
6.344161116541128159e+08
6.319977529057493210e+08
6.295793941573853493e+08
6.271610354090213776e+08
6.247426766606575251e+08
6.223243179122941494e+08
6.203090189553242922e+08
6.178906602069603205e+08
6.154723014585961103e+08
6.130539427102326155e+08
6.106355839618687630e+08
6.082172252135049105e+08
6.057988664651407003e+08
6.037835675081710815e+08
6.013652087598074675e+08
5.989468500114436150e+08
5.965284912630798817e+08
5.945131923061100245e+08
5.920948335577460527e+08
5.896764748093822002e+08
5.876611758524122238e+08
5.852428171040483713e+08
5.828244583556846380e+08
5.808091593987147808e+08
5.783908006503510475e+08
5.759724419019869566e+08
5.739571429450170994e+08
5.715387841966534853e+08
5.695234852396837473e+08
5.671051264913195372e+08
5.646867677429556847e+08
5.626714687859860659e+08
5.602531100376224518e+08
5.582378110806523561e+08
5.558194523322887421e+08
5.538041533753187656e+08
5.513857946269549131e+08
5.493704956699851751e+08
5.473551967130151987e+08
5.449368379646514654e+08
5.429215390076813698e+08
5.405031802593176365e+08
5.384878813023475409e+08
5.364725823453776240e+08
5.340542235970138311e+08
5.320389246400440931e+08
5.300236256830741167e+08
5.276052669347102046e+08
5.255899679777404070e+08
5.235746690207704902e+08
5.215593700638006330e+08
5.191410113154369593e+08
5.171257123584671021e+08
5.151104134014971256e+08
5.130951144445275068e+08
5.106767556961634159e+08
5.086614567391934991e+08
5.066461577822237015e+08
5.046308588252539039e+08
5.026155598682841063e+08
5.006002609113141894e+08
4.985849619543442130e+08
4.961666032059804201e+08
4.941513042490105629e+08
4.921360052920407653e+08
4.901207063350707889e+08
4.881054073781009316e+08
4.860901084211311936e+08
4.840748094641613960e+08
4.820595105071913004e+08
4.800442115502215028e+08
4.780289125932517052e+08
4.760136136362818480e+08
4.739983146793119907e+08
4.719830157223420143e+08
4.699677167653724551e+08
4.679524178084022403e+08
4.663401786428265572e+08
4.643248796858565807e+08
4.623095807288867235e+08
4.602942817719169855e+08
4.582789828149471283e+08
4.562636838579772115e+08
4.542483849010072351e+08
4.526361457354312539e+08
4.506208467784616351e+08
4.486055478214915991e+08
4.465902488645219207e+08
4.445749499075519443e+08
4.429627107419759631e+08
4.409474117850061655e+08
4.389321128280363083e+08
4.373198736624605656e+08
4.353045747054906487e+08
4.332892757485206723e+08
4.312739767915508151e+08
4.296617376259751916e+08
4.276464386690052748e+08
4.260341995034291744e+08
4.240189005464591980e+08
4.220036015894893408e+08
4.203913624239136577e+08
4.183760634669436812e+08
4.167638243013678789e+08
4.147485253443980813e+08
4.127332263874280453e+08
4.111209872218520641e+08
4.091056882648823261e+08
4.074934490993063450e+08
4.054781501423364878e+08
4.038659109767606854e+08
4.020118359363482594e+08
4.001980668750755191e+08
3.984246037929423451e+08
3.966108347316691279e+08
3.948373716495357752e+08
3.930639085674021840e+08
3.912904454852689505e+08
3.895169824031353593e+08
3.877435193210018277e+08
3.859700562388683558e+08
3.842368991358742118e+08
3.824634360537407994e+08
3.807302789507467151e+08
3.789971218477525115e+08
3.772639647447584867e+08
3.755308076417645216e+08
3.737976505387704372e+08
3.720644934357762933e+08
3.703716423119214177e+08
3.686384852089274526e+08
3.669456340850726962e+08
3.652527829612182975e+08
3.635196258582240939e+08
3.618267747343693972e+08
3.601742295896540284e+08
3.584813784657996297e+08
3.567885273419446349e+08
3.551359821972295046e+08
3.534431310733745694e+08
3.517905859286593795e+08
3.501380407839442492e+08
3.484451896600894332e+08
3.467926445153741837e+08
3.451804053497982621e+08
3.435278602050830722e+08
3.418753150603677034e+08
3.402630758947917223e+08
3.386105307500765920e+08
3.369982915845007896e+08
3.353860524189246893e+08
3.337738132533488870e+08
3.321615740877729654e+08
3.305493349221971035e+08
3.289370957566212416e+08
3.273248565910451412e+08
3.257529234046087861e+08
3.241809902181723714e+08
3.225687510525964499e+08
3.209968178661598563e+08
3.194248846797235608e+08
3.178529514932869673e+08
3.162810183068504333e+08
3.147090851204137802e+08
3.131774579131167531e+08
3.116055247266804576e+08
3.100738975193832517e+08
3.085422703120862246e+08
3.069703371256496310e+08
3.054387099183527231e+08
3.039070827110554576e+08
3.023754555037583709e+08
3.008841342756006718e+08
2.993525070683035851e+08
2.978208798610064387e+08
2.963295586328487396e+08
2.947979314255517721e+08
2.933066101973941326e+08
2.918152889692363143e+08
2.903239677410786748e+08
2.888326465129209161e+08
2.873413252847629786e+08
2.858903100357447863e+08
2.843989888075871468e+08
2.829479735585688353e+08
2.814566523304110765e+08
2.800056370813927650e+08
2.785546218323745728e+08
2.771036065833562613e+08
2.756525913343378305e+08
2.742015760853195786e+08
2.727505608363013268e+08
2.713398515664225221e+08
2.698888363174041510e+08
2.684781270475252271e+08
2.670271117985069156e+08
2.656164025286280811e+08
2.642056932587491572e+08
2.627949839888702035e+08
2.613842747189912796e+08
2.600138714282518625e+08
2.586031621583729684e+08
2.571924528884940743e+08
2.558220495977545381e+08
2.544113403278756142e+08
2.530409370371361971e+08
2.516705337463965416e+08
2.503001304556570947e+08
2.489297271649175584e+08
2.475593238741779923e+08
2.461889205834385753e+08
2.448185172926991284e+08
2.434884199810988605e+08
2.421180166903594732e+08
2.407879193787594140e+08
2.394578220671590865e+08
2.381277247555591762e+08
2.367976274439590275e+08
2.354675301323588789e+08
2.341374328207588196e+08
2.328073355091586411e+08
2.314772381975586116e+08
2.301874468650977910e+08
2.288573495534977317e+08
2.275675582210370004e+08
2.262777668885763884e+08
2.249476695769761801e+08
2.236578782445154488e+08
2.223680869120548368e+08
2.210782955795940757e+08
2.198288102262727618e+08
2.185390188938120306e+08
2.172492275613512993e+08
2.159997422080298960e+08
2.147502568547087312e+08
2.134604655222479701e+08
2.122109801689266562e+08
2.109614948156053722e+08
2.097120094622840285e+08
2.084625241089627445e+08
2.072130387556413412e+08
2.060038593814594448e+08
2.047543740281381905e+08
2.035048886748167574e+08
2.022957093006349206e+08
2.010865299264530241e+08
1.998370445731316805e+08
1.986278651989497244e+08
1.974186858247678876e+08
1.962095064505859017e+08
1.950003270764040351e+08
1.938314536813615263e+08
1.926222743071795702e+08
1.914534009121370316e+08
1.902442215379551351e+08
1.890753481429126561e+08
1.878661687687308192e+08
1.866972953736881912e+08
1.855284219786456823e+08
1.843595485836032033e+08
1.831906751885605752e+08
1.820621077726575136e+08
1.808932343776150346e+08
1.797243609825723767e+08
1.785957935666693747e+08
1.774269201716267765e+08
1.762983527557237446e+08
1.751697853398205638e+08
1.740009119447780252e+08
1.728723445288749039e+08
1.717437771129718125e+08
1.706555156762081683e+08
1.695269482603049278e+08
1.683983808444018066e+08
1.672698134284987152e+08
1.661815519917349517e+08
1.650932905549712777e+08
1.639647231390680969e+08
1.628764617023043931e+08
1.617882002655406296e+08
1.606999388287769258e+08
1.596116773920132518e+08
1.585234159552494884e+08
1.574351545184857547e+08
1.563871990608613491e+08
1.552989376240977347e+08
1.542509821664734185e+08
1.531627207297097147e+08
1.521147652720852792e+08
1.510668098144610524e+08
1.500188543568367064e+08
1.489305929200729728e+08
1.478826374624485672e+08
1.468749879839636087e+08
1.458270325263393223e+08
1.447790770687150359e+08
1.437714275902300477e+08
1.427234721326057911e+08
1.417158226541207731e+08
1.406678671964965165e+08
1.396602177180114686e+08
1.386525682395266294e+08
1.376449187610416710e+08
1.366372692825567424e+08
1.356296198040718138e+08
1.346219703255868852e+08
1.336143208471019864e+08
1.326469773477564603e+08
1.316393278692715168e+08
1.306719843699259311e+08
1.297046408705804497e+08
1.286969913920955062e+08
1.277296478927499503e+08
1.267623043934044391e+08
1.257949608940588981e+08
1.248276173947133720e+08
1.238602738953678459e+08
1.229332363751616776e+08
1.219658928758161813e+08
1.209985493764706403e+08
1.200715118562645018e+08
1.191041683569189459e+08
1.181771308367128223e+08
1.172500933165066242e+08
1.163230557963005453e+08
1.153960182760944366e+08
1.144689807558882236e+08
1.135419432356821299e+08
1.126149057154759765e+08
1.116878681952698380e+08
1.108011366542031616e+08
1.098740991339969933e+08
1.089873675929302424e+08
1.081006360518635213e+08
1.071735985316573679e+08
1.062868669905905873e+08
1.054001354495238513e+08
1.045134039084571153e+08
1.036266723673904240e+08
1.027399408263236731e+08
1.018935152643962950e+08
1.010067837233295739e+08
1.001200521822628230e+08
9.927362662033553421e+07
9.838689507926873863e+07
9.754046951734144986e+07
9.669404395541413128e+07
9.584761839348670840e+07
9.500119283155934513e+07
9.415476726963204145e+07
9.330834170770469308e+07
9.246191614577734470e+07
9.161549058385002613e+07
9.080937100106206536e+07
8.996294543913476169e+07
8.915682585634678602e+07
8.831040029441937804e+07
8.750428071163152158e+07
8.669816112884354591e+07
8.585173556691621244e+07
8.504561598412828147e+07
8.423949640134029090e+07
8.347368279769177735e+07
8.266756321490380168e+07
8.186144363211590052e+07
8.105532404932789505e+07
8.028951044567935169e+07
7.948339086289146543e+07
7.871757725924287736e+07
7.795176365559433401e+07
7.718595005194577575e+07
7.642013644829723239e+07
7.565432284464870393e+07
7.488850924100008607e+07
7.412269563735157251e+07
7.335688203370304406e+07
7.259106843005448580e+07
7.186556080554533005e+07
7.109974720189678669e+07
7.037423957738764584e+07
6.960842597373908758e+07
6.888291834922994673e+07
6.815741072472083569e+07
6.743190310021165013e+07
6.670639547570247948e+07
6.598088785119330883e+07
6.525538022668419778e+07
6.452987260217503458e+07
6.380436497766588628e+07
6.311916333229612559e+07
6.239365570778699219e+07
6.170845406241725385e+07
6.102325241704748571e+07
6.029774479253834486e+07
5.961254314716856927e+07
5.892734150179883093e+07
5.824213985642904788e+07
5.755693821105928719e+07
5.687173656568955630e+07
5.622684089945922047e+07
5.554163925408944488e+07
5.485643760871970654e+07
5.421154194248934090e+07
5.352634029711958021e+07
5.288144463088922203e+07
5.223654896465886384e+07
5.159165329842850566e+07
5.090645165305875987e+07
5.026155598682840914e+07
4.965696629973743111e+07
4.901207063350709528e+07
4.836717496727672964e+07
4.772227930104637146e+07
4.711768961395542324e+07
4.647279394772506505e+07
4.586820426063408703e+07
4.526361457354315370e+07
4.461871890731278807e+07
4.401412922022183239e+07
4.340953953313087672e+07
4.280494984603990614e+07
4.220036015894894302e+07
4.159577047185797244e+07
4.103148676390642673e+07
4.042689707681548595e+07
3.984246037929420173e+07
3.925802368177293986e+07
3.867761758216562867e+07
3.810124208047225326e+07
3.752889717669281363e+07
3.696058287082728744e+07
3.639226856496179849e+07
3.583201545492418855e+07
3.527176234488656372e+07
3.471553983276287466e+07
3.416334791855312139e+07
3.361518660225734115e+07
3.307105588387546316e+07
3.253095576340753958e+07
3.199085564293961227e+07
3.145881671829956770e+07
3.093080839157347381e+07
3.040280006484737620e+07
2.987882233603519946e+07
2.935887520513697341e+07
2.883892807423874363e+07
2.832704213916840777e+07
2.781918680201200768e+07
2.731133146485559642e+07
2.680750672561313957e+07
2.631174318219853565e+07
2.581597963878395036e+07
2.532424669328330830e+07
2.483654434569659457e+07
2.435287259602382779e+07
2.386920084635107964e+07
2.339359029250618443e+07
2.291797973866129667e+07
2.245043038064428791e+07
2.198691162054121122e+07
2.152339286043814197e+07
2.106390469824901596e+07
2.060844713397382572e+07
2.015702016761257499e+07
1.970962379916526005e+07
1.926625802863189206e+07
1.882692285601246357e+07
1.838758768339304253e+07
1.795631370660149679e+07
1.752907032772386819e+07
1.710182694884628057e+07
1.668264476579653285e+07
1.626346258274680749e+07
1.585234159552494623e+07
1.544122060830309987e+07
1.503816081690912507e+07
1.463510102551515028e+07
1.423607183203511685e+07
1.384107323646902852e+07
1.345413583673081547e+07
1.306719843699259683e+07
1.268429163516832888e+07
1.230944602917193063e+07
1.193460042317553982e+07
1.156378541509307362e+07
1.120103160283850133e+07
1.083827779058392718e+07
1.048358517415723577e+07
1.012889255773054250e+07
9.782261137131720781e+06
9.435629716532900929e+06
9.097059491761963814e+06
8.766550462818903849e+06
8.436041433875847608e+06
8.109563002846731804e+06
7.791145767645494081e+06
7.476759130358196795e+06
7.166403090984836221e+06
6.860077649525413290e+06
6.561813403893878683e+06
6.267579756176276132e+06
5.981407304286557250e+06
5.699265450310776010e+06
5.425184792162874714e+06
5.155134731928911060e+06
4.889115269608890638e+06
4.635187601030686870e+06
4.381259932452483103e+06
4.139424057616100647e+06
3.901618780693655834e+06
3.670262460433514323e+06
3.445355096835679375e+06
3.226896689900146332e+06
3.014484179835523013e+06
