2.501947559315083313e+11
2.502223948893289185e+11
2.502638533260598450e+11
2.501459010892875366e+11
2.502149525719489746e+11
2.501244923749491577e+11
2.502072990598747864e+11
2.501373706601130371e+11
2.502408101484349670e+11
2.501913584516433716e+11
2.503154031962275696e+11
2.502863731081379089e+11
2.502640415648091125e+11
2.502552723938062439e+11
2.502531650380521240e+11
2.502577057239798584e+11
2.502757445055873108e+11
2.503072538357406006e+11
2.503453515221184998e+11
2.503900237911541138e+11
2.504481023320894775e+11
2.503445893847434692e+11
2.504155691667876587e+11
2.504998817617075500e+11
2.504288606589621887e+11
2.505259413505098572e+11
2.504672751373816528e+11
2.504214458887163086e+11
2.505510184248646240e+11
2.505173604182562256e+11
2.504964200051964417e+11
2.506514277284421387e+11
2.506424840922569580e+11
2.506461386787063599e+11
2.506555965280602722e+11
2.506775607762684631e+11
2.506985333276512756e+11
2.507319388188643799e+11
2.507777221556396484e+11
2.506504084844826355e+11
2.507071555806060181e+11
2.507761427866213379e+11
2.508439913777630310e+11
2.507508361528161621e+11
2.508360210736472473e+11
2.507528700495461426e+11
2.508552076525064392e+11
2.507885022674274292e+11
2.509012067751650391e+11
2.508441612517562256e+11
2.507982906823898621e+11
2.509261277490935974e+11
2.508896553436240234e+11
2.508576455738690491e+11
2.508300571191275024e+11
2.509904778542121582e+11
2.509719569977589417e+11
2.509642162530935669e+11
2.509607085846924438e+11
2.509613926718544006e+11
2.509662271938785095e+11
2.509751708300635986e+11
2.509881822597088013e+11
2.510052201621127930e+11
2.508520259585248108e+11
2.508765704549548340e+11
2.509050128708515930e+11
2.509436477263432922e+11
2.507974826331246643e+11
2.508432338315768433e+11
2.508863955994292908e+11
2.507496791731864624e+11
2.508059901063541565e+11
2.508596289675199280e+11
2.507319204541083374e+11
2.507983916885480042e+11
2.506762844257246094e+11
2.507429668548585815e+11
2.506262771950632019e+11
2.505058411250382080e+11
2.505816095172165527e+11
2.504724448162032776e+11
2.505480892462783813e+11
2.504377721568243408e+11
2.503296221085814514e+11
2.502235840072816467e+11
2.503042144686181030e+11
2.502027583739470825e+11
2.500972620329501343e+11
2.499936985825250244e+11
2.500787228117409668e+11
2.499793970287689819e+11
2.498759208109349976e+11
2.497741984273015747e+11
2.496682888792939453e+11
2.495640597064629517e+11
2.494614558145402222e+11
2.495509334970926208e+11
2.494461579727697144e+11
2.493428837672520142e+11
2.492352754793119507e+11
2.491290950511530457e+11
2.490185438110596313e+11
2.489093469717232361e+11
2.488014494388757629e+11
2.486891076350697327e+11
2.485779916787285767e+11
2.484623947219167786e+11
2.483423167646343384e+11
2.482233728310366211e+11
2.481055078268554382e+11
2.479830883631797180e+11
2.476569991639757385e+11
2.475304200830597534e+11
2.473992498131370850e+11
2.472689885986378174e+11
2.471340994656196289e+11
2.470000459290007324e+11
2.468558825941889648e+11
2.467179449116703186e+11
2.465753058516088257e+11
2.464279654140043945e+11
2.462759235988570862e+11
2.459134492267746887e+11
2.457567289900294495e+11
2.455952706462292480e+11
2.454343678362989807e+11
2.452634149136328430e+11
2.450929807953244629e+11
2.449230103871058350e+11
2.447430082309074402e+11
2.443475783041345825e+11
2.441625901166748657e+11
2.439727903631361389e+11
2.437781790435182190e+11
2.435838799247528381e+11
2.433847325103962708e+11
2.431756497630291748e+11
2.429668241222464905e+11
2.425324655038854370e+11
2.423183645869339294e+11
2.420943696576729736e+11
2.418655264328208008e+11
2.416368071700718384e+11
2.413982489892814026e+11
2.411597780410821228e+11
2.409115049043534241e+11
2.406632822707038574e+11
2.404101746119510498e+11
2.399205518515158691e+11
2.396570818791748962e+11
2.393839061332736206e+11
2.391106844754822693e+11
2.388325777925877991e+11
2.385448204304011230e+11
2.382522147726233215e+11
2.379594897439313354e+11
2.376571691302152405e+11
2.373500002209080505e+11
2.370379830160097656e+11
2.367211175155203552e+11
2.363994037194397888e+11
2.360728416277680969e+11
2.357368308691205750e+11
2.354241777845447998e+11
2.350785856735590210e+11
2.347518895191683350e+11
2.343967344206005554e+11
2.340605955677796936e+11
2.336913859214243469e+11
2.333413486212423096e+11
2.329866558554073792e+11
2.326273076239196777e+11
2.322633039267790833e+11
2.318902427319660339e+11
2.315125618827743530e+11
2.311545652973302002e+11
2.307677043657195129e+11
2.303963148228238525e+11
2.299959782923594666e+11
2.296155973649129639e+11
2.292264715997652588e+11
2.288371755015054016e+11
2.284349258225820007e+11
2.280325058105464172e+11
2.276214456399190369e+11
2.272308773231853638e+11
2.268110819563537903e+11
2.264077368197332764e+11
2.260001448332816162e+11
2.255590647142147522e+11
2.251429386256373291e+11
2.247143878613697815e+11
2.242857301223984680e+11
2.238741497700566101e+11
2.234290633794624329e+11
2.229838534858839722e+11
2.225559739534493103e+11
2.221200731547008667e+11
2.216545477088864746e+11
2.212105916690257568e+11
2.207586974633724365e+11
2.203028364704172363e+11
2.198688543295547485e+11
2.194012256600563965e+11
2.189517450424638367e+11
2.184724634761474304e+11
2.180153440382854919e+11
2.175506078178613586e+11
2.170821114136406860e+11
2.166060625035039062e+11
2.161262855478936768e+11
2.156427805468100281e+11
2.151781861941261902e+11
2.146798374198647461e+11
2.142043123643936768e+11
2.136986883920322266e+11
2.132123116022247620e+11
2.127187413374815674e+11
2.122216744231908875e+11
2.117478568309114075e+11
2.112402288045484314e+11
2.107291353487232361e+11
2.102378868482607117e+11
2.097397318221753845e+11
2.092112754077644653e+11
2.087064645349760742e+11
2.081948233503023071e+11
2.077035445479924011e+11
2.071819253322503357e+11
2.066570638188317261e+11
2.061527869013247375e+11
2.056145999209328918e+11
2.051006218210547485e+11
2.045801352516405945e+11
2.040565927868236389e+11
2.035266006196899414e+11
2.029935819407629700e+11
2.024541723267387085e+11
2.019394398945067139e+11
2.013907473554296570e+11
2.008668541237724915e+11
2.003367788561177979e+11
1.998005642505233154e+11
1.992615315731164246e+11
1.987164164885133972e+11
1.981685117974698792e+11
1.976178174999859009e+11
1.970859732472069092e+11
1.965265653321069641e+11
1.959861800904187317e+11
1.954431778709966431e+11
1.948693003646230774e+11
1.943178682630657043e+11
1.937890523585555420e+11
1.932293731041853333e+11
1.926640205175595398e+11
1.921246049349894714e+11
1.915511415538643799e+11
1.910006552372423706e+11
1.904191765583491821e+11
1.898638557197030945e+11
1.893031076365321960e+11
1.887369722521806946e+11
1.881972522737795410e+11
1.876234794465153809e+11
1.870473899052782898e+11
1.864948972390603638e+11
1.859112758522578735e+11
1.853513826484799500e+11
1.847863780739807739e+11
1.842192138041728821e+11
1.836469895849606934e+11
1.830726313810981140e+11
1.824932646491481018e+11
1.819409749134842529e+11
1.813545799894027100e+11
1.807953621495277100e+11
1.802020152470521851e+11
1.796331329543179016e+11
1.790622920603534851e+11
1.784894925651586914e+11
1.779091855577001343e+11
1.773297315931589355e+11
1.767455941567120361e+11
1.761863570338432007e+11
1.755957239831895447e+11
1.750301096987902832e+11
1.744303534964613647e+11
1.738611355878107300e+11
1.732847728708278198e+11
1.727066673384979248e+11
1.721268189908211365e+11
1.715425865167618103e+11
1.709540057275941467e+11
1.703936130024523010e+11
1.698016746767640381e+11
1.692353951290777283e+11
1.686349461163276672e+11
1.680628610101423340e+11
1.674891919437496948e+11
1.669113908072509766e+11
1.663294920345637512e+11
1.657460552135592651e+11
1.651585666682562866e+11
1.645695630305811157e+11
1.640092708524785156e+11
1.634147876307238464e+11
1.628466298276148682e+11
1.622467464493504333e+11
1.616732922506032715e+11
1.610984496763005371e+11
1.605222187264421082e+11
1.599421862720860901e+11
1.593583853697933960e+11
1.587732401673595276e+11
1.581843705924033203e+11
1.576247202625238953e+11
1.570332337098338623e+11
1.564686735624305725e+11
1.558699072204514771e+11
1.553005120919052429e+11
1.547298920341319580e+11
1.541557418111313782e+11
1.535473651923233643e+11
1.530015458193266907e+11
1.524192476131959229e+11
1.518357878362463989e+11
1.512511664884781494e+11
1.506939963189001465e+11
1.501048558637925720e+11
1.495432574924175415e+11
1.489496603701411438e+11
1.483836953189018250e+11
1.478166798036177063e+11
1.472486138242889404e+11
1.466773266667529907e+11
1.461028486328573303e+11
1.455273605373802490e+11
1.449508623803216248e+11
1.443712238499824219e+11
1.438217324440181885e+11
1.432380261202189941e+11
1.426845311974409180e+11
1.420968167656387939e+11
1.415393770932660828e+11
1.409810311201834717e+11
1.404197169434079895e+11
1.398554634874303894e+11
1.392923849167195740e+11
1.387243533713083191e+11
1.381574967111639099e+11
1.375877586207987976e+11
1.370465575248240814e+11
1.364751523737306061e+11
1.359303572950013580e+11
1.353553186769280548e+11
1.348089524933206787e+11
1.342598573069677734e+11
1.336785035084156342e+11
1.331278835881935272e+11
1.325745810362348175e+11
1.320205438940349884e+11
1.314657721615941162e+11
1.309399611902888794e+11
1.303818544181534882e+11
1.298211471965646667e+11
1.292913923939026337e+11
1.287293068973739777e+11
1.281963511177364349e+11
1.276310481159519196e+11
1.270967843065663452e+11
1.265600440098305359e+11
1.260226756384385986e+11
1.254846791923905640e+11
1.249442498752878571e+11
1.244032099300472412e+11
1.238597720067883759e+11
1.233157409019098816e+11
1.228029638570758820e+11
1.222577619990006256e+11
1.217102140433429718e+11
1.211922388543155518e+11
1.206435633026378021e+11
1.201245073477181702e+11
1.196049224878249817e+11
1.190830975868153839e+11
1.185624631811152344e+11
1.180396052625791168e+11
1.175145486236276703e+11
1.169889961362635193e+11
1.164629478004866180e+11
1.159364036162969818e+11
1.154077102965333099e+11
1.149105997659470367e+11
1.143809611203668518e+11
1.138813024798818359e+11
1.133507267726253815e+11
1.128485599655859680e+11
1.123475772261913910e+11
1.118140177051994781e+11
1.113089690088205109e+11
1.108050961159461365e+11
1.103008017519210205e+11
1.097945198621748810e+11
1.092878321113205261e+11
1.088129507405481720e+11
1.083039201059436951e+11
1.077944992202736053e+11
1.073169347586457214e+11
1.068067448488170166e+11
1.063269215221978302e+11
1.058144654014753876e+11
1.053339258493711243e+11
1.048530336939512024e+11
1.043379931929368286e+11
1.038549170089063873e+11
1.033715029133650208e+11
1.028862904490896759e+11
1.024022078764289246e+11
1.019163416268390656e+11
1.014625269268241730e+11
1.009745928057056427e+11
1.004877743435157776e+11
1.000316199735830688e+11
9.954276256435527039e+10
9.908602006311077881e+10
9.859515951811936951e+10
9.813783577234664917e+10
9.767884083377542114e+10
9.718710979934832764e+10
9.672618702051319885e+10
9.626636337232629395e+10
9.580491031116084290e+10
9.534319555222206116e+10
9.488121909550988770e+10
9.441898094102429199e+10
9.395515469426132202e+10
9.352361047476144409e+10
9.305929664372590637e+10
9.259473488848403931e+10
9.216247995292591858e+10
9.169613773458721924e+10
9.126213171954191589e+10
9.082918718739500427e+10
9.036215124039733887e+10
8.992620866182902527e+10
8.949132067937551880e+10
8.905496030260758972e+10
8.861839424057211304e+10
8.818162249326918030e+10
8.774464506069868469e+10
8.730623379980142212e+10
8.686885142436058044e+10
8.643004807592213440e+10
8.602371086142596436e+10
8.558573163141424561e+10
8.514515378842468262e+10
8.473826563124771118e+10
8.433001389093572998e+10
8.388890255178361511e+10
8.348031014524734497e+10
8.303884528454168701e+10
8.262991221178111267e+10
8.222081201974072266e+10
8.181039691116876221e+10
8.139982662040838623e+10
8.099023700761985779e+10
8.057935038393692017e+10
8.016830857806553650e+10
7.975599363548262024e+10
7.937740740381881714e+10
7.896480551192295837e+10
7.855316088293502808e+10
7.817304348973747253e+10
7.776001140343168640e+10
7.737962404832054138e+10
7.696523342918765259e+10
7.658458162158972168e+10
7.620379758774841309e+10
7.578901120812312317e+10
7.540690766656127930e+10
7.502468291760963440e+10
7.464233696126821899e+10
7.425986979753703308e+10
7.387624840888952637e+10
7.349354433980558777e+10
7.310969706465896606e+10
7.272573960097619629e+10
7.234268292857653809e+10
7.199135734075917053e+10
7.160606797314553833e+10
7.125454083213079834e+10
7.087004160814523315e+10
7.051830786362518311e+10
7.013261355314112854e+10
6.977970400511645508e+10
6.939478422821784973e+10
6.904168368673049927e+10
6.868849223970080566e+10
6.833520988712876892e+10
6.798088808936562347e+10
6.759452025145429230e+10
6.724002812057901001e+10
6.688638811438332367e+10
6.656464952588215637e+10
6.620991360287059784e+10
6.585601511273385620e+10
6.550111252956135559e+10
6.514522100427680206e+10
6.482310042885025024e+10
6.446796415415730286e+10
6.414569298773132324e+10
6.378950992194483948e+10
6.346709275570845795e+10
6.311076644482495117e+10
6.278732865727236938e+10
6.246382659307366943e+10
6.210815957693154907e+10
6.178452115441936493e+10
6.146081845526109314e+10
6.113705147945671844e+10
6.081237361175341797e+10
6.048848267384585571e+10
6.016452745929220581e+10
5.983967512640664673e+10
5.951559594974981689e+10
5.919145249644689178e+10
5.889942257377053833e+10
5.857515837219673920e+10
5.825001954911714172e+10
5.792482563176947021e+10
5.763338659511829376e+10
5.730808065275887299e+10
5.701573393804104614e+10
5.669032056185886383e+10
5.639787192274508667e+10
5.610615374180228424e+10
5.578057600105366516e+10
5.548797172063256073e+10
5.519531785537018585e+10
5.490261440526654816e+10
5.460986137032164001e+10
5.431630395906273651e+10
5.402345588650539398e+10
5.373055822910675812e+10
5.343761098686685944e+10
5.314461415978568268e+10
5.285156774786323547e+10
5.255774175204743195e+10
5.226460030251255798e+10
5.200446996105506134e+10
5.171123209655103302e+10
5.141723071731517029e+10
5.115696631313868713e+10
5.086358658089434052e+10
5.060252881925748444e+10
5.030905680411412048e+10
5.004861426180416870e+10
4.975435531686502075e+10
4.949382554196394348e+10
4.923256852272418976e+10
4.893886511165487671e+10
4.867752866484531403e+10
4.841682717947538757e+10
4.815541360069049835e+10
4.789462763744283295e+10
4.763313692668264008e+10
4.737226648555725861e+10
4.711069864282174683e+10
4.684974372381863403e+10
4.658809874910781860e+10
4.632705935222698212e+10
4.606533724554085541e+10
4.583669741036170959e+10
4.557553588785328674e+10
4.531370221527429199e+10
4.508495816010470581e+10
4.482367451196871185e+10
4.456172927349684906e+10
4.433288099833679962e+10
4.410461167211050415e+10
4.384255716334027863e+10
4.361360696378427887e+10
4.335148129158444977e+10
4.312246451978785706e+10
4.289341560966821289e+10
4.263118434012123871e+10
4.240206885776098633e+10
4.217292123707769775e+10
4.194374147807135773e+10
4.171452958074198151e+10
4.148528554508955383e+10
4.125600937111407471e+10
4.102670105881555176e+10
4.079736060819397736e+10
4.056798801924935150e+10
4.033858329198169708e+10
4.010859135164006805e+10
3.987912556155861664e+10
3.968280723786803436e+10
3.945273357436210632e+10
3.922317687873830414e+10
3.902677407717002106e+10
3.879661869049974823e+10
3.856643759317104340e+10
3.836995306843843842e+10
3.813971917243614960e+10
3.794318001255436707e+10
3.771289331787850189e+10
3.751578071848977661e+10
3.731916213103816223e+10
3.708879876350588989e+10
3.689212554090510559e+10
3.669491744478502655e+10
3.649768731095772552e+10
3.626722339638620758e+10
3.606994735066883087e+10
3.587264926724422455e+10
3.567532914611238861e+10
3.547798698727330780e+10
3.528062279072702026e+10
3.508323655647348022e+10
3.488582828451271057e+10
3.468839797484471893e+10
3.449094562746949005e+10
3.429347124238702011e+10
3.409550376360522461e+10
3.393122137944701767e+10
3.373368547243186569e+10
3.353612752770947647e+10
3.333854754527985382e+10
3.316043190864433289e+10
3.297610852535278702e+10
3.279131169865086365e+10
3.260694974937165833e+10
3.242211949881376266e+10
3.224104383080181122e+10
3.205994796155821991e+10
3.188171690243106079e+10
3.170058333952573776e+10
3.152231991251607895e+10
3.134736723781108093e+10
3.116950448386603928e+10
3.099452003813311005e+10
3.081952099241913605e+10
3.064825660349081421e+10
3.047655247047943115e+10
3.030483401295833588e+10
3.013351710082777405e+10
2.996509447424705887e+10
2.979665779862798691e+10
2.962820707397055817e+10
2.945974230027476501e+10
2.929499510414151382e+10
2.912982763056658173e+10
2.896797412312860489e+10
2.880277924015531540e+10
2.864089859879030991e+10
2.847900445932963181e+10
2.832042511241992569e+10
2.816183254288589096e+10
2.800322675072750473e+10
2.784460773594478226e+10
2.768597549853772354e+10
2.753065901783133316e+10
2.737495205649992371e+10
2.722294104823082733e+10
2.706758802165994263e+10
2.691555153229186249e+10
2.676350237124211884e+10
2.661477029833786392e+10
2.646233106987010574e+10
2.631357613284459305e+10
2.616480879960877228e+10
2.601935933502055740e+10
2.587354106021942902e+10
2.572473887985902786e+10
2.558258556759442902e+10
2.543673901106901932e+10
2.529456384474473953e+10
2.515237683315283585e+10
2.500983326982264709e+10
2.486762454190673447e+10
2.472839453150650406e+10
2.458949568356933594e+10
2.445024831847465515e+10
2.431132825924426651e+10
2.417539531940544891e+10
2.403978610430349350e+10
2.390383622297724915e+10
2.376820630161287308e+10
2.363557171786839294e+10
2.350325360478213882e+10
2.337060249275723648e+10
2.323826417843935776e+10
2.310559653813402939e+10
2.297625434193817139e+10
2.284721970949387360e+10
2.271786139822460556e+10
2.258849592470048141e+10
2.246276589236757278e+10
2.233671773654838181e+10
2.221066260212190628e+10
2.208490465535983276e+10
2.196216748140475082e+10
2.183608975832835388e+10
2.171333890263003159e+10
2.159087857737205124e+10
2.147144650855914307e+10
2.134867366106547928e+10
2.122922827780444717e+10
2.110977628323124313e+10
2.099031767734587479e+10
2.087113982266827011e+10
2.075500101372989655e+10
2.063885577712691879e+10
2.052270411285932159e+10
2.040654602092712402e+10
2.029038150133031464e+10
2.017754568558716965e+10
2.006470362582698059e+10
1.995185532204973984e+10
1.983927385817757416e+10
1.972641150536197662e+10
1.961687854507839584e+10
1.950733952442533112e+10
1.939779444340277481e+10
1.928824330201072311e+10
1.917868610024918747e+10
1.907245893378613281e+10
1.896288970310940552e+10
1.885665069137871170e+10
1.875040580292609024e+10
1.864749150071463013e+10
1.854123495064193344e+10
1.843830917045796204e+10
1.833537769719961929e+10
1.823244053086690903e+10
1.812924823216109085e+10
1.802630110294823456e+10
1.792668534047867203e+10
1.782372691694086075e+10
1.772410004379390335e+10
1.762446766122013474e+10
1.752816719633234406e+10
1.742852388672874069e+10
1.733197425801354980e+10
1.723232139873681259e+10
1.713600077852928162e+10
1.703967483254250145e+10
1.694668149292004585e+10
1.685034498719854736e+10
1.675711079380080414e+10
1.666410322149242401e+10
1.656775225352555847e+10
1.647807265048060989e+10
1.638504965177717018e+10
1.629202151094204712e+10
1.620210403839466095e+10
1.611240565738667679e+10
1.601936355933696938e+10
1.593299401991832542e+10
1.584306291153958511e+10
1.575334593621612358e+10
1.566696308234935760e+10
1.557723628188141632e+10
1.549063080125971794e+10
1.540423472476861572e+10
1.531783387344094467e+10
1.523455829038205147e+10
1.514814917491416550e+10
1.506507491549322128e+10
1.497865634217598534e+10
1.489536804152354431e+10
1.481228106450905228e+10
1.472918949630554771e+10
1.464923201145372200e+10
1.456613250049324226e+10
1.448636858016993713e+10
1.440640223432332802e+10
1.432329028124063873e+10
1.424685455974021721e+10
1.416687939881070900e+10
1.408709564455090141e+10
1.400730748274964333e+10
1.393066419359422112e+10
1.385420918909997177e+10
1.377756062007719231e+10
1.370109822376863861e+10
1.362463160356620026e+10
1.354797458675564766e+10
1.347150057473891068e+10
1.339836357662794304e+10
1.332503944165305710e+10
1.324855399757568932e+10
1.317522476638100815e+10
1.310207353558411598e+10
1.302891826454090691e+10
1.295892260386024094e+10
1.288576035420973587e+10
1.281575982686871910e+10
1.274259059861092949e+10
1.267258520460956764e+10
1.260275101604627228e+10
1.253291297088420868e+10
1.246289986368531799e+10
1.239639731733665466e+10
1.232637943530119705e+10
1.225987036946414375e+10
1.218984771259212112e+10
1.212333212726667786e+10
1.205664726480255508e+10
1.199012525181250572e+10
1.192343579815937614e+10
1.185690735750471497e+10
1.179371813452654648e+10
1.172702138088289833e+10
1.166382595979957390e+10
1.159712466087880707e+10
1.153392304169032478e+10
1.147056040950337219e+10
1.140735268403350639e+10
1.134398569021700096e+10
1.128411530003614044e+10
1.122074399050196457e+10
1.115737093631596565e+10
1.109749209834733200e+10
1.103745839957350159e+10
1.097423001375310707e+10
1.091419213699728012e+10
1.085430163740856743e+10
1.079425962858263206e+10
1.073770738252072525e+10
1.067766128753657532e+10
1.061775930997534752e+10
1.056105330499360657e+10
1.050448994825429916e+10
1.044443568095371819e+10
1.038772416654516602e+10
1.033115291296076965e+10
1.027443749604156303e+10
1.021786077894224739e+10
1.016114145951238632e+10
1.010790405191334724e+10
1.005118087588471794e+10
9.997801003690799713e+09
9.941211201702817917e+09
9.887827610645805359e+09
9.834577531365106583e+09
9.781190267356887817e+09
9.727801534168186188e+09
9.674544108985076904e+09
9.621151702845172882e+09
9.567889135530376434e+09
9.514493056439264297e+09
9.464441015773103714e+09
9.411171194379678726e+09
9.361115664409873962e+09
9.311186529873424530e+09
9.261127556511865616e+09
9.207721376804937363e+09
9.157785263661197662e+09
9.111067390363624573e+09
9.061002218896905899e+09
9.011059310793436050e+09
8.960990695934961319e+09
8.914389209278711319e+09
8.864317196940372467e+09
8.817590141264783859e+09
8.767635709276908875e+09
8.720905393857128143e+09
8.674173792904426575e+09
8.627559267271394730e+09
8.580824452486388206e+09
8.534088352168458939e+09
8.487467398870819092e+09
8.440728084720583916e+09
8.397334369999564171e+09
8.350707080861094475e+09
8.303963313257524490e+09
8.260565328730728149e+09
8.217278864184906006e+09
8.170530689039889336e+09
8.127128480619207382e+09
8.083835955703897476e+09
8.040430763010361671e+09
7.997024376607681274e+09
7.953725883146661758e+09
7.910316512471126556e+09
7.866905948086453438e+09
7.826949197455883026e+09
7.783535694710244179e+09
7.743468801455402374e+09
7.700158554550522804e+09
7.660088860670388222e+09
7.616670078057391167e+09
7.576598134494640350e+09
7.536628436711070061e+09
7.496553738434915543e+09
7.456477938273401260e+09
7.416502731063021660e+09
7.376424176188100815e+09
7.336344519427819252e+09
7.296363802790633202e+09
7.256281391316947937e+09
7.219546461659969330e+09
7.179461892327448845e+09
7.142822826696930885e+09
7.102735548562897682e+09
7.065995981805023193e+09
7.029351774042816162e+09
6.989260731133799553e+09
6.952517583248497963e+09
6.915868233354604721e+09
6.879122560315349579e+09
6.842375877214513779e+09
6.805628184052095413e+09
6.768972268757925034e+09
6.732222050441553116e+09
6.698820232179690361e+09
6.662159358401391029e+09
6.625405650781373024e+09
6.592000526863427162e+09
6.555244845032136917e+09
6.521927229176656723e+09
6.488518845514513969e+09
6.451759720291470528e+09
6.418349454241834641e+09
6.385025778016867638e+09
6.351613216372727394e+09
6.318199736490787506e+09
6.284871469076812744e+09
6.251455693600370407e+09
6.218038999886124611e+09
6.184621387934079170e+09
6.151287151974396706e+09
6.117867244427845001e+09
6.087796884733057022e+09
6.054375186622794151e+09
6.021035073941183090e+09
5.990961729973538399e+09
5.957536863942860603e+09
5.927461821235285759e+09
5.897466757040206909e+09
5.864038769001005173e+09
5.833960787932462692e+09
5.803881980449903488e+09
5.773881452739906311e+09
5.743800579222290993e+09
5.713718879290654182e+09
5.683636352944997787e+09
5.653630453543863297e+09
5.623545861163152695e+09
5.593460442368420601e+09
5.563374197159667969e+09
5.533362926067396164e+09
5.506626182798512459e+09
5.476537091052576065e+09
5.446447172892618179e+09
5.419782373555471420e+09
5.389690435272350311e+09
5.362949514021470070e+09
5.336207858180350304e+09
5.306186211000922203e+09
5.279442672772309303e+09
5.252698399953455925e+09
5.222601273626757622e+09
5.195926649145136833e+09
5.169179759348547935e+09
5.142432134961719513e+09
5.115683775984649658e+09
5.088934682417338371e+09
5.062254181213788033e+09
5.035503251170874596e+09
5.008751586537720680e+09
4.985351811262719154e+09
4.958666627046381950e+09
4.931912437259273529e+09
4.905157512881923676e+09
4.881754707422178268e+09
4.855064840193054199e+09
4.831660381905266762e+09
4.804902243695611000e+09
4.781496453963013649e+09
4.754736892484766006e+09
4.731394552984239578e+09
4.707986467657135010e+09
4.681224426936826706e+09
4.657815010164910316e+09
4.634468400858607292e+09
4.611057377170538902e+09
4.587645710716011047e+09
4.560879813396935463e+09
4.537528934284855843e+09
4.514114972235823631e+09
4.490700367420330048e+09
4.467285119838376045e+09
4.447283972225618362e+09
4.423867163639401436e+09
4.400449712286724091e+09
4.377031618167586327e+09
4.353612881281988144e+09
4.333606958832660675e+09
4.310186660942799568e+09
4.286765720286476612e+09
4.266698459552021503e+09
4.243334357815602779e+09
4.223265673812554359e+09
4.199841932530938148e+09
4.179772100730638504e+09
4.156404004659783840e+09
4.136332749590890884e+09
4.116260943579317570e+09
4.092833804817837238e+09
4.072816588043554306e+09
4.052742807820708275e+09
4.032668476655182362e+09
4.012593594546974659e+09
3.989217693454808712e+09
3.969141388078008652e+09
3.949064531758528709e+09
3.928987124496367931e+09
3.908962653643454552e+09
3.888883869024591923e+09
3.868804533463047504e+09
3.848724646958822727e+09
3.831999725909385204e+09
3.811970939338806629e+09
3.791889170447089195e+09
3.771806850612689972e+09
3.751723979835610390e+09
3.735047449918305874e+09
3.714963247696414948e+09
3.694878494531843185e+09
3.678149165940959454e+09
3.658113400763089657e+09
3.641382878463065147e+09
3.621295737880209446e+09
3.604564251430493355e+09
3.584525088772757530e+09
3.567792408613899708e+09
3.547702880612761021e+09
3.530969236304211140e+09
3.514283202625661373e+09
3.494191838148920059e+09
3.477456541012328148e+09
3.460720784756835938e+09
3.443984569382442951e+09
3.423937968998516083e+09
3.407200559914980888e+09
3.390462691712545395e+09
3.373724364391209126e+09
3.357031489841039658e+09
3.339956306982278347e+09
3.323216368153600693e+09
3.306475970206022263e+09
3.290115828305549622e+09
3.273374287151907921e+09
3.256968022166673183e+09
3.240561307244915485e+09
3.224533980635541916e+09
3.208126145463666916e+09
3.192053618598522186e+09
3.175980650979231834e+09
3.160286222302359104e+09
3.144547933996903419e+09
3.128809214119682789e+09
3.113070062670695782e+09
3.097372828777338505e+09
3.081968397962888241e+09
3.066563544759048462e+09
3.051158269165819168e+09
3.036088384520723343e+09
3.020723566485022545e+09
3.005988471342297077e+09
2.990917140472662926e+09
2.975845396396018982e+09
2.961149560510491371e+09
2.946412638074541092e+09
2.931675311613959312e+09
2.917273440378154755e+09
2.902574987514892578e+09
2.888172124582262516e+09
2.873768866807378292e+09
2.859701096395595074e+09
2.845335945489465714e+09
2.831267206336801529e+09
2.817198081524261475e+09
2.803464476213144779e+09
2.789394584672039509e+09
2.775698158809499264e+09
2.761963231235948563e+09
2.748227927184898853e+09
2.734492246656351089e+09
2.721129315580882549e+09
2.707728644931779385e+09
2.694327606987554550e+09
2.680926201748209000e+09
2.667896848101215363e+09
2.654830498653204441e+09
2.641427817063315392e+09
2.628696725418955326e+09
2.615665044039134026e+09
2.602597083083782196e+09
2.589864761000768661e+09
2.577132089987389565e+09
2.564434109998146057e+09
2.552036582008692265e+09
2.539302694330227375e+09
2.526904482253611565e+09
2.514505930429009914e+09
2.502141224849765778e+09
2.490077866552168369e+09
2.477678130200802803e+09
2.465614106180799484e+09
2.453583271866125584e+09
2.441518421432100773e+09
2.429453240432467461e+09
2.417723803902520180e+09
2.406026914311440468e+09
2.393960585514555931e+09
2.382230019552112103e+09
2.370835230197676182e+09
2.359104026059960842e+09
2.347740677167843819e+09
2.336344790519236088e+09
2.324948591669774532e+09
2.313552080619462490e+09
2.302155257368296623e+09
2.291125550181299210e+09
2.280064094922320843e+09
2.268666188150549412e+09
2.257604122263432980e+09
2.246908598541858196e+09
2.235845779699744701e+09
2.225118829289419651e+09
2.214391585042996883e+09
2.203664046960479259e+09
2.192966163367754936e+09
2.182237890694995880e+09
2.171509324186139584e+09
2.161116667429773808e+09
2.150723726019688606e+09
2.140359727465102434e+09
2.129966074420721292e+09
2.119572136722622156e+09
2.109514145506524086e+09
2.099119643092176676e+09
2.089061096342209101e+09
2.079030661442529678e+09
2.068971426014210463e+09
2.058911915114552021e+09
2.049188392017595768e+09
2.039128334766444683e+09
2.029431982326030016e+09
2.019707522626516342e+09
2.009982796638039589e+09
2.000257804360600471e+09
1.990532545794199467e+09
1.981143320942390680e+09
1.971444447939211607e+09
1.962054575729753017e+09
1.952664446413710356e+09
1.943274059991083145e+09
1.933883416461871386e+09
1.924828847967953444e+09
1.915437694816762447e+09
1.906408648742532492e+09
1.897353207922703505e+09
1.888297519178667784e+09
1.879241582510425568e+09
1.870185397917977810e+09
1.861465334272712708e+09
1.852408658423040628e+09
1.843713277009876490e+09
1.834655985940877438e+09
1.825934838775006771e+09
1.817213452867308855e+09
1.808828229227494717e+09
1.800106370427328825e+09
1.791384272885334015e+09
1.783022684686526537e+09
1.774636418846808434e+09
1.765913494890792847e+09
1.757526765340984583e+09
1.749476243970951319e+09
1.741089059893431902e+09
1.732701646256461859e+09
1.724650454572833538e+09
1.716262586408151865e+09
1.708210949379190922e+09
1.700159091973156214e+09
1.692107014190049648e+09
1.684054716029870987e+09
1.676002197492619753e+09
1.668285942229411602e+09
1.660255640455763817e+09
1.652538852614631176e+09
1.644821853578804016e+09
1.636768136741222143e+09
1.629050710724816799e+09
1.621669589303155899e+09
1.613951745488552094e+09
1.606233690479253054e+09
1.598851953838264942e+09
1.591111773889142990e+09
1.583729729638491869e+09
1.576347483375524044e+09
1.568965035100240231e+09
1.561582384812639952e+09
1.554199532512723684e+09
1.546816478200490952e+09
1.539769783577270508e+09
1.532386329831593752e+09
1.525339244957307577e+09
1.517955391778187752e+09
1.510907916652835846e+09
1.503860248697545528e+09
1.496812387912317514e+09
1.489764334297150373e+09
1.482716087852045774e+09
1.475984119235237360e+09
1.468935588136414051e+09
1.462223471820870876e+09
1.455511171857767344e+09
1.448462071451507092e+09
1.441749399602094173e+09
1.435016971866385221e+09
1.428304024545631409e+09
1.421590893577317953e+09
1.415214214121796131e+09
1.408500720449551344e+09
1.402123687472476244e+09
1.395390800617866278e+09
1.389013501351828814e+09
1.382636027620609283e+09
1.376258379424207449e+09
1.369861875214554787e+09
1.363483965320379496e+09
1.357105880961022139e+09
1.350727622136482000e+09
1.344667528118920326e+09
1.338289012187796354e+09
1.332247002863732338e+09
1.325850062491124153e+09
1.319807800651664734e+09
1.313765373529401302e+09
1.307704948946231604e+09
1.301662273899761438e+09
1.295619433570487022e+09
1.289558843704513073e+09
1.283852459479220152e+09
1.277809210534124374e+09
1.271748455385345936e+09
1.266041671726609468e+09
1.260334731967446804e+09
1.254273811535864115e+09
1.248566633034873009e+09
1.242859298433455467e+09
1.237134939703201056e+09
1.231427370951144695e+09
1.225719646098661423e+09
1.220331867434491634e+09
1.214623913022558689e+09
1.209252547859087467e+09
1.203527876927980900e+09
1.198156286796248674e+09
1.192447795215201855e+09
1.187059722714935303e+09
1.181687760696893454e+09
1.176315651760803938e+09
1.170927432342489004e+09
1.165555103029326677e+09
1.160182626798116207e+09
1.154794260461753368e+09
1.149758341340682507e+09
1.144385502405540705e+09
1.139349303221940041e+09
1.133960716508504868e+09
1.128924306130209923e+09
1.123887758016245127e+09
1.118851072166609526e+09
1.113477443546958685e+09
1.108440477634793758e+09
1.103403373986958981e+09
1.098366132603454113e+09
1.093665576883380413e+09
1.088628064619724035e+09
1.083590414620397329e+09
1.078889464058069468e+09
1.073851543178591251e+09
1.069150330918490291e+09
1.064126642724932790e+09
1.059425104490411758e+09
1.054723437702598453e+09
1.050035953097627282e+09
1.044997086433213830e+09
1.040309142709342122e+09
1.035957838737011552e+09
1.031255336352798820e+09
1.026566694768198252e+09
1.021877796077012777e+09
1.017188640279242516e+09
1.012836165553715467e+09
1.008146504725155234e+09
1.003793543333593249e+09
9.991033774742422104e+08
9.947634826065934896e+08
9.904097361217111349e+08
9.860691847140345573e+08
9.813912589645752907e+08
9.770366677009158134e+08
9.726950878669017553e+08
9.683531499201450348e+08
9.640239846612051725e+08
9.600183559003813267e+08
9.556752977035068274e+08
9.513448377292670012e+08
9.470010036214504242e+08
9.430067977388755083e+08
9.386749833638784885e+08
9.346798776082581282e+08
9.303471266307041645e+08
9.263637329982399940e+08
9.223797884230952263e+08
9.183827910976040363e+08
9.143977997313655615e+08
9.100749427661210299e+08
9.061011584922481775e+08
9.021144362477540970e+08
8.981393848057152033e+08
8.945010924861320257e+08
8.905247463287932873e+08
8.865477390402374268e+08
8.825700706204649210e+08
8.789412269678575993e+08
8.749741091004223824e+08
8.713438192232779264e+08
8.673751908546597958e+08
8.637551990144574642e+08
8.597966942175987959e+08
8.561750495493538380e+08
8.525525968318442106e+08
8.489408737230430841e+08
8.453167544039236307e+08
8.413653659500256777e+08
8.377623064148800373e+08
8.341469057636843920e+08
8.308799074902657270e+08
8.272739141853449345e+08
8.236669108188428879e+08
8.200700310241004229e+08
8.164609570313563347e+08
8.132001752278525829e+08
8.096110499513425827e+08
8.063481516097068787e+08
8.027567077827483416e+08
7.995025372914144993e+08
7.959087244109286070e+08
7.926630430280683041e+08
7.890775080613616705e+08
7.858293795747604370e+08
7.825800573790177107e+08
7.793401012088484764e+08
7.760883456829321384e+08
7.728563322697447538e+08
7.696125195008100271e+08
7.663674211989532709e+08
7.631313675394400358e+08
7.598939365232247114e+08
7.566551281503074169e+08
7.534149424206879139e+08
7.501835258620712757e+08
7.472800579342066050e+08
7.440458223855397701e+08
7.411497830014879704e+08
7.379226546134037971e+08
7.350238559247586727e+08
7.317937294902530909e+08
7.289020150062456131e+08
7.256688446134285927e+08
7.227742422715356350e+08
7.198782350258069038e+08
7.169904965114791393e+08
7.137608980637092590e+08
7.108605154148571491e+08
7.079778180260586739e+08
7.050840466893762350e+08
7.021887878074553013e+08
6.993014625001382828e+08
6.964125670061810017e+08
6.935221013255833387e+08
6.909711173425219059e+08
6.880775985212348700e+08
6.851825095133075714e+08
6.822950281055641174e+08
6.797473038666976690e+08
6.768566086266496181e+08
6.743058542030391693e+08
6.714119451306861639e+08
6.688671454792172909e+08
6.659699812538588047e+08
6.634220366379201412e+08
6.608725493824753761e+08
6.579793565356075764e+08
6.554266875861809254e+08
6.528812313946840763e+08
6.503254404367328882e+08
6.477767887776873112e+08
6.452265210201112032e+08
6.426746371640049219e+08
6.401211372093682289e+08
6.375660211562010050e+08
6.350177872953549623e+08
6.324594023156149387e+08
6.299078260691721439e+08
6.276979398821779490e+08
6.251430901179733276e+08
6.225865507962139845e+08
6.203803054221024513e+08
6.178204558530694246e+08
6.156110471497319937e+08
6.130560688322349787e+08
6.108434646613491774e+08
6.082850704992312193e+08
6.060692708607964516e+08
6.038599769371843338e+08
6.012964773728908300e+08
5.990838869755717516e+08
5.968696896621004343e+08
5.946538854324766397e+08
5.924443573582252264e+08
5.902253071579736471e+08
5.880124688364484310e+08
5.857979593221244812e+08
5.835817786150022745e+08
5.813716490949907303e+08
5.791597841055347919e+08
5.772920746440246105e+08
5.750768626777826548e+08
5.728599152420961857e+08
5.706412323369653225e+08
5.687672008081926107e+08
5.665301577382235527e+08
5.646381241573553085e+08
5.627372617200274467e+08
5.603101755635023117e+08
5.582298160007665157e+08
5.561494564380306005e+08
5.540690968752950430e+08
5.519887373125592470e+08
5.499083777498234510e+08
5.478280181870876551e+08
5.457476586243518591e+08
5.436672990616160631e+08
5.415869394988802671e+08
5.395065799361444712e+08
5.374262203734086752e+08
5.353458608106730580e+08
5.336122278417264223e+08
5.315318682789906263e+08
5.294515087162548304e+08
5.273711491535192132e+08
5.252907895907832980e+08
5.232104300280476809e+08
5.211300704653117061e+08
5.193964374963653684e+08
5.173160779336295128e+08
5.152357183708938956e+08
5.131553588081579804e+08
5.114217258392115235e+08
5.093413662764757276e+08
5.072610067137399912e+08
5.055273737447935939e+08
5.034470141820577979e+08
5.013666546193220019e+08
4.996330216503754854e+08
4.975526620876396894e+08
4.954723025249039531e+08
4.937386695559574366e+08
4.916583099932217598e+08
4.899246770242752433e+08
4.878443174615393281e+08
4.857639578988036513e+08
4.840303249298571348e+08
4.819499653671214581e+08
4.802163323981750011e+08
4.781359728354392052e+08
4.764023398664927483e+08
4.743219803037569523e+08
4.725883473348104954e+08
4.708547143658638597e+08
4.687743548031280637e+08
4.670407218341816068e+08
4.649603622714458704e+08
4.632267293024993539e+08
4.614930963335528970e+08
4.594127367708171010e+08
4.576791038018706441e+08
4.559454708329241872e+08
4.538651112701883316e+08
4.521314783012418747e+08
4.503978453322953582e+08
4.486642123633488417e+08
4.465838528006132245e+08
4.448502198316667080e+08
4.431165868627201915e+08
4.413829538937737346e+08
4.393025943310379982e+08
4.375689613620914817e+08
4.358353283931450844e+08
4.341016954241985679e+08
4.323680624552521110e+08
4.306344294863055944e+08
4.289007965173591375e+08
4.268204369546232820e+08
4.250868039856768250e+08
4.233531710167303681e+08
4.216195380477838516e+08
4.198859050788373351e+08
4.181522721098909378e+08
4.164186391409444213e+08
4.146850061719979048e+08
4.129513732030514479e+08
4.112177402341049910e+08
4.094841072651585340e+08
4.077504742962120175e+08
4.060168413272655606e+08
4.042832083583191037e+08
4.025495753893725872e+08
4.011626690142154098e+08
3.994290360452688932e+08
3.976954030763223767e+08
3.959617701073759794e+08
3.942281371384295225e+08
3.924945041694830656e+08
3.907608712005364895e+08
3.893739648253793716e+08
3.876403318564328551e+08
3.859066988874863982e+08
3.841730659185399413e+08
3.824394329495934248e+08
3.810525265744362473e+08
3.793188936054897308e+08
3.775852606365432739e+08
3.761983542613861561e+08
3.744647212924396396e+08
3.727310883234931231e+08
3.709974553545467257e+08
3.696105489793895483e+08
3.678769160104430318e+08
3.664900096352858543e+08
3.647563766663393378e+08
3.630227436973928213e+08
3.616358373222357035e+08
3.599022043532892466e+08
3.585152979781320691e+08
3.567816650091855526e+08
3.550480320402390361e+08
3.536611256650818586e+08
3.519274926961354017e+08
3.505405863209781647e+08
3.488069533520317674e+08
3.474200469768745899e+08
3.458251046454437971e+08
3.442648349733919501e+08
3.427392379607190490e+08
3.411789682886672616e+08
3.396533712759943008e+08
3.381277742633213997e+08
3.366021772506485581e+08
3.350765802379756570e+08
3.335509832253026366e+08
3.320253862126297951e+08
3.305344618593358397e+08
3.290088648466629386e+08
3.275179404933689833e+08
3.260270161400749683e+08
3.245360917867810130e+08
3.230451674334869981e+08
3.215542430801931024e+08
3.200633187268990874e+08
3.186070670329840183e+08
3.171161426796900630e+08
3.156598909857749939e+08
3.142036392918599844e+08
3.127127149385660887e+08
3.112564632446509004e+08
3.098348842101148963e+08
3.083786325161998868e+08
3.069223808222848177e+08
3.055008017877486348e+08
3.040445500938336849e+08
3.026229710592975616e+08
3.012013920247614384e+08
2.997451403308463693e+08
2.983235612963103056e+08
2.969366549211530685e+08
2.955150758866170049e+08
2.940934968520808816e+08
2.927065904769236445e+08
2.912850114423875213e+08
2.898981050672303438e+08
2.885111986920731664e+08
2.871242923169159293e+08
2.857373859417588115e+08
2.843504795666016340e+08
2.829635731914444566e+08
2.815766668162872195e+08
2.802244331005090475e+08
2.788721993847306967e+08
2.774852930095735788e+08
2.761330592937952876e+08
2.747808255780170560e+08
2.734285918622388244e+08
2.720763581464605331e+08
2.707241244306822419e+08
2.694065633742829561e+08
2.680543296585046947e+08
2.667367686021053791e+08
2.654192075457060635e+08
2.640669738299278617e+08
2.627494127735284865e+08
2.614318517171291709e+08
2.601142906607298553e+08
2.588314022637093961e+08
2.575138412073100805e+08
2.561962801509107947e+08
2.549133917538903654e+08
2.535958306974910498e+08
2.523129423004706204e+08
2.510300539034503102e+08
2.497471655064299107e+08
2.484642771094094813e+08
2.471813887123890817e+08
2.459331729747475982e+08
2.446502845777271986e+08
2.434020688400857449e+08
2.421191804430653155e+08
2.408709647054238915e+08
2.396227489677824676e+08
2.383745332301409841e+08
2.371263174924994707e+08
2.358781017548579574e+08
2.346298860172165036e+08
2.334163429389540255e+08
2.321681272013126016e+08
2.309545841230500340e+08
2.297063683854085505e+08
2.284928253071460724e+08
2.272792822288834751e+08
2.260657391506209373e+08
2.248521960723584592e+08
2.236733256534748375e+08
2.224597825752122998e+08
2.212462394969497621e+08
2.200673690780661404e+08
2.188538259998036027e+08
2.176749555809200406e+08
2.164960851620363891e+08
2.153172147431527972e+08
2.141383443242692053e+08
2.129594739053855836e+08
2.117806034865020216e+08
2.106017330676183701e+08
2.094575353081136346e+08
2.082786648892301023e+08
2.071344671297254264e+08
2.059902693702206910e+08
2.048460716107160747e+08
2.037018738512113392e+08
2.025576760917066932e+08
2.014134783322020173e+08
2.002692805726973116e+08
1.991250828131926954e+08
1.980155577130669057e+08
1.968713599535622299e+08
1.957618348534364998e+08
1.946523097533107698e+08
1.935081119938060641e+08
1.923985868936803043e+08
1.912890617935545743e+08
1.901795366934288442e+08
1.891046842526820004e+08
1.879951591525562704e+08
1.868856340524305403e+08
1.858107816116836667e+08
1.847359291709369123e+08
1.836264040708111227e+08
1.825515516300643384e+08
1.814766991893174946e+08
1.804018467485706806e+08
1.793269943078238666e+08
1.782521418670770526e+08
1.772119620857091248e+08
1.761371096449623406e+08
1.750622572042155266e+08
1.740220774228476286e+08
1.729818976414797306e+08
1.719070452007329464e+08
1.708668654193650186e+08
1.698266856379971504e+08
1.687865058566292524e+08
1.677463260752613842e+08
1.667408189532724321e+08
1.657006391719045341e+08
1.646951320499155819e+08
1.636549522685476840e+08
1.626494451465587616e+08
1.616092653651908636e+08
1.606037582432019114e+08
1.595982511212129295e+08
1.585927439992239773e+08
1.575872368772349954e+08
1.566164024146249890e+08
1.556108952926360667e+08
1.546053881706470251e+08
1.536345537080370486e+08
1.526290465860480368e+08
1.516582121234380901e+08
1.506873776608280241e+08
1.496818705388390422e+08
1.487110360762290359e+08
1.477402016136189997e+08
1.468040398103879392e+08
1.458332053477778733e+08
1.448623708851678669e+08
1.438915364225578010e+08
1.429553746193267405e+08
1.420192128160956502e+08
1.410483783534855843e+08
1.401122165502545238e+08
1.391760547470234036e+08
1.382398929437922835e+08
1.373037311405611932e+08
1.363675693373301029e+08
1.354314075340989828e+08
1.345299183902468681e+08
1.335937565870157629e+08
1.326922674431635737e+08
1.317561056399324834e+08
1.308546164960802794e+08
1.299531273522281051e+08
1.290516382083759904e+08
1.281154764051448554e+08
1.272139872612926811e+08
1.263471707768194377e+08
1.254456816329672486e+08
1.245441924891151190e+08
1.236773760046418756e+08
1.227758868607897013e+08
1.219090703763164431e+08
1.210075812324642837e+08
1.201407647479910254e+08
1.192739482635177970e+08
1.184071317790445536e+08
1.175403152945713103e+08
1.166734988100980669e+08
1.158066823256248385e+08
1.149398658411516100e+08
1.141077220160573125e+08
1.132409055315840691e+08
1.124087617064897269e+08
1.115766178813954294e+08
1.107098013969222009e+08
1.098776575718278885e+08
1.090455137467335612e+08
1.082133699216392636e+08
1.073812260965449512e+08
1.065490822714506537e+08
1.057516111057352722e+08
1.049194672806409597e+08
1.040873234555466622e+08
1.032898522898312807e+08
1.024577084647369534e+08
1.016602372990215868e+08
1.008627661333061755e+08
1.000652949675908089e+08
9.926782380187544227e+07
9.847035263616004586e+07
9.767288147044467926e+07
9.687541030472929776e+07
9.607793913901388645e+07
9.531514063267748058e+07
9.451766946696206927e+07
9.375487096062564850e+07
9.299207245428918302e+07
9.219460128857380152e+07
9.143180278223733604e+07
9.066900427590090036e+07
8.990620576956443489e+07
8.914340726322799921e+07
8.838060875689151883e+07
8.765248290993401408e+07
8.688968440359756351e+07
8.612688589726112783e+07
8.539876005030359328e+07
8.463596154396714270e+07
8.390783569700962305e+07
8.317970985005211830e+07
8.245158400309458375e+07
8.172345815613704920e+07
8.099533230917952955e+07
8.026720646222200990e+07
7.953908061526447535e+07
7.881095476830698550e+07
7.811750158072838187e+07
7.738937573377086222e+07
7.669592254619227350e+07
7.596779669923473895e+07
7.527434351165615022e+07
7.458089032407757640e+07
7.385276447712004185e+07
7.315931128954145312e+07
7.246585810196283460e+07
7.180707757376319170e+07
7.111362438618461788e+07
7.042017119860601425e+07
6.972671801102741063e+07
6.906793748282775283e+07
6.837448429524916410e+07
6.771570376704949141e+07
6.705692323884983361e+07
6.639814271065017581e+07
6.573936218245051801e+07
6.508058165425085276e+07
6.442180112605118006e+07
6.376302059785152227e+07
6.310424006965186447e+07
6.244545954145219922e+07
6.182135167263146490e+07
6.116257114443179965e+07
6.053846327561108023e+07
5.987968274741141498e+07
5.925557487859067321e+07
5.863146700976995379e+07
5.800735914094920456e+07
5.738325127212847024e+07
5.675914340330773592e+07
5.613503553448702395e+07
5.551092766566628963e+07
5.488681979684554040e+07
5.429738458740375191e+07
5.367327671858301759e+07
5.308384150914121419e+07
5.249440629969941080e+07
5.187029843087867647e+07
5.128086322143685818e+07
5.069142801199507713e+07
5.010199280255325884e+07
4.951255759311144799e+07
4.892312238366965950e+07
4.836835983360679448e+07
4.777892462416498363e+07
4.718948941472318023e+07
4.663472686466030777e+07
4.604529165521850437e+07
4.549052910515562445e+07
4.493576655509275198e+07
4.438100400502987951e+07
4.379156879558807611e+07
4.323680624552521110e+07
4.271671635484125465e+07
4.216195380477839708e+07
4.160719125471550971e+07
4.105242870465264469e+07
4.053233881396870315e+07
3.997757626390583068e+07
3.945748637322187424e+07
3.893739648253793269e+07
3.838263393247506022e+07
3.786254404179111868e+07
3.734245415110717714e+07
3.682236426042322069e+07
3.630227436973929405e+07
3.578218447905534506e+07
3.529676724775031954e+07
3.477667735706639290e+07
3.427392379607190192e+07
3.377117023507742584e+07
3.327188394002084062e+07
3.277606491090214625e+07
3.228371314772134647e+07
3.179482865047843382e+07
3.130594415323553234e+07
3.082399418786841258e+07
3.034204422250128537e+07
2.986356152307206765e+07
2.938854608958072588e+07
2.891699792202728614e+07
2.844891702041173726e+07
2.798430338473407552e+07
2.751968974905641750e+07
2.706201064525454864e+07
2.660779880739057064e+07
2.615358696952659637e+07
2.570284239760050923e+07
2.525556509161231667e+07
2.480828778562412784e+07
2.436794501151172072e+07
2.393106950333720818e+07
2.349419399516269192e+07
2.306078575292607397e+07
2.263431204256524146e+07
2.220783833220440522e+07
2.178483188778146729e+07
2.136529270929641649e+07
2.094922079674926028e+07
2.053314888420211151e+07
2.012401150353074074e+07
1.971487412285936251e+07
1.931267127406378835e+07
1.891393569120609760e+07
1.851520010834840313e+07
1.811993179142860696e+07
1.772813074044670537e+07
1.733979695540269092e+07
1.695493043629657105e+07
1.657353118312834576e+07
1.619559919589800946e+07
1.581766720866768248e+07
1.544666975331313722e+07
1.507913956389647909e+07
1.471160937447983027e+07
1.435101371693895943e+07
1.399041805939809233e+07
1.363675693373300880e+07
1.328309580806793272e+07
1.293636921427863091e+07
1.258964262048933469e+07
1.224638329263793491e+07
1.190659123072442412e+07
1.157373370068669878e+07
1.124087617064897344e+07
1.091148590654914454e+07
1.058903017432509921e+07
1.026657444210105576e+07
9.947585975814901292e+06
9.635532041404532269e+06
9.323478106994168833e+06
9.018358704459588975e+06
8.713239301925007254e+06
8.415054431266214699e+06
8.116869560607418418e+06
7.825619221824407578e+06
7.541303414917184971e+06
7.256987608009962365e+06
6.976139067040635273e+06
6.702225057947090827e+06
6.431778314791440964e+06
6.164798837573683821e+06
5.901286626293816604e+06
5.644708946889739484e+06
5.391598533423551358e+06
5.145422651833153330e+06
4.902714036180644296e+06
4.666939952403923497e+06
4.434633134565095417e+06
4.205793582664160058e+06
3.987355828576903325e+06
3.768918074489647057e+06
3.560882118216068950e+06
3.356313427880384494e+06
3.157292363045328762e+06
2.963818923710901756e+06
2.775893109877103474e+06
2.593168194950144738e+06
