1.990299892460471718e+06
1.991223465496416669e+06
1.992377931791346753e+06
1.992438531683240086e+06
1.994284450415546540e+06
1.994803154806664912e+06
1.997109019047569716e+06
1.998315033604970900e+06
2.001080229684683029e+06
2.002971866816443391e+06
2.006195781065170653e+06
2.008541227007615613e+06
2.011111736346028978e+06
2.013906848828068236e+06
2.016926104201388545e+06
2.020398554715602892e+06
2.023864561697007855e+06
2.027782536479723640e+06
2.031922506309451768e+06
2.036284010933847632e+06
2.041095335515286308e+06
2.044525289396451320e+06
2.049772472947177710e+06
2.055238890030855546e+06
2.059765011576774996e+06
2.065663452193545876e+06
2.070609937546523055e+06
2.075762615949385567e+06
2.082528632233642507e+06
2.088323209238231881e+06
2.094320757526301080e+06
2.101946371770757250e+06
2.108353391227088403e+06
2.115186297518599778e+06
2.122218032822500449e+06
2.129447676634103060e+06
2.137098911592346150e+06
2.144721304070397746e+06
2.152986822489758022e+06
2.159739338038605638e+06
2.168382263379631098e+06
2.177216193443206139e+06
2.186462816441447940e+06
2.194382531933395192e+06
2.203996589719193056e+06
2.212485483942595311e+06
2.221799150365539361e+06
2.232616614612124860e+06
2.242729892773166299e+06
2.251235356080934405e+06
2.261879458611471113e+06
2.274051598922407720e+06
2.282391371386518236e+06
2.292857509677570313e+06
2.305436206225260627e+06
2.317404301330581773e+06
2.327683270335279871e+06
2.340062524200788699e+06
2.352368137691339478e+06
2.364600110806929413e+06
2.376758443547561299e+06
2.388843135913234670e+06
2.400854187903948594e+06
2.414928704567993525e+06
2.427172951079411432e+06
2.441067969329494052e+06
2.454880142157746945e+06
2.468609469564171508e+06
2.480453296536749694e+06
2.496109547087935265e+06
2.509571928135134280e+06
2.523201534200468566e+06
2.538570894124209881e+06
2.555934680869757663e+06
2.569220631851950195e+06
2.586369634170534555e+06
2.599419322283066809e+06
2.616353540174687747e+06
2.631225827567455824e+06
2.648015833058115095e+06
2.664607930041072425e+06
2.681127920823548920e+06
2.699533412039872259e+06
2.715777251416252460e+06
2.731873810042714234e+06
2.749842061532717664e+06
2.767745877694632858e+06
2.785421101859278511e+06
2.802936771878180094e+06
2.820292887751337606e+06
2.841668540757675190e+06
2.858719355909647420e+06
2.877589701992899179e+06
2.896288220534580760e+06
2.916781723215887323e+06
2.935130449976514094e+06
2.955261887480939738e+06
2.977551908476351760e+06
2.997338156723156571e+06
3.018877966398673598e+06
3.038289876072769985e+06
3.059443073779752478e+06
3.080399897153510712e+06
3.101160346194044221e+06
3.123631399777897168e+06
3.145893805632699747e+06
3.167947563758452423e+06
3.189792674155153800e+06
3.213311568907694425e+06
3.234733247148381080e+06
3.259686595038145315e+06
3.282542726416055579e+06
3.302448640272169374e+06
3.326685528680560179e+06
3.350689222568247933e+06
3.376297662960252259e+06
3.399828831108618993e+06
3.424952472365476191e+06
3.449830645705802832e+06
3.476276745362965390e+06
3.502465103707771283e+06
3.528395720740220044e+06
3.554068596460313536e+06
3.578201161004180089e+06
3.603320199737600982e+06
3.631731576901482418e+06
3.658091762787859887e+06
3.685944700441636145e+06
3.713515349991402123e+06
3.742554204516913742e+06
3.769554141160747968e+06
3.794657838149385992e+06
3.824512873497360386e+06
3.854061073949673213e+06
3.881584164090610575e+06
3.912236970167308580e+06
3.942570667952516116e+06
3.972585257446235511e+06
4.002280738648465835e+06
4.029678026482182555e+06
4.060369186920837034e+06
4.092402750028017443e+06
4.122425010394127108e+06
4.155438910992948804e+06
4.186441508850701153e+06
4.218749689189498313e+06
4.252345041915600188e+06
4.283935228598547168e+06
4.316800314272971824e+06
4.346813369592213072e+06
4.380506909484927543e+06
4.413819974107019603e+06
4.448357309962805361e+06
4.482501897152143531e+06
4.517846208783523180e+06
4.552785498352627270e+06
4.587319765859457664e+06
4.623023074318761006e+06
4.658309087319964543e+06
4.694739594481988810e+06
4.730740532790086232e+06
4.767861418467352167e+06
4.804540461894864216e+06
4.842314905899890698e+06
4.880124175665575080e+06
4.916996064825011417e+06
4.955433272204669192e+06
4.994422475561624393e+06
5.033445430757103488e+06
5.071483292520056479e+06
5.111061772294132970e+06
5.151650505962178111e+06
5.191748610632057302e+06
5.231356086303773336e+06
5.271943899467132054e+06
5.313494100280734710e+06
5.356551934354176745e+06
5.397073624597519636e+06
5.439104482275179587e+06
5.481480375793010928e+06
5.525343651467567310e+06
5.568670579744503833e+06
5.612885027957146056e+06
5.656551469046135433e+06
5.701082110618759878e+06
5.745053085341692902e+06
5.790499168825524859e+06
5.836142086894924752e+06
5.881851588136683218e+06
5.928376963366008364e+06
5.975035811774948612e+06
6.021761703608589247e+06
6.069263580893359147e+06
6.117524414292554371e+06
6.165870240957845934e+06
6.214262706527278759e+06
6.263374546509591863e+06
6.312574294689512812e+06
6.362488201089088805e+06
6.412358383516031317e+06
6.463641847472398542e+06
6.514273594110377133e+06
6.565564115269344300e+06
6.618274821742882952e+06
6.670842696572494693e+06
6.724816949146373197e+06
6.777307808417172171e+06
6.831202590753075667e+06
6.885688030263128690e+06
6.939475420385549776e+06
6.995099217358510941e+06
7.050003486501144245e+06
7.105444716711186804e+06
7.163536233332516626e+06
7.220008428791983984e+06
7.276628672088610940e+06
7.334078750360557809e+06
7.392907591236162931e+06
7.452199752804218791e+06
7.511939586485046893e+06
7.571853395551716909e+06
7.631249267314506695e+06
7.692260624802961946e+06
7.753450253365793265e+06
7.816238184900135733e+06
7.877199528300598264e+06
7.940722636244946159e+06
8.004594155213319696e+06
8.068679844938864000e+06
8.133220724232126027e+06
8.196900931643055752e+06
8.263131704124179669e+06
8.328554580325020477e+06
8.395356219129526988e+06
8.463571753133242950e+06
8.530893783920791000e+06
8.599590435040906072e+06
8.667373945511531085e+06
8.736492801448078826e+06
8.807005148063279688e+06
8.877611846408894286e+06
8.948493315403576940e+06
9.020652751738693565e+06
9.092961309833103791e+06
9.166500275859121233e+06
9.239059518063284457e+06
9.313897162785192952e+06
9.387726548039954156e+06
9.464049273656869307e+06
9.539084673469031230e+06
9.615532587723378092e+06
9.693093392144292593e+06
9.769264694740196690e+06
9.847901875975094736e+06
9.929030249727880582e+06
1.000869164584450051e+07
1.008830655647442676e+07
1.016936819363740459e+07
1.025092859092328325e+07
1.033392773703491874e+07
1.042038920810921490e+07
1.049706724853530899e+07
1.058280458925584331e+07
1.066738516241972521e+07
1.075245206889323518e+07
1.084473419793825224e+07
1.092581992164053582e+07
1.101736104441252723e+07
1.110597189393094368e+07
1.119508595267824270e+07
1.128299721863454208e+07
1.137944002886474133e+07
1.146490275235365704e+07
1.155881110634568334e+07
1.165143075377592817e+07
1.174464566090376116e+07
1.184423199464002438e+07
1.193489710378490016e+07
1.203180170053307526e+07
1.212931229620018043e+07
1.222549736511802487e+07
1.232966934636996686e+07
1.242316193907837570e+07
1.252455859869904444e+07
1.262454688614863344e+07
1.272526083812645636e+07
1.283156532190325856e+07
1.293856785506768711e+07
1.304191751879925281e+07
1.314602046219967492e+07
1.324868741828839108e+07
1.335882426991201565e+07
1.346744535715106688e+07
1.357455068000554666e+07
1.368014023847544752e+07
1.379537975441394746e+07
1.390663501923226193e+07
1.401877550272456370e+07
1.412687036811755225e+07
1.424450319624221511e+07
1.436052514116464742e+07
1.447493620288485661e+07
1.458773638140283339e+07
1.470736363634930179e+07
1.482530329936962761e+07
1.494155537046381086e+07
1.506721960198244452e+07
1.518837796305827051e+07
1.531061945131578483e+07
1.542828449710449204e+07
1.555527732372134365e+07
1.568050278133917972e+07
1.581206131120349094e+07
1.593371521063581295e+07
1.606162854193965346e+07
1.619569084455257095e+07
1.631988533692097850e+07
1.645334317478944361e+07
1.658173823687947355e+07
1.671933220914146677e+07
1.685170998817719892e+07
1.698545164832415059e+07
1.712502623983765021e+07
1.726262481462308019e+07
1.739476633078915253e+07
1.753952643203934655e+07
1.767875890264417976e+07
1.782350673049855232e+07
1.795861073758224770e+07
1.811035900358115882e+07
1.824880137432966009e+07
1.839635060478143394e+07
1.853795797747869417e+07
1.868862925299383700e+07
1.883714041084350646e+07
1.899077877979969978e+07
1.914218952741338685e+07
1.929137265368455648e+07
1.944551423186964169e+07
1.959736068503516540e+07
1.975403058276051283e+07
1.991264888207330555e+07
2.007169981858899072e+07
2.023274211357752606e+07
2.039397464620137215e+07
2.055724456253241375e+07
2.071813037172416598e+07
2.088352205135871843e+07
2.104646518852588162e+07
2.121378532547967136e+07
2.138538580922795832e+07
2.154764777292675525e+07
2.172085453735382855e+07
2.189643466969886422e+07
2.206442063837623969e+07
2.224154108189749345e+07
2.241087712411579862e+07
2.259592311299201474e+07
2.277172723481088132e+07
2.294599564797695354e+07
2.312938319424211606e+07
2.331000922644632310e+07
2.349429119643234834e+07
2.367575028537827358e+07
2.386650186913934350e+07
2.405500895563863590e+07
2.424057042713957280e+07
2.443543359850252047e+07
2.462138321614646912e+07
2.481666521714199707e+07
2.500899853479021043e+07
2.520449225186374411e+07
2.540313102661782131e+07
2.560482741110717505e+07
2.580343396819720790e+07
2.601101237763642147e+07
2.621538436241595820e+07
2.641654992253581062e+07
2.662045244992497936e+07
2.683396351207182929e+07
2.703727998481027409e+07
2.724898839194510877e+07
2.746448467586689442e+07
2.766940436093518138e+07
2.788983915250265226e+07
2.810690489691574872e+07
2.833203733073581755e+07
2.855369025683907792e+07
2.877186367522551492e+07
2.899782763161282241e+07
2.922020161972088739e+07
2.944456543212731555e+07
2.967083622341028601e+07
2.989893114814798534e+07
3.013717617123420164e+07
3.036877821882930771e+07
3.061058252670520544e+07
3.083453211200249195e+07
3.107962875830885023e+07
3.132628259171070158e+07
3.155466747542478517e+07
3.180413651899434254e+07
3.204964125571191683e+07
3.229644083568920568e+07
3.254969008517332748e+07
3.279881854200868681e+07
3.305361117101798207e+07
3.331008832360446826e+07
3.356228819774540514e+07
3.382547889784899354e+07
3.407938323983535171e+07
3.434943783655490726e+07
3.460471373052486777e+07
3.487620124620717019e+07
3.514834845691514760e+07
3.541011544310285151e+07
3.568322151285977662e+07
3.596166957815019041e+07
3.623555194019311666e+07
3.651457992343634367e+07
3.679377513169768453e+07
3.708489701235344261e+07
3.736913965464843065e+07
3.764852203219612688e+07
3.794954087241148949e+07
3.823341531283168495e+07
3.852957695664869994e+07
3.882688769714996219e+07
3.912724070564173162e+07
3.943195076965189725e+07
3.972761073841450363e+07
4.003130824726898223e+07
4.033449027349876612e+07
4.065066062086192518e+07
4.096603933419428766e+07
4.127160086503992975e+07
4.159860095004551113e+07
4.192003198169481754e+07
4.225058981731561571e+07
4.256106837736424804e+07
4.287907206322900206e+07
4.322834682748521119e+07
4.354797213577354699e+07
4.389030782886435091e+07
4.422705912685409188e+07
4.454216322295482457e+07
4.490987416191694885e+07
4.527157113692405820e+07
4.562725414797617495e+07
4.593523967449755222e+07
4.632057827821547538e+07
4.669947334912448376e+07
4.703088571992970258e+07
4.739710850964783132e+07
4.775688776655706018e+07
4.812849550869407505e+07
4.847561782615721971e+07
4.885627719771628082e+07
4.924905654765402526e+07
4.963545373176196963e+07
5.003535165127909929e+07
5.040853959312877804e+07
5.079430776570063084e+07
5.119303971261420846e+07
5.158499060833367705e+07
5.200851481481681019e+07
5.242485908474143595e+07
5.283402341810756177e+07
5.323600781491518766e+07
5.363081227516429871e+07
5.405579394740183651e+07
5.449568779556857795e+07
5.494277692203859240e+07
5.534511417897623777e+07
5.579984349434826523e+07
5.622350577653443813e+07
5.669940669970718771e+07
5.710722095953240246e+07
5.756751932826070487e+07
5.805572433074953407e+07
5.847506024090685695e+07
5.894691094345686585e+07
5.944573243333560973e+07
5.990119815245722979e+07
6.038326645703279972e+07
6.089138504425012320e+07
6.139066678647236526e+07
6.188111168369951844e+07
6.236271973593159765e+07
6.283549094316859543e+07
6.336194291540174931e+07
6.385065419546841830e+07
6.439310760751038045e+07
6.486360823651948571e+07
6.538828056635780632e+07
6.590601842755415291e+07
6.644512733923340589e+07
6.694339652629994601e+07
6.746386521806772053e+07
6.800725447654144466e+07
6.854119322022877634e+07
6.906568144912970066e+07
6.954685993250785768e+07
7.008336074757398665e+07
7.061007352946844697e+07
7.116219224072380364e+07
7.170062611563259363e+07
7.219825094941826165e+07
7.268608775003229082e+07
7.319448248865571618e+07
7.373021621648268402e+07
7.421882010433584452e+07
7.473568348607955873e+07
7.517479490526235104e+07
7.567294135837064683e+07
7.612213230387596786e+07
7.657218238708914816e+07
7.701333425832808018e+07
7.743340657223503292e+07
7.785616369147899747e+07
7.829861961102451384e+07
7.867498329404430091e+07
7.901446542260545492e+07
7.934566300898370147e+07
7.966857605317907035e+07
7.998320455519151688e+07
8.031722502260985970e+07
8.061513102280873060e+07
8.084056262065206468e+07
8.104123264241543412e+07
8.120746044714066386e+07
8.139355581136003137e+07
8.159224674804639816e+07
8.165760258082254231e+07
8.173767114684568346e+07
8.176487206034620106e+07
8.183415537978681922e+07
8.189819182251159847e+07
8.183074951244497299e+07
8.175554427951805294e+07
8.167647292690578103e+07
8.159353545460818708e+07
8.145601205437219143e+07
8.123950935199260712e+07
8.102052128695821762e+07
8.077410218225154281e+07
8.055028146761043370e+07
8.024996681348063052e+07
7.987440090118956566e+07
7.949800653468018770e+07
7.912078371395257115e+07
7.876869067117968202e+07
7.831801157643041015e+07
7.777190682913002372e+07
7.727685940846794844e+07
7.673290250543722510e+07
7.623988019508649409e+07
7.569807113632541895e+07
7.520707393628607690e+07
7.448282084856396914e+07
7.381122062893760204e+07
7.311973750807228684e+07
7.240519574479791522e+07
7.174273920506229997e+07
7.108322828032502532e+07
7.042666297058610618e+07
6.975084377114437521e+07
6.910029242536045611e+07
6.836487054743625224e+07
6.754605094487093389e+07
6.675384926950436085e+07
6.594472564964199811e+07
6.516197448906182498e+07
6.438388721889573336e+07
6.363522541522368044e+07
6.286629716669311374e+07
6.210203280857662112e+07
6.130401661193723232e+07
6.046624995456475765e+07
5.961349441253916174e+07
5.883111145383378863e+07
5.805366853694858402e+07
5.723790194159511477e+07
5.647069196848025918e+07
5.562573003280449659e+07
5.480908895799838752e+07
5.401788449604270607e+07
5.319068830082581937e+07
5.241060660383790731e+07
5.161637981815995276e+07
5.084714473473372310e+07
5.008327926198159903e+07
4.932478339990355819e+07
4.855257201798940450e+07
4.780492276947303861e+07
4.704377278554752469e+07
4.628820719672306627e+07
4.555688156465596706e+07
4.481237737382013351e+07
4.409189835531469434e+07
4.341308751564025134e+07
4.268472284031628817e+07
4.198007650242704153e+07
4.129789047890029848e+07
4.062164171060463786e+07
3.993272066111810505e+07
3.930088624396961182e+07
3.862221347999820113e+07
3.799967616018828750e+07
3.733125168173200637e+07
3.671801145926067233e+07
3.609194553815062344e+07
3.545589214118676633e+07
3.485636743855153769e+07
3.427821378639921546e+07
3.370429445580703765e+07
3.310429415908353776e+07
3.253919633174166083e+07
3.197833282595992833e+07
3.143818067563542351e+07
3.088569376250528172e+07
3.033744117093528062e+07
2.982582466590739787e+07
2.931807428056487069e+07
2.881419001490769535e+07
2.831417186893586069e+07
2.783385252326557040e+07
2.734147456619574130e+07
2.687928916285911202e+07
2.639432126851952821e+07
2.591321949386529997e+07
2.543598383889641613e+07
2.499294186470018327e+07
2.457870248215979710e+07
2.415242289831360802e+07
2.372940803775727376e+07
2.330965790049078315e+07
2.291041047095247731e+07
2.249940819656133652e+07
2.209391667689628899e+07
2.168929810250940919e+07
2.131921686397831142e+07
2.095417538860847428e+07
2.058970155779561400e+07
2.023021532821174338e+07
1.988770934175384790e+07
1.953579119487150386e+07
1.918658546846681088e+07
1.884009216253978387e+07
1.849631127709040791e+07
1.818489533643552288e+07
1.786208661610469222e+07
1.755544349225184694e+07
1.725114765535082296e+07
1.693761762226482481e+07
1.663997243172728643e+07
1.634650633246866986e+07
1.606671893285869434e+07
1.579091425019442290e+07
1.551721445491439663e+07
1.524741146280928142e+07
1.497967040120302327e+07
1.471399127009561472e+07
1.445037406948705949e+07
1.418881879937736131e+07
1.394369760627935082e+07
1.371306669112901203e+07
1.347327061764522456e+07
1.323368165771601163e+07
1.300997754033525474e+07
1.277563545712186955e+07
1.255696036368102394e+07
1.233838959410470165e+07
1.212304672763075121e+07
1.191538777403143235e+07
1.170841827844266780e+07
1.150422026904897206e+07
1.130842033074956574e+07
1.111819849743585661e+07
1.092797068084168434e+07
1.073945024702442624e+07
1.055352640351171419e+07
1.036902750125445426e+07
1.018595354025265761e+07
1.001590180564022809e+07
9.847125890523966402e+06
9.679625794903868809e+06
9.513401518779933453e+06
9.349741615296501666e+06
9.187327154654562473e+06
9.029459987166346982e+06
8.878272155104361475e+06
8.729459838804595172e+06
8.580682348265487701e+06
8.434109926704060286e+06
8.288654384162844159e+06
8.150697579636727460e+06
8.016004271060877480e+06
7.882316153603219427e+06
7.750678920588171110e+06
7.618995202086428180e+06
7.489428030694967136e+06
7.360840276290460490e+06
7.236298600237609819e+06
7.117783314953019843e+06
7.000206177361920476e+06
6.883457340571660548e+06
6.768633892751685344e+06
6.653679733266156167e+06
6.541603378267048858e+06
6.436238729775664397e+06
6.333628844977540895e+06
6.230798806141776964e+06
6.129696708020938560e+06
6.028385501918705180e+06
5.929743912826186046e+06
5.830883090200716630e+06
5.733707404822222888e+06
5.636323225132130086e+06
5.540613443467666395e+06
5.450246884676270187e+06
5.363316876716298051e+06
5.277023244329929352e+06
5.191365987517165951e+06
5.106345106278006919e+06
5.022814675544528291e+06
4.939901903456018306e+06
4.861175279849033803e+06
4.783912872364151292e+06
4.706335498858870938e+06
4.631022260048686527e+06
4.555457416624058038e+06
4.484720927117575891e+06
4.414495010877477005e+06
4.345557187529369257e+06
4.276344440114749596e+06
4.208403830177546479e+06
4.140957838092150632e+06
4.074006463858562987e+06
4.009216741464919876e+06
3.948217657372291666e+06
3.888379943359746598e+06
3.827429492598081939e+06
3.768450302623602096e+06
3.709894544805135112e+06
3.651651911997693125e+06
3.593940563812090084e+06
3.536537124444284476e+06
3.479670185891545843e+06
3.425468875494876411e+06
3.374008674638608936e+06
3.323567932723180391e+06
3.272831095133436378e+06
3.223101136253811419e+06
3.173723423834405374e+06
3.124068486086769029e+06
3.076024738376256544e+06
3.029209711005425546e+06
2.983478424486075528e+06
2.938679148962300271e+06
2.894194686041474808e+06
2.850167253697738517e+06
2.809098630252877716e+06
2.767725933426414616e+06
2.726643195576352999e+06
2.686422970617998857e+06
2.645914781110065058e+06
2.606970068812981248e+06
2.567588883876816370e+06
2.529190644528907258e+06
2.493009594137056265e+06
2.457228349614253268e+06
2.422231375084764324e+06
2.386939992472887505e+06
2.351739126155230682e+06
2.317464134135235567e+06
2.283426939159379341e+06
2.249467680247021373e+06
2.217912319324732292e+06
2.187076025980429258e+06
2.156445925686011091e+06
2.125526326667534653e+06
2.095804304246830521e+06
2.065792783102067420e+06
2.035987455007190816e+06
2.006388319962198613e+06
1.978109342055795016e+06
1.951293352931911591e+06
1.924653793873033719e+06
1.898190664879161865e+06
1.871903965950295795e+06
1.845793697086435743e+06
1.819859858287582407e+06
1.794549968249058118e+06
1.769408837403148878e+06
1.744604918107572244e+06
1.721616540889631957e+06
1.698776671761192381e+06
1.676085310722253751e+06
1.653968958277786383e+06
1.631571238233996788e+06
1.609741776416973677e+06
1.587052716639752965e+06
1.565513367216578918e+06
1.544694312710973667e+06
1.524585887823722558e+06
1.504606333592650481e+06
1.485156069556595990e+06
1.465431188288923353e+06
1.446229460518355481e+06
1.426759252214082750e+06
1.408918950875570299e+06
1.390635733365168329e+06
1.373019421500489581e+06
1.355513570198249305e+06
1.338118179458447732e+06
1.320666484515291406e+06
1.303492321735262405e+06
1.287332708537741797e+06
1.270905842146099312e+06
1.254947052387789823e+06
1.239087370300779585e+06
1.223850256217068527e+06
1.208706419941639528e+06
1.194009642109190347e+06
1.179564775726080639e+06
1.164695403264821041e+06
1.150265878626494436e+06
1.136431153433409752e+06
1.121833790107155452e+06
1.108670573083228199e+06
1.095584678453008179e+06
1.082080874694895698e+06
1.069485455645392183e+06
1.056632141866084421e+06
1.043856150480483775e+06
1.030999614934771205e+06
1.019185090694729239e+06
1.007595016180864535e+06
9.959154992949139560e+05
9.843037929209050490e+05
9.727598970588375814e+05
9.612838117087115534e+05
9.503416190770384856e+05
9.393093704034883995e+05
9.280321140657516662e+05
9.175880678871868877e+05
9.068977867048530607e+05
8.970269081113858847e+05
8.867589851629314944e+05
8.769985671319030225e+05
8.668460141042177565e+05
8.571960566356278723e+05
8.480413306886374485e+05
8.384969244241553824e+05
8.294428403229423566e+05
8.202939442389694741e+05
8.109074045283059822e+05
8.022907135708600981e+05
7.932930870904489420e+05
7.847707478634191211e+05
7.764346574180566240e+05
7.680036015724865720e+05
7.598976372988710646e+05
7.519725521962486673e+05
7.436757366175309289e+05
7.362466501237471821e+05
7.287193764633513056e+05
7.209586014473565156e+05
7.135100309376980877e+05
7.058307205865015276e+05
6.984608532275806647e+05
6.911296470655133016e+05
6.842326122808085056e+05
6.773699430044181645e+05
6.705416392363416962e+05
6.637477009765796829e+05
6.569881282251317753e+05
6.501372720922242152e+05
6.434473508620917564e+05
6.367917951402734034e+05
6.308046792386563029e+05
6.248454853125443915e+05
6.186607677381205140e+05
6.123859941218196182e+05
6.065136344711802667e+05
6.006691967960462207e+05
5.948526810964173637e+05
5.886995675162468106e+05
5.833034156236756826e+05
5.775706658505628584e+05
5.724692288752759341e+05
5.667892547042170772e+05
5.617347634679664625e+05
5.561075648989615729e+05
5.507490002811093582e+05
5.455255964347964618e+05
5.405649966766184662e+05
5.356264890309284674e+05
5.307100734977258835e+05
5.258157500770114129e+05
5.209435187687844154e+05
5.160933795730450074e+05
5.116014701179918484e+05
5.067936741378539591e+05
5.023404258796543581e+05
4.978058663741040509e+05
4.933905122255186434e+05
4.892229272551809554e+05
4.845182277999857324e+05
4.803868493473362178e+05
4.759503235909501091e+05
4.716284006680941675e+05
4.675501046523941332e+05
4.634886845559557551e+05
4.594441403787786840e+05
4.557299039667824982e+05
4.517174240362021374e+05
4.477218200248834328e+05
4.440514610029668547e+05
4.403080752758826711e+05
4.366657916469194461e+05
4.327335490415549139e+05
4.293381140861521708e+05
4.254371686401452753e+05
4.220684283206650871e+05
4.187119613970115897e+05
4.151522163549814723e+05
4.118209098927722080e+05
4.085018768263895763e+05
4.051951171558332280e+05
4.019006308811035124e+05
3.986184180022003711e+05
3.953484785191236879e+05
3.920908124318734626e+05
3.888454197404497536e+05
3.856123004448525608e+05
3.823914545450818259e+05
3.796704426903456333e+05
3.764719957379582920e+05
3.735615133351503173e+05
3.705933459719578386e+05
3.677023475850244286e+05
3.647555052470804658e+05
3.620897236735635670e+05
3.589584735633263481e+05
3.563111020835490781e+05
3.536720151459548506e+05
3.510412127505433164e+05
3.481557373917318764e+05
3.455428848377167596e+05
3.429383168258844526e+05
3.403420333562350716e+05
3.377540344287685584e+05
3.351743200434849132e+05
3.326028902003842522e+05
3.300397448994664010e+05
3.279363916896990268e+05
3.253879744637730182e+05
3.228478417800298776e+05
3.207622849942109315e+05
3.182368803854596335e+05
3.159172085742501076e+05
3.136049008005364449e+05
3.113462891335637541e+05
3.090479423476027441e+05
3.067569595991377137e+05
3.045170648608005140e+05
3.022400431000880781e+05
3.002069550814274698e+05
2.981787764210973983e+05
2.959213920937073999e+05
2.939042594896212104e+05
2.918920362438656157e+05
2.896542893497979967e+05
2.876531121602863423e+05
2.858490763912379043e+05
2.838574110834916937e+05
2.816449780683162389e+05
2.796643588168139686e+05
2.778795002287443494e+05
2.759083928590076393e+05
2.741324324829123216e+05
2.721708369949409971e+05
2.704037748308199807e+05
2.684516912246142165e+05
2.666935272724673850e+05
2.649396590088597732e+05
2.630016898078545346e+05
2.612567197562211077e+05
2.595160453931269585e+05
2.577796667185720580e+05
2.560475837325565517e+05
2.543415817126722832e+05
2.526173230164961133e+05
2.508973600088591629e+05
2.491816926897614903e+05
2.476746730997144768e+05
2.461521583474365470e+05
2.444479973369262589e+05
2.429494157065099571e+05
2.412527721509433759e+05
2.395604242839161016e+05
2.382548418028715241e+05
2.365697045558923564e+05
2.350849304957808927e+05
2.335909513887994981e+05
2.321113935219142586e+05
2.306241647826375265e+05
2.291498231089785404e+05
2.276693447374063253e+05
2.262002192569736508e+05
2.247264912531059526e+05
2.234446884764752758e+05
2.217956043297364376e+05
2.205185574939885701e+05
2.192433516676146537e+05
2.177855790783214907e+05
2.165149757753824815e+05
2.150653343108243716e+05
2.136170736032967106e+05
2.123530672506144911e+05
2.110909019073062518e+05
2.098305775733719638e+05
2.083942834267752187e+05
2.071385616162758379e+05
2.058846808151504665e+05
2.048119860199138930e+05
2.035616338200886967e+05
2.023131226296374225e+05
2.008940112371977011e+05
1.996501025701813342e+05
1.985864594043668767e+05
1.973460793386506557e+05
1.961075402823084441e+05
1.950488064748244651e+05
1.938137960197823413e+05
1.927582839787029079e+05
1.915268021249609010e+05
1.904745118502859259e+05
1.892465585978440358e+05
1.881974900895734609e+05
1.869730654384317459e+05
1.859272186965656001e+05
1.848829061291778635e+05
1.836636976712623728e+05
1.826226068702790362e+05
1.815830502437740215e+05
1.805450277917473577e+05
1.793327231189842278e+05
1.782979224333620223e+05
1.772646559222180513e+05
1.763871081206229865e+05
1.753561428711965273e+05
1.743091915237060166e+05
1.732813099649809883e+05
1.722549625807342527e+05
1.712476236182738212e+05
1.703739112528744445e+05
1.693688428686418920e+05
1.683652779753981158e+05
1.673806447952167364e+05
1.663800715422056383e+05
1.655442532864206587e+05
1.645633174667319690e+05
1.636012366513817979e+05
1.627842733999352204e+05
1.618243557705994463e+05
1.608658802652732993e+05
1.599088468839567213e+05
1.591113829901295248e+05
1.581738182829428406e+05
1.572376650162760925e+05
1.564589180510843289e+05
1.555248666034529160e+05
1.546267762055931380e+05
1.538494099974318815e+05
1.529361005887472420e+05
1.520414160582293698e+05
1.512826747282347933e+05
1.503900153080282907e+05
1.496491777941956243e+05
1.487585281425556750e+05
1.478864266603585565e+05
1.471469085365772480e+05
1.462939688936142775e+05
1.455551104648586188e+05
1.447041192234830814e+05
1.438544166886693274e+05
1.431511817913001578e+05
1.423033969745842915e+05
1.416007910887511971e+05
1.407720453773112094e+05
1.400700685030142486e+05
1.392432098261825449e+05
1.385589680088548921e+05
1.377510717285751598e+05
1.370674435810387949e+05
1.362613883101330430e+05
1.355954491943316534e+05
1.348082796112539363e+05
1.341258788033002347e+05
1.333575642245609779e+05
1.326928217648526770e+05
1.319092421500542259e+05
1.312621273551017512e+05
1.304973413776625821e+05
1.298508095690118644e+05
1.292212917553256120e+05
1.284588223813487712e+05
1.278298722122194595e+05
1.270861197668780078e+05
1.264577372423057241e+05
1.257326557003653725e+05
1.251048408203500294e+05
1.244939939100648917e+05
1.237711369211180281e+05
1.231608423136450729e+05
1.224396422331347858e+05
1.218468372147146292e+05
1.212540321962943999e+05
1.205350106435433554e+05
1.199427425861905358e+05
1.192591758056333056e+05
1.186674447093479102e+05
1.180926202158135566e+05
1.174111552542916470e+05
1.168368523800798430e+05
1.162625495058681263e+05
1.155831710216367064e+05
1.150262656860089919e+05
1.144693603503813501e+05
1.137920376599508454e+05
1.132356386019009951e+05
1.126961001213677810e+05
1.120376631187653547e+05
1.114986155740652612e+05
1.109595680293651239e+05
1.103199553476115834e+05
1.097813987387444940e+05
1.092428421298774629e+05
1.086051931914561283e+05
1.080839420707044628e+05
1.075626909499527683e+05
1.070414398292011028e+05
1.064229987552482780e+05
1.059022232285848731e+05
1.053982469124589697e+05
1.047816928731144872e+05
1.042781768093320861e+05
1.037746607455496996e+05
1.032711446817672986e+05
1.026736911146778293e+05
1.021874038302869012e+05
1.016843480188480025e+05
1.011980607344570599e+05
1.006196309308986674e+05
1.001337885571064253e+05
9.964794618331421225e+04
9.916210380952198466e+04
9.860263640251550532e+04
9.811723893932200735e+04
9.764857931968690536e+04
9.717991970005178882e+04
9.662261547905976477e+04
9.615438542827857600e+04
9.570287787931099592e+04
9.523464782852983626e+04
9.478314027956225618e+04
9.424508994827304559e+04
9.379399662641460600e+04
9.334290330455618096e+04
9.289180998269777047e+04
9.245742382090815227e+04
9.192184351052901184e+04
9.148785623410381959e+04
9.103717713935452048e+04
9.060318986292929912e+04
9.016920258650407777e+04
8.966941456670397019e+04
8.923582617564310203e+04
8.880223778458224842e+04
8.838532587010061252e+04
8.796841395561900572e+04
8.745429674619148136e+04
8.703776837532946956e+04
8.663790113930190273e+04
8.622137276843987638e+04
8.580484439757785003e+04
8.540497716155029775e+04
8.491019055054952332e+04
8.451069151639679330e+04
8.411119248224401963e+04
8.371169344809126051e+04
8.331219441393851594e+04
8.291269537978575681e+04
8.245377776808793715e+04
8.205464693580997118e+04
8.167214655487694836e+04
8.128964617394391098e+04
8.089051534166594502e+04
8.050801496073289309e+04
8.014214503114476975e+04
7.968606564223185705e+04
7.930391812142881099e+04
7.893838571022589167e+04
7.855623818942287471e+04
7.819070577821998450e+04
7.782517336701707973e+04
7.745964095581418951e+04
7.702292284881754313e+04
7.665772795599990059e+04
7.629253306318221439e+04
7.594393793821989675e+04
7.557874304540221056e+04
7.523014792043990747e+04
7.486495302762223582e+04
7.451635790265991818e+04
7.409921586200654565e+04
7.375094291368467384e+04
7.340266996536278748e+04
7.305439701704093022e+04
7.272270849482962512e+04
7.237443554650775332e+04
7.204274702429643366e+04
7.171105850208512857e+04
7.136278555376325676e+04
7.096538833864578919e+04
7.063400665133014263e+04
7.030262496401449607e+04
6.997124327669884951e+04
6.965643067374898237e+04
6.932504898643333581e+04
6.901023638348346867e+04
6.867885469616782211e+04
6.836404209321796952e+04
6.804922949026808783e+04
6.767169983464479446e+04
6.735717872484579857e+04
6.704265761504681723e+04
6.672813650524783588e+04
6.641361539544883999e+04
6.611564802827086532e+04
6.580112691847186943e+04
6.550315955129388749e+04
6.518863844149490615e+04
6.489067107431690965e+04
6.459270370713893499e+04
6.429473633996096032e+04
6.399676897278297110e+04
6.363976657167947997e+04
6.334207535590759653e+04
6.306092254101192520e+04
6.276323132524003449e+04
6.246554010946813651e+04
6.218438729457247246e+04
6.190323447967680113e+04
6.160554326390491042e+04
6.132439044900924637e+04
6.104323763411356049e+04
6.076208481921788189e+04
6.048093200432223239e+04
6.019977918942654651e+04
5.993516477540708001e+04
5.965401196051142324e+04
5.933430534097571945e+04
5.905341333574137388e+04
5.878904438963844586e+04
5.850815238440409303e+04
5.824378343830115773e+04
5.797941449219822243e+04
5.771504554609530896e+04
5.745067659999236639e+04
5.718630765388944565e+04
5.692193870778651035e+04
5.665756976168358960e+04
5.640972387471210095e+04
5.614535492860917293e+04
5.589750904163767700e+04
5.563314009553474898e+04
5.538529420856325305e+04
5.513744832159176440e+04
5.488960243462025392e+04
5.457451368026431010e+04
5.432689791946455807e+04
5.407928215866481332e+04
5.383166639786506130e+04
5.360055835445196135e+04
5.335294259365221660e+04
5.310532683285245730e+04
5.287421878943937190e+04
5.262660302863961988e+04
5.239549498522653448e+04
5.214787922442678246e+04
5.191677118101367523e+04
5.168566313760057528e+04
5.145455509418748989e+04
5.120693933338773058e+04
5.097583128997464519e+04
5.076123096394819731e+04
5.053012292053509009e+04
5.025226858076780627e+04
5.002137532178166293e+04
4.979048206279551232e+04
4.957608117945125559e+04
4.934518792046512681e+04
4.913078703712085553e+04
4.889989377813472674e+04
4.868549289479047729e+04
4.847109201144618419e+04
4.825669112810192746e+04
4.802579786911579868e+04
4.781139698577152012e+04
4.759699610242725612e+04
4.733851838632105500e+04
4.712431694565897487e+04
4.692659253889396496e+04
4.671239109823187027e+04
4.649818965756979014e+04
4.628398821690770274e+04
4.608626381014270737e+04
4.587206236948060541e+04
4.567433796271561005e+04
4.546013652205352992e+04
4.522026834236925788e+04
4.502272803654166637e+04
4.482518773071406031e+04
4.462764742488643969e+04
4.441364542690655071e+04
4.421610512107894465e+04
4.401856481525133859e+04
4.378018478481103375e+04
4.359927493032834900e+04
4.340191872543813224e+04
4.320456252054792276e+04
4.300720631565772055e+04
4.278634655775975989e+04
4.258917445380694699e+04
4.240843335851687152e+04
4.221126125456406589e+04
4.203052015927399043e+04
4.179428797310331720e+04
4.161371563700584375e+04
4.143314330090839212e+04
4.125257096481094050e+04
4.103361358326608024e+04
4.083680968118806049e+04
4.065640610428321088e+04
4.047600252737836126e+04
4.027428926696973940e+04
4.009405444925751362e+04
3.991381963154528785e+04
3.969638108273396210e+04
3.951631502421434561e+04
3.935261860737833194e+04
3.917255254885870090e+04
3.897229675420448621e+04
3.879239945487748628e+04
3.862885645548929460e+04
3.841289071417715604e+04
3.824950113223680091e+04
3.806977259210241755e+04
3.787079016226518434e+04
3.770755399777266575e+04
3.750903182027893490e+04
3.734594907323424559e+04
3.718286632618955628e+04
3.698495781848715706e+04
3.682202848889030429e+04
3.662458023353139288e+04
3.646180432138236938e+04
3.629902840923333861e+04
3.610219382366575883e+04
3.593957132896456460e+04
3.575944390346580622e+04
3.559697482621244126e+04
3.541727696956762520e+04
3.525496130976208951e+04
3.507569302197118668e+04
3.491353077961348754e+04
3.473469206067652703e+04
3.457268323576665716e+04
3.439427408568360988e+04
3.424860421896777552e+04
3.407060929599387600e+04
3.390890730597966467e+04
3.373134195185970748e+04
3.358594823654995707e+04
3.340879710953913309e+04
3.326354146993243921e+04
3.308680457003076299e+04
3.294168700612712564e+04
3.276536433333459354e+04
3.260541130222564971e+04
3.246056988972811087e+04
3.228492225370603774e+04
3.214021891691154087e+04
3.198104831478654160e+04
3.180607571553491653e+04
3.167769599518967880e+04
3.150312228130242511e+04
3.137486529491544570e+04
3.120069046639254884e+04
3.104279322908455651e+04
3.091478171061410831e+04
3.074126657711687585e+04
3.058399835134499153e+04
3.045623230079107452e+04
3.029933227689398336e+04
3.014267772091342704e+04
2.998626863284939827e+04
2.985887078417027078e+04
2.970282989798104245e+04
2.954703447970833440e+04
2.939148452935215755e+04
2.926445488254782686e+04
2.910927313406645044e+04
2.897018487586257106e+04
2.881547872146947702e+04
2.868881727653993585e+04
2.855029666289304078e+04
2.839618883654648380e+04
2.825811313349829652e+04
2.810448090124001101e+04
2.799408170578060526e+04
2.784080233365233289e+04
2.770350905958807925e+04
2.756643056995080042e+04
2.741385691808255433e+04
2.727722333904398329e+04
2.716736110465198362e+04
2.703104970225385114e+04
2.689495308428268982e+04
2.675907125073849238e+04
2.662340420162125520e+04
2.648795193693098190e+04
2.635271445666767977e+04
2.621769176083133061e+04
2.608288384942195262e+04
2.596384725164963675e+04
2.582945356734940287e+04
2.569527466747612561e+04
2.556131055202982316e+04
2.544305638324144820e+04
2.530950649490427895e+04
2.521662757198719555e+04
2.509884899728710297e+04
2.499059764609731428e+04
2.489781077364894008e+04
2.480502390120055134e+04
2.471223702875217714e+04
2.461945015630379930e+04
2.452666328385541419e+04
2.443387641140703272e+04
2.434108953895865488e+04
2.424830266651026614e+04
2.415551579406188830e+04
2.406272892161350683e+04
2.396994204916512899e+04
2.387715517671674752e+04
2.379983278300975871e+04
2.370704591056137724e+04
2.361425903811299213e+04
2.352147216566462157e+04
2.342868529321623282e+04
2.333589842076785499e+04
2.324311154831947351e+04
2.316578915461248835e+04
2.307300228216410687e+04
2.298021540971573631e+04
2.288742853726734756e+04
2.281010614356036240e+04
2.271731927111198092e+04
2.262453239866359945e+04
2.254721000495662156e+04
2.245442313250823645e+04
2.236163626005985498e+04
2.228431386635286981e+04
2.219152699390448834e+04
2.209874012145610686e+04
2.202141772774912170e+04
2.192863085530074386e+04
2.185130846159375869e+04
2.175852158914537358e+04
2.166573471669699575e+04
2.158841232299000694e+04
2.149562545054163274e+04
2.141830305683465122e+04
2.132551618438626610e+04
2.124819379067928458e+04
2.115540691823090310e+04
2.107808452452391793e+04
2.100076213081692913e+04
2.090797525836854766e+04
2.083065286466156249e+04
2.073786599221318465e+04
2.066054359850619585e+04
2.058322120479921432e+04
2.049043433235083285e+04
2.041311193864384768e+04
2.033578954493686251e+04
2.024300267248848104e+04
2.016568027878149587e+04
2.008835788507451434e+04
2.001103549136752554e+04
1.991824861891915498e+04
1.984092622521216617e+04
1.976360383150518101e+04
1.968628143779819584e+04
1.959349456534981800e+04
1.951617217164283284e+04
1.943884977793584767e+04
1.936152738422886614e+04
1.928420499052188097e+04
1.920688259681489581e+04
1.912956020310791064e+04
1.903677333065952917e+04
1.895945093695254400e+04
1.888212854324556247e+04
1.880480614953857730e+04
1.872748375583159213e+04
1.865016136212460697e+04
1.857283896841762544e+04
1.849551657471063663e+04
1.841819418100365510e+04
1.834087178729666994e+04
1.826354939358968477e+04
1.818622699988269960e+04
1.810890460617571807e+04
1.803158221246873291e+04
1.795425981876174774e+04
1.789240190379615888e+04
1.781507951008917735e+04
1.773775711638219218e+04
1.766043472267521065e+04
1.758311232896822548e+04
1.750578993526124032e+04
1.742846754155425515e+04
1.736660962658866629e+04
1.728928723288168476e+04
1.721196483917469959e+04
1.713464244546771806e+04
1.705732005176072926e+04
1.699546213679514403e+04
1.691813974308815887e+04
1.684081734938117734e+04
1.677895943441558848e+04
1.670163704070860331e+04
1.662431464700161814e+04
1.654699225329463661e+04
1.648513433832905139e+04
1.640781194462206258e+04
1.634595402965647554e+04
1.626863163594949219e+04
1.619130924224250884e+04
1.612945132727692180e+04
1.605212893356993845e+04
1.599027101860434959e+04
1.591294862489736624e+04
1.583562623119038108e+04
1.577376831622479222e+04
1.569644592251781251e+04
1.563458800755222182e+04
1.555726561384523484e+04
1.549540769887965143e+04
1.542427109666922297e+04
1.535468094233293778e+04
1.528663723587079221e+04
1.521704708153450883e+04
1.514900337507235963e+04
1.508095966861021407e+04
1.501291596214806850e+04
1.494487225568592476e+04
1.487682854922377192e+04
1.480878484276162817e+04
1.474228758417362042e+04
1.467424387771147667e+04
1.460774661912347074e+04
1.454124936053546480e+04
1.447475210194745705e+04
1.440825484335944930e+04
1.434175758477144700e+04
1.427526032618343925e+04
1.421030951546956931e+04
1.414381225688156519e+04
1.407886144616769707e+04
1.401391063545383076e+04
1.394741337686582665e+04
1.388246256615195671e+04
1.381905820331223003e+04
1.375410739259836737e+04
1.368915658188449743e+04
1.362575221904476894e+04
1.356080140833090445e+04
1.349739704549117960e+04
1.343399268265145110e+04
1.336904187193758116e+04
1.330563750909785631e+04
1.324377959413226745e+04
1.318037523129254259e+04
1.311697086845281592e+04
1.305511295348722706e+04
1.299170859064749857e+04
1.292985067568191153e+04
1.286799276071632266e+04
1.280613484575073380e+04
1.274427693078514858e+04
1.268241901581956336e+04
1.262056110085397449e+04
1.255870318588838563e+04
1.249839171879694186e+04
1.243808025170549263e+04
1.237622233673990559e+04
1.231591086964845636e+04
1.225559940255701076e+04
1.219528793546556153e+04
1.213497646837411412e+04
1.207466500128266307e+04
1.201589998206535893e+04
1.195558851497390788e+04
1.189682349575660191e+04
1.183805847653929413e+04
1.177774700944784672e+04
1.171898199023053712e+04
1.166021697101323116e+04
1.160145195179592338e+04
1.154423338045274977e+04
1.148546836123544563e+04
1.142670334201813603e+04
1.136948477067496606e+04
1.131071975145766191e+04
1.125350118011449194e+04
1.119628260877132561e+04
1.113906403742815564e+04
1.108184546608498749e+04
1.102462689474181934e+04
1.096895477127279082e+04
1.091173619992962085e+04
1.085606407646059233e+04
1.079884550511742236e+04
1.074317338164839566e+04
1.068750125817936896e+04
1.063182913471034044e+04
1.057615701124130828e+04
1.052048488777227794e+04
1.046481276430324942e+04
1.041068708870836235e+04
1.035501496523933565e+04
1.030088928964444494e+04
1.024521716617541642e+04
1.019109149058052935e+04
1.013696581498563864e+04
1.008284013939074794e+04
1.002871446379586087e+04
9.976135236075111607e+03
9.922009560480222717e+03
9.867883884885333828e+03
9.815304657164582750e+03
9.761178981569695679e+03
9.708599753848946420e+03
9.656020526128195343e+03
9.603441298407447903e+03
9.550862070686700463e+03
9.498282842965949385e+03
9.445703615245200126e+03
9.393124387524450867e+03
9.342091607677839420e+03
9.289512379957091980e+03
9.238479600110480533e+03
9.187446820263870904e+03
9.136414040417263095e+03
9.085381260570651648e+03
9.034348480724043839e+03
8.983315700877434210e+03
8.932282921030822763e+03
8.881250141184214954e+03
8.831763809211744956e+03
8.780731029365133509e+03
8.731244697392665330e+03
8.681758365420197151e+03
8.630725585573585704e+03
8.581239253601113887e+03
8.531752921628643890e+03
8.482266589656175711e+03
8.434326705557845344e+03
8.384840373585375346e+03
8.335354041612905348e+03
8.287414157514573162e+03
8.239474273416246433e+03
8.189987941443775526e+03
8.142048057345445159e+03
8.094108173247113882e+03
8.046168289148782605e+03
7.998228405050454057e+03
7.950288520952122781e+03
7.903895084727932044e+03
7.855955200629602587e+03
7.808015316531273129e+03
7.761621880307081483e+03
7.715228444082890746e+03
7.667288559984561289e+03
7.620895123760369643e+03
7.574501687536179816e+03
7.528108251311989079e+03
7.481714815087798343e+03
7.436867826737748146e+03
7.390474390513557410e+03
7.345627402163507213e+03
7.299233965939314658e+03
7.254386977589265371e+03
7.207993541365073725e+03
7.163146553015023528e+03
7.118299564664973332e+03
7.073452576314922226e+03
7.028605587964871120e+03
6.985305047488959644e+03
6.940458059138910357e+03
6.895611070788856523e+03
6.852310530312947776e+03
6.807463541962893942e+03
6.764163001486986104e+03
6.720862461011073719e+03
6.676015472661022613e+03
6.632714932185110229e+03
6.589414391709200572e+03
6.547660299107429637e+03
6.504359758631519071e+03
6.461059218155606686e+03
6.417758677679695211e+03
6.376004585077924276e+03
6.334250492476152431e+03
6.290949952000240955e+03
6.249195859398470930e+03
6.207441766796697266e+03
6.165687674194926331e+03
6.123933581593155395e+03
6.082179488991384460e+03
6.040425396389610796e+03
6.000217751661981310e+03
5.958463659060209466e+03
5.918256014332576342e+03
5.876501921730806316e+03
5.836294277003173192e+03
5.796086632275540069e+03
5.755878987547911493e+03
5.714124894946138738e+03
5.673917250218505615e+03
5.635256053365013940e+03
5.595048408637381726e+03
5.554840763909751331e+03
5.516179567056259657e+03
5.475971922328626533e+03
5.437310725475134859e+03
5.397103080747501735e+03
5.358441883894010061e+03
5.319780687040517478e+03
5.281119490187025804e+03
5.242458293333533220e+03
5.203797096480040636e+03
5.165135899626548962e+03
5.126474702773058198e+03
5.089359953793706154e+03
5.050698756940213570e+03
5.013584007960859708e+03
4.976469258981508574e+03
4.937808062128015990e+03
4.900693313148663947e+03
4.863578564169310994e+03
4.826463815189958041e+03
4.789349066210605997e+03
4.752234317231253954e+03
4.716666016126041541e+03
4.679551267146688588e+03
4.642436518167336544e+03
4.606868217062124131e+03
4.569753468082771178e+03
4.534185166977557856e+03
4.498616865872345443e+03
4.463048564767132120e+03
4.427480263661919707e+03
4.391911962556706385e+03
4.356343661451493972e+03
4.320775360346282469e+03
4.285207059241068237e+03
4.251185206009996364e+03
4.215616904904783041e+03
4.181595051673711168e+03
4.147573198442636567e+03
4.112004897337424154e+03
4.077983044106350462e+03
4.043961190875278135e+03
4.009939337644205352e+03
3.975917484413132115e+03
3.941895631182057969e+03
3.909420225825124817e+03
3.875398372594052489e+03
3.841376519362979252e+03
3.808901114006045191e+03
3.774879260774972408e+03
3.742403855418038802e+03
3.709928450061106105e+03
3.677453044704172498e+03
3.644977639347238892e+03
3.612502233990304831e+03
3.580026828633372133e+03
3.547551423276438072e+03
3.515076017919505375e+03
3.484147060436711854e+03
3.451671655079778247e+03
3.420742697596984726e+03
3.388267292240050665e+03
3.357338334757257599e+03
3.326409377274464077e+03
3.293933971917530471e+03
3.263005014434736950e+03
3.232076056951942519e+03
3.202693547343289083e+03
3.171764589860495107e+03
3.140835632377702041e+03
3.109906674894907155e+03
3.080524165286253719e+03
3.049595207803460198e+03
3.020212698194805398e+03
2.990830188586151962e+03
2.961447678977497617e+03
2.932065169368844181e+03
2.902682659760190290e+03
2.873300150151535490e+03
2.843917640542881145e+03
2.814535130934227709e+03
2.785152621325573818e+03
2.757316559591059104e+03
2.727934049982405213e+03
2.700097988247891408e+03
2.670715478639237062e+03
2.642879416904722802e+03
2.615043355170208542e+03
2.587207293435693828e+03
2.559371231701179113e+03
2.531535169966664853e+03
2.503699108232151502e+03
2.475863046497637242e+03
2.448026984763122073e+03
2.421737370902747898e+03
2.393901309168233183e+03
2.367611695307858554e+03
2.341322081447484379e+03
2.313486019712969664e+03
2.287196405852594580e+03
2.260906791992220406e+03
2.234617178131845321e+03
2.208327564271470692e+03
2.182037950411096062e+03
2.157294784424861973e+03
2.131005170564486889e+03
2.104715556704112259e+03
2.079972390717877261e+03
2.053682776857502631e+03
2.028939610871267405e+03
2.004196444885032406e+03
1.979453278898797635e+03
1.953163665038423005e+03
1.928420499052188006e+03
1.905223780940092411e+03
1.880480614953857867e+03
1.855737448967622640e+03
1.830994282981387641e+03
1.807797564869292728e+03
1.783054398883057729e+03
1.759857680770962133e+03
1.736660962658866538e+03
1.711917796672631994e+03
1.688721078560536625e+03
1.665524360448441485e+03
1.642327642336345889e+03
1.619130924224251203e+03
1.595934206112155607e+03
1.574283935874199869e+03
1.551087217762104956e+03
1.528663723587079176e+03
1.506240229412053623e+03
1.483971380024442396e+03
1.461857175424244815e+03
1.439897615611461333e+03
1.418092700586091496e+03
1.396287785560722341e+03
1.374792160110180475e+03
1.353296534659638610e+03
1.331955553996511526e+03
1.310769218120797404e+03
1.289737527032498065e+03
1.268860480731612142e+03
1.248138079218140319e+03
1.227415677704668269e+03
1.207002565766024418e+03
1.186744098614794893e+03
1.166485631463564914e+03
1.146381809099748807e+03
1.126432631523346799e+03
1.106483453946945247e+03
1.086843565945370983e+03
1.067358322731211274e+03
1.047873079517050883e+03
1.028542481090304818e+03
1.009521172238386725e+03
9.904998633864687463e+02
9.716331993219645256e+02
9.529211800448742906e+02
9.343638055551979278e+02
9.158064310655219060e+02
8.975583461506736285e+02
8.793102612358251235e+02
8.613714658958050450e+02
8.435873153431987248e+02
8.258031647905920636e+02
8.081736590253996155e+02
7.906987980476213806e+02
7.733785818572566768e+02
7.562130104543061861e+02
7.392020838387696813e+02
7.223458020106469348e+02
7.054895201825246431e+02
6.889425279292300957e+02
6.725501804633491929e+02
6.561578329974687449e+02
6.400747751064159274e+02
6.239917172153632237e+02
6.082179488991383778e+02
5.924441805829137593e+02
5.769797018415166576e+02
5.615152231001197833e+02
5.462053891461370085e+02
5.310501999795681058e+02
5.162043003878269474e+02
5.013584007960860163e+02
4.866671459917591278e+02
4.722851807622599267e+02
4.579032155327609530e+02
4.436758950906757946e+02
4.297578642234185509e+02
4.158398333561614777e+02
4.022310920637322624e+02
3.886223507713029335e+02
3.753228990537017467e+02
3.620234473361003893e+02
3.490332851933269467e+02
3.363524126253815325e+02
3.236715400574361183e+02
3.111453122769047468e+02
2.989283740712012332e+02
2.868660806529117053e+02
2.749584320220361064e+02
2.632054281785744934e+02
2.517617139099408234e+02
2.404726444287211109e+02
2.294928645223293984e+02
2.186677294033515295e+02
2.081518838592016891e+02
1.977906831024657777e+02
1.875841271331438804e+02
1.778415055260638553e+02
1.680988839189838302e+02
1.588201966741457056e+02
1.496961542167215669e+02
1.408195434191597428e+02
1.321903642814603188e+02
1.238086168036232380e+02
1.156588365069070932e+02
