1.082063525791574554e+11
1.081976534801624451e+11
1.081872145613684082e+11
1.081014200587883759e+11
1.080840334210628052e+11
1.079930564519319763e+11
1.079722063589786224e+11
1.078760596395879059e+11
1.078500143637928619e+11
1.077487117664595795e+11
1.077174782439815521e+11
1.076110336410230560e+11
1.075029023954819641e+11
1.073913562478238220e+11
1.072781327057946625e+11
1.071632352374738464e+11
1.070449390514061127e+11
1.069232510837501678e+11
1.067999042181463165e+11
1.066749019226739349e+11
1.065465240299835663e+11
1.063450794858673096e+11
1.062134531588678284e+11
1.060784697310734711e+11
1.058688439878093262e+11
1.057306456504727783e+11
1.055179090400464478e+11
1.053019401796812134e+11
1.051555606431967773e+11
1.049365271567271881e+11
1.047142914770062256e+11
1.045615075540191498e+11
1.043362511771986542e+11
1.041078226638144073e+11
1.038779329330043182e+11
1.036465889209269714e+11
1.034121051410263214e+11
1.031761855762816010e+11
1.029388371628514557e+11
1.026279435030473938e+11
1.023861466998587189e+11
1.021429476365928497e+11
1.018966758550374603e+11
1.015805430833868103e+11
1.013315835403478851e+11
1.010095862465442047e+11
1.007579759348680115e+11
1.004335059004994965e+11
1.001776171349521332e+11
9.985071482094436646e+10
9.952099873857063293e+10
9.926129970986209106e+10
9.892921724135643005e+10
9.859601111514668274e+10
9.826169173547087097e+10
9.799542647655751038e+10
9.765718585518185425e+10
9.731950012649960327e+10
9.697911392004295349e+10
9.663767226144241333e+10
9.629518555493608093e+10
9.595166420476187134e+10
9.560711861515786743e+10
9.526155919036195374e+10
9.484510644385591125e+10
9.449765691582321167e+10
9.414922592133912659e+10
9.379822854814822388e+10
9.338000592515560913e+10
9.302880393528401184e+10
9.267507949571051025e+10
9.225447777029505920e+10
9.190060535933662415e+10
9.154582662364567566e+10
9.112138457838151550e+10
9.076494232063694763e+10
9.034065749496925354e+10
8.998259448814942932e+10
8.955849693876576233e+10
8.913223993198370361e+10
8.877188914883020020e+10
8.834588415581307983e+10
8.798556111729421997e+10
8.755830299161123657e+10
8.713049922144642639e+10
8.670216367911712646e+10
8.634058519587951660e+10
8.591109593915859985e+10
8.548262398570884705e+10
8.505516933553031921e+10
8.469098054458099365e+10
8.426245078980900574e+10
8.383346556061788940e+10
8.340403872932498169e+10
8.297566619414945984e+10
8.254687055329527283e+10
8.211766567907971191e+10
8.175385606480416870e+10
8.132519799109686279e+10
8.089616189674220276e+10
8.046821709135116577e+10
8.004136357492375183e+10
7.961270896929579163e+10
7.918516414905455017e+10
7.875872911420005798e+10
7.833197154796752930e+10
7.790490532267434692e+10
7.747896737919097900e+10
7.705415771751745605e+10
7.662906251731216431e+10
7.620369565089239502e+10
7.577947556270562744e+10
7.529417566129617310e+10
7.487099830896231079e+10
7.444897698307299805e+10
7.402672676394767761e+10
7.360564181947840881e+10
7.318572214966522217e+10
7.276559670714494324e+10
7.234527936423481750e+10
7.192750759155554199e+10
7.150955316669805908e+10
7.109278251291975403e+10
7.061523376882078552e+10
7.019964110598942566e+10
6.978524146244885254e+10
6.937203483819902039e+10
6.895869295885513306e+10
6.854655334701355743e+10
6.813561600267430878e+10
6.772456652376992035e+10
6.725662435942494202e+10
6.684814472730672455e+10
6.644087661090236664e+10
6.603482001021186829e+10
6.562868479972314453e+10
6.522505585456612396e+10
6.482135754782244873e+10
6.441888000500418854e+10
6.395942538681486511e+10
6.355954196733808899e+10
6.316087931178675842e+10
6.276343742016081238e+10
6.236721629246028900e+10
6.197096857615153503e+10
6.157719360040761566e+10
6.118340128426702118e+10
6.079207246047971344e+10
6.040073554450727844e+10
5.995518445636620331e+10
5.956645669207906342e+10
5.918017276769562531e+10
5.879390040357663727e+10
5.841006263114981079e+10
5.802744562264839172e+10
5.764485404672875977e+10
5.726468319018395233e+10
5.688573309756454468e+10
5.650800376887055969e+10
5.613149520410198975e+10
5.575620740325883484e+10
5.538330795305004883e+10
5.501045705595193481e+10
5.463998526127664185e+10
5.427500910071596527e+10
5.390694981762773895e+10
5.354550959515290070e+10
5.317985819954598236e+10
5.282193114143605042e+10
5.245868300920462036e+10
5.210311990957109070e+10
5.174872902075229645e+10
5.139662775790950775e+10
5.104457678221707153e+10
5.069480641549437714e+10
5.034619924258015442e+10
5.000401275614144897e+10
4.965881204635129547e+10
4.931999341175340271e+10
4.897708625842918396e+10
4.864053158602024078e+10
4.830617879718016815e+10
4.797294180506435394e+10
4.764082060967279053e+10
4.730981521100548553e+10
4.698098533850411224e+10
4.665942837517313385e+10
4.633279356568462372e+10
4.601339397890442657e+10
4.569506371658541107e+10
4.537378824569369507e+10
4.505864063977907562e+10
4.474455380372994232e+10
4.443255301739995575e+10
4.412660009901713562e+10
4.381668952410148621e+10
4.350884372801839447e+10
4.320699481911624908e+10
4.290716560401531982e+10
4.260341826848598480e+10
4.230661310296128082e+10
4.200981510480054474e+10
4.171599919245607758e+10
4.142706020887310791e+10
4.113521566842448425e+10
4.085017908331027222e+10
4.056126865358049774e+10
4.027815546526467896e+10
3.999696012482032776e+10
3.971767049396977234e+10
3.943836467874898529e+10
3.916095648093687439e+10
3.888543376225578308e+10
3.861557626676870728e+10
3.834284026543476868e+10
3.807573503770681000e+10
3.780576170836999512e+10
3.754138493425637817e+10
3.727789645086273956e+10
3.701621529921247101e+10
3.676097298365287781e+10
3.650194710914301300e+10
3.624379380339348602e+10
3.599202141680975342e+10
3.574198804080651855e+10
3.548820659586487579e+10
3.523984911139826202e+10
3.499409962259049225e+10
3.475282441853358459e+10
3.450869914688037109e+10
3.426626710716044617e+10
3.402914920540332031e+10
3.378919175589052200e+10
3.355451653801067734e+10
3.332148010321857452e+10
3.308921311962795258e+10
3.285857012198658752e+10
3.262868917697745132e+10
3.240041742077909088e+10
3.217815353401289749e+10
3.195137559518614197e+10
3.173141104501808548e+10
3.151216323124564743e+10
3.129446125603482819e+10
3.107746884985564041e+10
3.086118601270810318e+10
3.064724944683235931e+10
3.043400811526035309e+10
3.022576891011378860e+10
3.001471454936952209e+10
2.980863295197901154e+10
2.960401800533865738e+10
2.939659645769629669e+10
2.919410062313138962e+10
2.899728827697832108e+10
2.879686901271570587e+10
2.859787825033058929e+10
2.840373482242998505e+10
2.820678629636175919e+10
2.801465712893807983e+10
2.781973026191602325e+10
2.763036145443657684e+10
2.744158938780779648e+10
2.725417380260900497e+10
2.707148509393922043e+10
2.688599255873089218e+10
2.670108335446646500e+10
2.652161071136532593e+10
2.633934117788432693e+10
2.616172869693506622e+10
2.598466648457339859e+10
2.580962153835741806e+10
2.563438365132785034e+10
2.546114360919969940e+10
2.528843441441487122e+10
2.512028562835102844e+10
2.494934607884747314e+10
2.478294173668841171e+10
2.461375264242715454e+10
2.444978173593379974e+10
2.428630399032168961e+10
2.412402111364263153e+10
2.396222515530200958e+10
2.380161158080883026e+10
2.364147868211129761e+10
2.348645437987473297e+10
2.332864324468836975e+10
2.317522165751448822e+10
2.301833823354984665e+10
2.286650410188958740e+10
2.271578888822497177e+10
2.256551250219869232e+10
2.241634301149304962e+10
2.226760633708823395e+10
2.211996453532901764e+10
2.197660373069915009e+10
2.183046349168872833e+10
2.168923532464371109e+10
2.154457583990607071e+10
2.140415330769023514e+10
2.126477408934058380e+10
2.112578791998207092e+10
2.098847220883588791e+10
2.085090217187190628e+10
2.071435232824522018e+10
2.057881400775748444e+10
2.044741981086806488e+10
2.031262539339737701e+10
2.018320326201966476e+10
2.004976567278691101e+10
1.992105276363291168e+10
1.979330259330191040e+10
1.966589645644078827e+10
1.953944196054880524e+10
1.941332594919977570e+10
1.928815048096600342e+10
1.916330794834825897e+10
1.904248804094950867e+10
1.891889829418968582e+10
1.879990317453360748e+10
1.867754702359273148e+10
1.855976122320027161e+10
1.844227853294155884e+10
1.832509895281659698e+10
1.820515704750246048e+10
1.809337449243638611e+10
1.797824119472087097e+10
1.786340037169581985e+10
1.774941916993491745e+10
1.763933678296080017e+10
1.752648559704941177e+10
1.741751565432285690e+10
1.730577876230134201e+10
1.719790577306799316e+10
1.709029728268514442e+10
1.698350240371395493e+10
1.687751350637988091e+10
1.677177893486360168e+10
1.666629868916511917e+10
1.656161170881286430e+10
1.645717396776205254e+10
1.635652660621752167e+10
1.625364452995309830e+10
1.615400279581266212e+10
1.605159596201957703e+10
1.595294748580027199e+10
1.585504880833288574e+10
1.575737347517457771e+10
1.566043823014605141e+10
1.556320715795037079e+10
1.546722320708304024e+10
1.537094342904855919e+10
1.527589620640921783e+10
1.518403094655842590e+10
1.508939873741267014e+10
1.499844315477106667e+10
1.490472108524508667e+10
1.481466107629005051e+10
1.472528820945364380e+10
1.463265627286483765e+10
1.454366732241065598e+10
1.445486796029337311e+10
1.436674175237473106e+10
1.427928176249606514e+10
1.419494859294454193e+10
1.410784708686632538e+10
1.402140035416628265e+10
1.393854146513945198e+10
1.385244177157805252e+10
1.376992113588889122e+10
1.368463389771270561e+10
1.360291253870727921e+10
1.352181474036603355e+10
1.344087508644239426e+10
1.336009357693636703e+10
1.327947021184794998e+10
1.319945722872224236e+10
1.312004803820849991e+10
1.304034036166678619e+10
1.296459427214779854e+10
1.288563142344428825e+10
1.280725930425393295e+10
1.273238277782651138e+10
1.265429677518117142e+10
1.257969873552423477e+10
1.250567096371238327e+10
1.243177636614693832e+10
1.235844371303617287e+10
1.228481338311594582e+10
1.221174083595519829e+10
1.213879730134566116e+10
1.206640322610520363e+10
1.199413400172075272e+10
1.192198962819231224e+10
1.185327738157500839e+10
1.178179148070936203e+10
1.171372684010627556e+10
1.164288715802311897e+10
1.157505187306662560e+10
1.150773483476521301e+10
1.143724034217839050e+10
1.137054686454114532e+10
1.130356125902137184e+10
1.123708199308429909e+10
1.117070885037483597e+10
1.110483418626824760e+10
1.104194010514356613e+10
1.097626878608856964e+10
1.091108623501431274e+10
1.084887721516065598e+10
1.078389026376081276e+10
1.072225567344743729e+10
1.065746235647705078e+10
1.059601562046090698e+10
1.053503661274421883e+10
1.047090361807893944e+10
1.041010495048759842e+10
1.034939506572719193e+10
1.028914169580972099e+10
1.022897340943857574e+10
1.016889020661374283e+10
1.011211867274452782e+10
1.005256342719690704e+10
9.992730966507890701e+09
9.936559179158092499e+09
9.877247392779687881e+09
9.821230744178743362e+09
9.762430615104682922e+09
9.706917069212394714e+09
9.651476352986106873e+09
9.592904423532197952e+09
9.537611794293455124e+09
9.482734640958873749e+09
9.427926849210964203e+09
9.372849240890901566e+09
9.318181906356000900e+09
9.263919643487257004e+09
9.209723274125856400e+09
9.158446102742155075e+09
9.104381057984848022e+09
9.050381906734878540e+09
8.999627606112033844e+09
8.946083582473272324e+09
8.895452861077346802e+09
8.845205940461000443e+09
8.791846765450716019e+09
8.741718453147579193e+09
8.691648404577243805e+09
8.641636619739715576e+09
8.591997191019964218e+09
8.542412789158972740e+09
8.492883414156740189e+09
8.443409066013266563e+09
8.393989744728551865e+09
8.344625450302598000e+09
8.298466701604650497e+09
8.249513374579723358e+09
8.200611837539507866e+09
8.154907060426326752e+09
8.109250374013236046e+09
8.060500507642544746e+09
8.015236985823232651e+09
7.966587231342636108e+09
7.921417116460043907e+09
7.876001577163280487e+09
7.830923135177737236e+09
7.785889778223532677e+09
7.741187507243037224e+09
7.696242817517126083e+09
7.651343212822551727e+09
7.606488693159314156e+09
7.565081444353632927e+09
7.520592460252151489e+09
7.476145555513251305e+09
7.434858071047223091e+09
7.390493706596460342e+09
7.349285525544526100e+09
7.305003701381902695e+09
7.264144755918860435e+09
7.223053333537821770e+09
7.179160049863202095e+09
7.138146543664525032e+09
7.097436147599600792e+09
7.056761819559747696e+09
7.016123559544961929e+09
6.975521367555243492e+09
6.935213962308881760e+09
6.894682519137568474e+09
6.854187143991325378e+09
6.813982393893235207e+09
6.776650716317709923e+09
6.736512553342823982e+09
6.699497858218385696e+09
6.659424895134971619e+09
6.622472625438537598e+09
6.582464862246592522e+09
6.545575017978163719e+09
6.505632454677689552e+09
6.468805035837264061e+09
6.432249514416588783e+09
6.395481862143344879e+09
6.358744728968236923e+09
6.319199145148810387e+09
6.282759341975233078e+09
6.246347514641610146e+09
6.213036381437482834e+09
6.176679234154686928e+09
6.140118857422945023e+09
6.104048867108969688e+09
6.067775647346046448e+09
6.034596763567170143e+09
5.998604458230265617e+09
5.965476555217593193e+09
5.929311423927232742e+09
5.896458308400422096e+09
5.860567964595924377e+09
5.827762246153338432e+09
5.794979648239642143e+09
5.759163290127594948e+09
5.726428089298125267e+09
5.693716008997545242e+09
5.661027049225855827e+09
5.628574381259428024e+09
5.596142521769000053e+09
5.563520611531091690e+09
5.531131525019112587e+09
5.498763246983133316e+09
5.466208386279009819e+09
5.437135130417843819e+09
5.404828237386070251e+09
5.372542152830295563e+09
5.340479759391535759e+09
5.311276103747430801e+09
5.279250934360186577e+09
5.250284379739849091e+09
5.218295278377675056e+09
5.189362942140096664e+09
5.160447252683320045e+09
5.128707043814649582e+09
5.099824532316830635e+09
5.071151839618692398e+09
5.042493712853755951e+09
5.013850152022019386e+09
4.985221157123483658e+09
4.956606728158151627e+09
4.928194835025897026e+09
4.899608497503164291e+09
4.871222614965911865e+09
4.842849217514260292e+09
4.814488305148207664e+09
4.786139877867758751e+09
4.760830528507307053e+09
4.732506377782192230e+09
4.704374474254799843e+09
4.679277718157495499e+09
4.651166045092883110e+09
4.625911491385902405e+09
4.597821089207868576e+09
4.572763406804389000e+09
4.544867101466389656e+09
4.520000510234189034e+09
4.494969300836289406e+09
4.467098081272136688e+09
4.442255072979404449e+09
4.417419463255916595e+09
4.392423050253996849e+09
4.367603162490154266e+09
4.342790673295557976e+09
4.317985582670205116e+09
4.293352393177153111e+09
4.268561174869135380e+09
4.243940008051106930e+09
4.219162662060422421e+09
4.194553517917417049e+09
4.172965070873940945e+09
4.148207608538103104e+09
4.123615689189120293e+09
4.102043310913223743e+09
4.077462142610174656e+09
4.052886523234059811e+09
4.031329404507230759e+09
4.009777141091468811e+09
3.985370417178897858e+09
3.963827401974692345e+09
3.939277561988289356e+09
3.917895003254583836e+09
3.896366091573000431e+09
3.871979944931142807e+09
3.850608137243369579e+09
3.829092519865898609e+09
3.807727995144726276e+09
3.786221279170879364e+09
3.764864037416306973e+09
3.743510032535779953e+09
3.722016264058110714e+09
3.700669542144184113e+09
3.679326057104302406e+09
3.657985808938465118e+09
3.636648797646672249e+09
3.615315023228925228e+09
3.596853743320519447e+09
3.575527020664083481e+09
3.554203534881691933e+09
3.535889995152896881e+09
3.514572751913306236e+09
3.493258745547759533e+09
3.475087628276928902e+09
3.453779055235671043e+09
3.435479387824210644e+09
3.414177057325753689e+09
3.395883170046515942e+09
3.377592057230743885e+09
3.356298974943842888e+09
3.338142076798279762e+09
3.319858824962331295e+09
3.301578347589848995e+09
3.280296709964749813e+09
3.262022012724489689e+09
3.243874940803705692e+09
3.225605098874513149e+09
3.207338031408787727e+09
3.189073738406528950e+09
3.170934296260277748e+09
3.152674858569087029e+09
3.134418195341362000e+09
3.116284302122045517e+09
3.098032494205387592e+09
3.079783460752196312e+09
3.064656739123008728e+09
3.046412329775596619e+09
3.028287337959902763e+09
3.010047783923555851e+09
2.993611492417488098e+09
2.976692259303957939e+09
2.959660290491556644e+09
2.942630911178391933e+09
2.925716857063332081e+09
2.908991998236183643e+09
2.892269682667212009e+09
2.875960692793213367e+09
2.859242804805525780e+09
2.842936947763192177e+09
2.826823280117260933e+09
2.810412189987683773e+09
2.794411177118770123e+09
2.778304272227538109e+09
2.762606149847354412e+09
2.746803314591825485e+09
2.731108197880396843e+09
2.715309570561125755e+09
2.699813093873658657e+09
2.684422509208509445e+09
2.668930159535449505e+09
2.653542522737734318e+09
2.638353976814294338e+09
2.623268941498696327e+09
2.608384083722231388e+09
2.593301926912480354e+09
2.578421057427249908e+09
2.563542453753849983e+09
2.549064043315012932e+09
2.534488931264093876e+09
2.520013295288724422e+09
2.505442067486657619e+09
2.490969205974755287e+09
2.476701342632259846e+09
2.462530712674012661e+09
2.448566098188443184e+09
2.434398173332076550e+09
2.420437304372188091e+09
2.406571483906567097e+09
2.392913713520166874e+09
2.379050540355104446e+09
2.365396434572533131e+09
2.351835238635308743e+09
2.338484081142788410e+09
2.325224769951285839e+09
2.311577900894256592e+09
2.298620405086888790e+09
2.285276368717267036e+09
2.272321369927019119e+09
2.259280073762688160e+09
2.246327560429295063e+09
2.233289743904562473e+09
2.220638872551339626e+09
2.207903645948459625e+09
2.195255202250769615e+09
2.182523374365636349e+09
2.170176445485206127e+09
2.157747057238487720e+09
2.145402498212268829e+09
2.132976427761446953e+09
2.120933256389579058e+09
2.108809475293733835e+09
2.096768615974755287e+09
2.084728681476931810e+09
2.072609524486865282e+09
2.060870838920218706e+09
2.049053809441428185e+09
2.037317378126348734e+09
2.025503504599750996e+09
2.014068195052939892e+09
2.002556298754180193e+09
1.991123185657613754e+09
1.979690951141145706e+09
1.968482245897989273e+09
1.957052196271501541e+09
1.945846508257365704e+09
1.934717395434914351e+09
1.923813430322798491e+09
1.912686444589006186e+09
1.901859019987781763e+09
1.890959239691394329e+09
1.880133895937769890e+09
1.869237028828023434e+09
1.858712402233412266e+09
1.848188584857312202e+09
1.837594434832327127e+09
1.827072640502505302e+09
1.816481322742309570e+09
1.806260106848326445e+09
1.796039677052326202e+09
1.785750879852397203e+09
1.775532415301352501e+09
1.765246369444361210e+09
1.755328344605982780e+09
1.745411082745058060e+09
1.735427360923837423e+09
1.725512006506545544e+09
1.715530955106412172e+09
1.705915901678613663e+09
1.696003206122144461e+09
1.686324305353815079e+09
1.676711852985516548e+09
1.667333865900695562e+09
1.657723251614443779e+09
1.648411678248860598e+09
1.639037297966546774e+09
1.629727516441952467e+09
1.620418451653753996e+09
1.611047655053417683e+09
1.602038602248100519e+09
1.592670291104620695e+09
1.583662983899235010e+09
1.574656370309715986e+09
1.565887898167768002e+09
1.556883007057651520e+09
1.548176937223178864e+09
1.539113736139200687e+09
1.530409354103337049e+09
1.521705642562811375e+09
1.513241979913490295e+09
1.504539933051044226e+09
1.496136591861598253e+09
1.487676189206850767e+09
1.478976465957558393e+09
1.470816329611510038e+09
1.462416225296108484e+09
1.454016768355516195e+09
1.445859799521925926e+09
1.437759869033108711e+09
1.429362654783818245e+09
1.421506715236381292e+09
1.413408969637543917e+09
1.405311848292986393e+09
1.397458960655362368e+09
1.389363388386240959e+09
1.381566255904036760e+09
1.373716397055697441e+09
1.365920767407871246e+09
1.358423508185374975e+09
1.350576631885262728e+09
1.343080829256087065e+09
1.335287881589611769e+09
1.327741687767719507e+09
1.320247919745085716e+09
1.312754729735674620e+09
1.305509079668828249e+09
1.298017323132208347e+09
1.290823775177216530e+09
1.283580922694366217e+09
1.276091166083494902e+09
1.269197156140543222e+09
1.261957078121159315e+09
1.254766859522328138e+09
1.247577195816189766e+09
1.240637407226034403e+09
1.233746622596863031e+09
1.226856369739855289e+09
1.219919240010522604e+09
1.213030316583926201e+09
1.206141924929494143e+09
1.199254065047227383e+09
1.192617802760345221e+09
1.186028660111341953e+09
1.179142638311120987e+09
1.172508942402945995e+09
1.165921591594931602e+09
1.159334749438553333e+09
1.153000915229821682e+09
1.146415333142267942e+09
1.140127555027085781e+09
1.133498899394209385e+09
1.127212346667058706e+09
1.120926279471015453e+09
1.114597346814408779e+09
1.108312493446132183e+09
1.102325328447583437e+09
1.096041434581255674e+09
1.090012802914142132e+09
1.083730111315316439e+09
1.077745050284897089e+09
1.071718753791201591e+09
1.065734848787226558e+09
1.059751406193829417e+09
1.053768426011010051e+09
1.048042199301518440e+09
1.042060363584879398e+09
1.036376031273737192e+09
1.030355006260628700e+09
1.024671783734873414e+09
1.018989000499167085e+09
1.013306656553509474e+09
1.007585527920638323e+09
1.002201230712906957e+09
9.965204127221560478e+08
9.908014574190006256e+08
9.854186399251182079e+08
9.800362386007558107e+08
9.743573742946963310e+08
9.689380841664893627e+08
9.635571509957114458e+08
9.581766339944535494e+08
9.530933545126106739e+08
9.476767463657550812e+08
9.422976743975529671e+08
9.372157937077080011e+08
9.320979952762316465e+08
9.267203567808206081e+08
9.216398633227090836e+08
9.165597629135886431e+08
9.114445424210838079e+08
9.063654246344411373e+08
9.012866998967899084e+08
8.965050277143222094e+08
8.913923389197305441e+08
8.866116031186829805e+08
8.815346239809628725e+08
8.767546395971044302e+08
8.719410379642390013e+08
8.671619784015359879e+08
8.623832887672952414e+08
8.576049690615168810e+08
8.527937719636560678e+08
8.480163770790332556e+08
8.432393521228724718e+08
8.387591831973999739e+08
8.339828865378996134e+08
8.294710771686406136e+08
8.249921336311993599e+08
8.205135369016915560e+08
8.157388702394778728e+08
8.112293382423144579e+08
8.070483489606839418e+08
8.025713128668761253e+08
7.980946235810017586e+08
7.935873227148765326e+08
7.894078247073591948e+08
7.849323376889872551e+08
7.807534986165432930e+08
7.762786936537735462e+08
7.720703874672589302e+08
7.678926928609951735e+08
7.637153219421358109e+08
7.595382747106810808e+08
7.553320724922955036e+08
7.511558344793517590e+08
7.469799201538125277e+08
7.431005034907637835e+08
7.389252249797689915e+08
7.347215891400902271e+08
7.308432475816348791e+08
7.269652065900551081e+08
7.227913615518515110e+08
7.189139332542876005e+08
7.150088874849638939e+08
7.111322106045886278e+08
7.072558342910888195e+08
7.033797585444648266e+08
6.995039833647161722e+08
6.956013421303970814e+08
6.920223073786923885e+08
6.881475726227439642e+08
6.845691043239972591e+08
6.806683705333114862e+08
6.770906074106957912e+08
6.732172020851585865e+08
6.696400054155005217e+08
6.660630861921894550e+08
6.624605609831320047e+08
6.588843353756877184e+08
6.553083872145898342e+08
6.517327164998387098e+08
6.481573232314341068e+08
6.445570175931502581e+08
6.409823179406125546e+08
6.377036766605163813e+08
6.341295203404074907e+08
6.308513992722113132e+08
6.272532669636431932e+08
6.239757932702559233e+08
6.206985739026865959e+08
6.171259088566912413e+08
6.138492097010217905e+08
6.105488929250907898e+08
6.072728295839658976e+08
6.039970205686588287e+08
6.007214658791694641e+08
5.974461655154979229e+08
5.941711194776442051e+08
5.911688031985815763e+08
5.878943814150079489e+08
5.846202139572520256e+08
5.816418505461198092e+08
5.783681801797350645e+08
5.753677829045703411e+08
5.723902402722138166e+08
5.691174369256623983e+08
5.661403682641481161e+08
5.631635308079227209e+08
5.601650062955981493e+08
5.571887468525950909e+08
5.542127186148806810e+08
5.512369215824555159e+08
5.482613557553189993e+08
5.452646808853057623e+08
5.422896930713915825e+08
5.393149364627661705e+08
5.366357526954758763e+08
5.336614469371639490e+08
5.306873723841410875e+08
5.279881662388315201e+08
5.250146581387662292e+08
5.223366535184493661e+08
5.196588569828924537e+08
5.166860193781650662e+08
5.140086505723924637e+08
5.113114674733608961e+08
5.086346188794884086e+08
5.059579783703760505e+08
5.032815459460235834e+08
5.006053216064311266e+08
4.979293053515987396e+08
4.952340990577873588e+08
4.925586030148548484e+08
4.898833150566825271e+08
4.872082351832701564e+08
4.848284507048459053e+08
4.821348859685856700e+08
4.794605228315688968e+08
4.770814088484826088e+08
4.744074503207213879e+08
4.720287178263615966e+08
4.696501702962329388e+08
4.669585130036062598e+08
4.645804394443199635e+08
4.622025508492647409e+08
4.595298986313859224e+08
4.571523915250574946e+08
4.547750693829601407e+08
4.523801987594348192e+08
4.500033390279152989e+08
4.476266642606267929e+08
4.452501744575695395e+08
4.428738696187433004e+08
4.404804787090671659e+08
4.383994577049646378e+08
4.360237886806830168e+08
4.336483046206324100e+08
4.312730055248129368e+08
4.291926665763126612e+08
4.268009865857743025e+08
4.247210638067942858e+08
4.223465739294858575e+08
4.202669863981747031e+08
4.178928548890641332e+08
4.158136026054217815e+08
4.137182815542006493e+08
4.113447742993701696e+08
4.092661000289500356e+08
4.071875876022320986e+08
4.051092370192164183e+08
4.030310482799031734e+08
4.006426976455250382e+08
3.985649250757315755e+08
3.964873143496404886e+08
3.944098654672515392e+08
3.923325784285649061e+08
3.905346567404609323e+08
3.884577627507653832e+08
3.863810306047719717e+08
3.843044603024809957e+08
3.822280518438920975e+08
3.804462682849535346e+08
3.783553170136926174e+08
3.762794634477972388e+08
3.744981885404943228e+08
3.724226471017388105e+08
3.706416612010470629e+08
3.685519584383461475e+08
3.667713309058522582e+08
3.646964946432279348e+08
3.629161561173450351e+08
3.611359563146355152e+08
3.590474789399658442e+08
3.572676375054541826e+08
3.554879347941159010e+08
3.537083708059508204e+08
3.519289455409591198e+08
3.498554155882170796e+08
3.480626035369979143e+08
3.462836753633773327e+08
3.445048859129301310e+08
3.427262351856562495e+08
3.409477231815558076e+08
3.391560209157232642e+08
3.373778557195561528e+08
3.358939570548414588e+08
3.341160577447566390e+08
3.323382971578450799e+08
3.305606752941067815e+08
3.287702677778921127e+08
3.272870511687797904e+08
3.255099032758837938e+08
3.237328941061612368e+08
3.222500474255110621e+08
3.204607034536254406e+08
3.189781573398509026e+08
3.172017493038794398e+08
3.157194459556581974e+08
3.139433038057689667e+08
3.124489546619958282e+08
3.106731477597755194e+08
3.091913877439832687e+08
3.077097433308355212e+08
3.059343294776062369e+08
3.044409513960465193e+08
3.029597231524187922e+08
3.014786105114355683e+08
2.997037862316929698e+08
2.982229163562629819e+08
2.967304862163877487e+08
2.952499053475689888e+08
2.937694400813945532e+08
2.922597146298828721e+08
2.907794817250239253e+08
2.892993644228092432e+08
2.878374059839852452e+08
2.863575765323552489e+08
2.849072315351927876e+08
2.834569998286219239e+08
2.820362479524127841e+08
2.805751958383212090e+08
2.791547225644852519e+08
2.777343602691878080e+08
2.763434697120670676e+08
2.749526878214319944e+08
2.735512427428728342e+08
2.721607325184522867e+08
2.707703309605175257e+08
2.694093918925477862e+08
2.680485591790111065e+08
2.666773291636321843e+08
2.653461115355511010e+08
2.639856499065029621e+08
2.626839884065288901e+08
2.613530829055878520e+08
2.600120378967018723e+08
2.587107347649256289e+08
2.574095333634764552e+08
2.561084336923545003e+08
2.548367745466950536e+08
2.535258867996672094e+08
2.522544773557198048e+08
2.509831673300465941e+08
2.497412897376509607e+08
2.484701773924997151e+08
2.472284951685731113e+08
2.459772144570776820e+08
2.447651022335755229e+08
2.435237587253971696e+08
2.423118372462582886e+08
2.411000105612878501e+08
2.398788212181432545e+08
2.386672315185939968e+08
2.374850557558990419e+08
2.363029724753196836e+08
2.351209816768558621e+08
2.339298582694803774e+08
2.327774120388591588e+08
2.316250559783006012e+08
2.304434790373039246e+08
2.293206143673714995e+08
2.281595291511304080e+08
2.270075788558539450e+08
2.258850240010086894e+08
2.247625570041731596e+08
2.236401778653474748e+08
2.225384083659746945e+08
2.214162477161470652e+08
2.203234732585389912e+08
2.192307843468879163e+08
2.181381809811937213e+08
2.170663918716331422e+08
2.159740012148046792e+08
2.149109875019844472e+08
2.138480570230681896e+08
2.127852097780559361e+08
2.117140888517802358e+08
2.106807353094470799e+08
2.096474626889649332e+08
2.085849876844678223e+08
2.075518780637144148e+08
2.065399757480856776e+08
2.055070672759335935e+08
2.045035172513665557e+08
2.035000458365977407e+08
2.024966530316271186e+08
2.014933388364547789e+08
2.004821856259621084e+08
1.995083385448605418e+08
1.985345677615043819e+08
1.975316049983711243e+08
1.965579879665320218e+08
1.956059863171525002e+08
1.946325588736503422e+08
1.936884702252836823e+08
1.927444555626093447e+08
1.918005148856275380e+08
1.908566481943381131e+08
1.899053517210898697e+08
1.889616699940315783e+08
1.880473166578707993e+08
1.871330349953495860e+08
1.862188250064679384e+08
1.853046866912257969e+08
1.843833324589170218e+08
1.834986207968201637e+08
1.825847321832900643e+08
1.817001604003929794e+08
1.808156579790825844e+08
1.799312249193588793e+08
1.790397828713020384e+08
1.781847625924062729e+08
1.773005711422094107e+08
1.764456861184076667e+08
1.755908681441396475e+08
1.747361172194054127e+08
1.738814333442049325e+08
1.730199739980131388e+08
1.721946878752968609e+08
1.713402375174382031e+08
1.705150820257101357e+08
1.696899912714629471e+08
1.688649652546966374e+08
1.680400039754112661e+08
1.672377146867557764e+08
1.664129140951461792e+08
1.656173979654291570e+08
1.648219442611401379e+08
1.640265529822791517e+08
1.632312241288461089e+08
1.624359577008410990e+08
1.616699676425435245e+08
1.608748249093680680e+08
1.601026200529048443e+08
1.593076322272728980e+08
1.585419149912162721e+08
1.577762578685347736e+08
1.570398667113226950e+08
1.562743286593649685e+08
1.555088507207823396e+08
1.547726352795898318e+08
1.540364776397195458e+08
1.532711777292093933e+08
1.525290977658638954e+08
1.518223401905306280e+08
1.510864426566103697e+08
1.503506029240123630e+08
1.496440141285399795e+08
1.489082888425600231e+08
1.482018121816528440e+08
1.474953910100149214e+08
1.467890253276463747e+08
1.460827151345471442e+08
1.453764604307173193e+08
1.446994462597751021e+08
1.439933013784574568e+08
1.433163947179746032e+08
1.426395412347082198e+08
1.419335605091456771e+08
1.412568145363386273e+08
1.406092998482076824e+08
1.399326590738071501e+08
1.392560714766229391e+08
1.386087116960355639e+08
1.379322292972578704e+08
1.372849724030241072e+08
1.366377663739538491e+08
1.359906112100471854e+08
1.353435069113040566e+08
1.346964534777245224e+08
1.340494509093085080e+08
1.334316645972248614e+08
1.327847626031094939e+08
1.321670745532736480e+08
1.315202731334589869e+08
1.309078727485803515e+08
1.302903072375475764e+08
1.296727902796255499e+08
1.290553218748140931e+08
1.284379020231133848e+08
1.278496868674805462e+08
1.272323629659746885e+08
1.266442414484838992e+08
1.260561661720508337e+08
1.254439599996148944e+08
1.248559552407949567e+08
1.242679967230328023e+08
1.236800844463284165e+08
1.230922184106818438e+08
1.225335455108387172e+08
1.219457708012812436e+08
1.213920017656157762e+08
1.208042952616185248e+08
1.202457784253454059e+08
1.196873055180771649e+08
1.191336023759190440e+08
1.185751953621581793e+08
1.180168322774021626e+08
1.174585131216510832e+08
1.169002378949048370e+08
1.163757602572906166e+08
1.158175497680252790e+08
1.152885185422460884e+08
1.147349471871026307e+08
1.142059795427778959e+08
1.136770535154051632e+08
1.131481691049844325e+08
1.126237955097502172e+08
1.120949735247574300e+08
1.115661931567167044e+08
1.110709907327835113e+08
1.105422716341443509e+08
1.100135941524571776e+08
1.095140843739916831e+08
1.090189409074071497e+08
1.084903651560471058e+08
1.079909547958558351e+08
1.074958506341703981e+08
1.069964992313278019e+08
1.064971871333843768e+08
1.060021222765980363e+08
1.055319894421406835e+08
1.050327744504185766e+08
1.045627167576800883e+08
1.040677108582424670e+08
1.035977098107997775e+08
1.030986300741716623e+08
1.026327791616647989e+08
1.021628717523641437e+08
1.016930013359097391e+08
1.012231679123014659e+08
1.007573724890639633e+08
1.002875945547250658e+08
9.981785361323241889e+07
9.937725841045902669e+07
9.890759029863238335e+07
9.846706561347205937e+07
9.800136267235010862e+07
9.756089116440623999e+07
9.712045433725571632e+07
9.668005219089850783e+07
9.621058291562037170e+07
9.577025128687629104e+07
9.532995433892555535e+07
9.488969207176813483e+07
9.447480805314730108e+07
9.403463133194677532e+07
9.359448929153959453e+07
9.318347449342857301e+07
9.273971524627648294e+07
9.232878252604304254e+07
9.188879423715297878e+07
9.147429170725879073e+07
9.106347343364329636e+07
9.064908419434072077e+07
9.020926584133800864e+07
8.979499220467986166e+07
8.940985968263518810e+07
8.899571320888590813e+07
8.858163147261756659e+07
8.816761447383011878e+07
8.775366221252350509e+07
8.736883950556595623e+07
8.695501440716831386e+07
8.656687043623560667e+07
8.615318868511708081e+07
8.576521349404533207e+07
8.538072603475666046e+07
8.499291615546646714e+07
8.457615243784683943e+07
8.418852636676128209e+07
8.380099046573846042e+07
8.341354473477828503e+07
8.302288293824946880e+07
8.266136572441342473e+07
8.227421709224945307e+07
8.188389632352177799e+07
8.149369578154432774e+07
8.113262248186296225e+07
8.074265776928016543e+07
8.038181105078196526e+07
7.998889269063346088e+07
7.962828642563568056e+07
7.926462940685082972e+07
7.890111111123934388e+07
7.853773153880116343e+07
7.814240748762159050e+07
7.777932501397970319e+07
7.741329004879847169e+07
7.704742155142524838e+07
7.671065601979282498e+07
7.634511352187696099e+07
7.597670061029936373e+07
7.560848191116444767e+07
7.527237300255250931e+07
7.490152434325632453e+07
7.456276929011288285e+07
7.419531125637845695e+07
7.385396323591996729e+07
7.348395616387535632e+07
7.314302431293687224e+07
7.279937811190669239e+07
7.245886589856757224e+07
7.211566476771850884e+07
7.174387972700223327e+07
7.140114678686319292e+07
7.105578966669510305e+07
7.074230766368174553e+07
7.039743491859389842e+07
7.005281649932387471e+07
6.970564904174366593e+07
6.936155199040009081e+07
6.904365165431578457e+07
6.869729803935250640e+07
6.837991907119469345e+07
6.803411225673967600e+07
6.771452412204638124e+07
6.736655900621944666e+07
6.704753963653685153e+07
6.670017103035528958e+07
6.638172042568339407e+07
6.606087684627134353e+07
6.574299269455726445e+07
6.542273868863191456e+07
6.510278524958214909e+07
6.478050819737888873e+07
6.446116745234471560e+07
6.413952621468594670e+07
6.382079816366737336e+07
6.349979274055309594e+07
6.317911100484327972e+07
6.285619813809553534e+07
6.256460087170338631e+07
6.224235272016122937e+07
6.194884223000342399e+07
6.162727035393133014e+07
6.133440145845021307e+07
6.101350585784815252e+07
6.071880003634671122e+07
6.039612531104654074e+07
6.010210385720022768e+07
5.980841533896996081e+07
5.951505975635570288e+07
5.919380925563517958e+07
5.889872425745993108e+07
5.860399300337668508e+07
5.830961549338547140e+07
5.801559172748627514e+07
5.772192170567911863e+07
5.742860542796397209e+07
5.713329153655271232e+07
5.686642051978237927e+07
5.657183492503117025e+07
5.627762388284797221e+07
5.598378739323279262e+07
5.571831054435457289e+07
5.542291110698639601e+07
5.515584818982632458e+07
5.486348910200724006e+07
5.459714176521629840e+07
5.430101749926742911e+07
5.403540423926874250e+07
5.377014241130921990e+07
5.347519960438662767e+07
5.320845806257811189e+07
5.294208644923184067e+07
5.267608476434781402e+07
5.241045300792603195e+07
5.214301438217146695e+07
5.187813173088573664e+07
5.161146070669033378e+07
5.134517810738028586e+07
5.107928393295560032e+07
5.081377818341626972e+07
5.054866085876230150e+07
5.030934142024423182e+07
5.004498591701719910e+07
4.977892411875806004e+07
4.954071562165318429e+07
4.927544223342920840e+07
4.903797128119592369e+07
4.877348630300711095e+07
4.853470094870641828e+07
4.827101362876431644e+07
4.803299125191701204e+07
4.779534111558483541e+07
4.753082492468202114e+07
4.729394585798832774e+07
4.705543795003432781e+07
4.681931145655602217e+07
4.658157230618761480e+07
4.634422158070457727e+07
4.610725928010688722e+07
4.587068540439455211e+07
4.563254742490279675e+07
4.539481405466660857e+07
4.515748529368600249e+07
4.494749193401253968e+07
4.471094349088197947e+07
4.447288643324132264e+07
4.423715530080705881e+07
4.402864281100901216e+07
4.379558209966157377e+07
4.359343469146703929e+07
4.338971624333442748e+07
4.320070823170830309e+07
4.304030956253118068e+07
4.287991089335402846e+07
4.271951222417690605e+07
4.255911355499977618e+07
4.239871488582263887e+07
4.223831621664549410e+07
4.207791754746837169e+07
4.191751887829122692e+07
4.175712020911409706e+07
4.159672153993695974e+07
4.143632287075982243e+07
4.127592420158270001e+07
4.114225864393507689e+07
4.098185997475793958e+07
4.082146130558079481e+07
4.066106263640367985e+07
4.050066396722652763e+07
4.034026529804940522e+07
4.017986662887226790e+07
4.004620107122465968e+07
3.988580240204752237e+07
3.972540373287039250e+07
3.956500506369325519e+07
3.943133950604563951e+07
3.927094083686850220e+07
3.911054216769137233e+07
3.897687661004376411e+07
3.881647794086662680e+07
3.865607927168948948e+07
3.852241371404187381e+07
3.836201504486474395e+07
3.820161637568760663e+07
3.806795081803999841e+07
3.790755214886286110e+07
3.777388659121524543e+07
3.761348792203810811e+07
3.745308925286097825e+07
3.731942369521335512e+07
3.715902502603623271e+07
3.702535946838862449e+07
3.686496079921148717e+07
3.673129524156388640e+07
3.657089657238674164e+07
3.643723101473913342e+07
3.630356545709151030e+07
3.614316678791437298e+07
3.600950123026675731e+07
3.584910256108963490e+07
3.571543700344201177e+07
3.558177144579441100e+07
3.542137277661726624e+07
3.528770721896965802e+07
3.515404166132204235e+07
3.499364299214490503e+07
3.485997743449728936e+07
3.472631187684967369e+07
3.459264631920206547e+07
3.443224765002494305e+07
3.429858209237732738e+07
3.416491653472971171e+07
3.403125097708210349e+07
3.387085230790496618e+07
3.373718675025735795e+07
3.360352119260974228e+07
3.346985563496213406e+07
3.333619007731452212e+07
3.320252451966691017e+07
3.306885896201929450e+07
3.290846029284215719e+07
3.277479473519454524e+07
3.264112917754692957e+07
3.250746361989931762e+07
3.237379806225170568e+07
3.224013250460409373e+07
3.210646694695648178e+07
3.197280138930886984e+07
3.183913583166125789e+07
3.170547027401364595e+07
3.157180471636603400e+07
3.143813915871842206e+07
3.130447360107081011e+07
3.117080804342319816e+07
3.103714248577558622e+07
3.093021003965749219e+07
3.079654448200988024e+07
3.066287892436226830e+07
3.052921336671465635e+07
3.039554780906704441e+07
3.026188225141943246e+07
3.012821669377181679e+07
3.002128424765373394e+07
2.988761869000612199e+07
2.975395313235850260e+07
2.962028757471089065e+07
2.948662201706327870e+07
2.937968957094519213e+07
2.924602401329757646e+07
2.911235845564996451e+07
2.900542600953188166e+07
2.887176045188426599e+07
2.873809489423665032e+07
2.860442933658903837e+07
2.849749689047095180e+07
2.836383133282333612e+07
2.825689888670524955e+07
2.812323332905763760e+07
2.798956777141002566e+07
2.788263532529193535e+07
2.774896976764432341e+07
2.764203732152623311e+07
2.750837176387862116e+07
2.737470620623100922e+07
2.726777376011291891e+07
2.713410820246531069e+07
2.702717575634721294e+07
2.689351019869960099e+07
2.678657775258151442e+07
2.666360543954570964e+07
2.654330643766285852e+07
2.642568074693296105e+07
2.630538174505010992e+07
2.618775605432020873e+07
2.607013036359031126e+07
2.595250467286041006e+07
2.583487898213051632e+07
2.571725329140060768e+07
2.559962760067071021e+07
2.548467522109376639e+07
2.536704953036386892e+07
2.525209715078692883e+07
2.513714477120997384e+07
2.502219239163302630e+07
2.490724001205608249e+07
2.479228763247914240e+07
2.467733525290219486e+07
2.456505618447819352e+07
2.445010380490124598e+07
2.433782473647725210e+07
2.422554566805325821e+07
2.411059328847631812e+07
2.399831422005231678e+07
2.388870846278127655e+07
2.377642939435729012e+07
2.366415032593328878e+07
2.355454456866224483e+07
2.344226550023825467e+07
2.333265974296721444e+07
2.322305398569617048e+07
2.311077491727217659e+07
2.300116916000113636e+07
2.289423671388304234e+07
2.278463095661200210e+07
2.267502519934096187e+07
2.256809275322286785e+07
2.245848699595182389e+07
2.235155454983373731e+07
2.224462210371564329e+07
2.213768965759755298e+07
2.203075721147946641e+07
2.192382476536137983e+07
2.181689231924328208e+07
2.170995987312519550e+07
2.160570073816006258e+07
2.150144160319492221e+07
2.139450915707683563e+07
2.129025002211169153e+07
2.118599088714655489e+07
2.108173175218141824e+07
2.097747261721628159e+07
2.087321348225114122e+07
2.077162765843896195e+07
2.066736852347381786e+07
2.056578269966163486e+07
2.046419687584945187e+07
2.035993774088431522e+07
2.025835191707212478e+07
2.015676609325994179e+07
2.005518026944775507e+07
1.995626775678851828e+07
1.985468193297633529e+07
1.975309610916415229e+07
1.965418359650491551e+07
1.955259777269272879e+07
1.945368526003349945e+07
1.935477274737427011e+07
1.925586023471503705e+07
1.915694772205580026e+07
1.905803520939656720e+07
1.896179600789028779e+07
1.886288349523105100e+07
1.876664429372477159e+07
1.866773178106553480e+07
1.857149257955925912e+07
1.847525337805298343e+07
1.837901417654669657e+07
1.828277497504041344e+07
1.818653577353413031e+07
1.809029657202784717e+07
1.799673068167452514e+07
1.790049148016824946e+07
1.780692558981491253e+07
1.771068638830863312e+07
1.761712049795531109e+07
1.752355460760197788e+07
1.742998871724864468e+07
1.733642282689532265e+07
1.724553024769494310e+07
1.715196435734161735e+07
1.705839846698828414e+07
1.696750588778790832e+07
1.687393999743457884e+07
1.678304741823420674e+07
1.669215483903382905e+07
1.660126225983345509e+07
1.651036968063307740e+07
1.641947710143269971e+07
1.632858452223232575e+07
1.623769194303194806e+07
1.614947267498451844e+07
1.605858009578414634e+07
1.597036082773672231e+07
1.588214155968929455e+07
1.579392229164187610e+07
1.570570302359444834e+07
1.561748375554702617e+07
1.552926448749960214e+07
1.544104521945217624e+07
1.535282595140475407e+07
1.526727999451028183e+07
1.517906072646285594e+07
1.509351476956838556e+07
1.500796881267391518e+07
1.491974954462648742e+07
1.483420358773201518e+07
1.474865763083754294e+07
1.466311167394307256e+07
1.458023902820155397e+07
1.449469307130708173e+07
1.440914711441261135e+07
1.432627446867109090e+07
1.424340182292957231e+07
1.415785586603509821e+07
1.407498322029358149e+07
1.399211057455205731e+07
1.390923792881053872e+07
1.382636528306902014e+07
1.374349263732749969e+07
1.366329330273893289e+07
1.358042065699741244e+07
1.349754801125589386e+07
1.341734867666732520e+07
1.333714934207875654e+07
1.325427669633723982e+07
1.317407736174867116e+07
1.309387802716010436e+07
1.301367869257153571e+07
1.293347935798296891e+07
1.285595333454735577e+07
1.277575399995878711e+07
1.269822797652317211e+07
1.261802864193460345e+07
1.254050261849899217e+07
1.246030328391042352e+07
1.238277726047480665e+07
1.230525123703919165e+07
1.222772521360357665e+07
1.215019919016795978e+07
1.207534647788529843e+07
1.199782045444968529e+07
1.192029443101406656e+07
1.184544171873140708e+07
1.176791569529578835e+07
1.169306298301312886e+07
1.161821027073046379e+07
1.154068424729484878e+07
1.146583153501218557e+07
1.139097882272952422e+07
1.131879942159981467e+07
1.124394670931715146e+07
1.116909399703448825e+07
1.109424128475182317e+07
1.102206188362211362e+07
1.094988248249240592e+07
1.087502977020974085e+07
1.080285036908003129e+07
1.073067096795031801e+07
1.065849156682060659e+07
1.058631216569089703e+07
1.051413276456118748e+07
1.044195336343147419e+07
1.037244727345471829e+07
1.030026787232500874e+07
1.023076178234824911e+07
1.015858238121853955e+07
1.008907629124177806e+07
1.001957020126502030e+07
9.950064111288264394e+06
9.877884710158552974e+06
9.808378620181791484e+06
9.741545841357985511e+06
9.672039751381227747e+06
9.602533661404471844e+06
9.535700882580665872e+06
9.466194792603904381e+06
9.399362013780098408e+06
9.329855923803338781e+06
9.263023144979532808e+06
9.196190366155726835e+06
9.129357587331920862e+06
9.062524808508114889e+06
8.995692029684308916e+06
8.928859250860502943e+06
8.862026472036698833e+06
8.797867004365844652e+06
8.731034225542038679e+06
8.666874757871182635e+06
8.602715290200328454e+06
8.535882511376522481e+06
8.471723043705670163e+06
8.407563576034815982e+06
8.343404108363960870e+06
8.279244640693108551e+06
8.215085173022255301e+06
8.153599016504353844e+06
8.089439548833498731e+06
8.025280081162646413e+06
7.963793924644744955e+06
7.899634456973889843e+06
7.838148300455988385e+06
7.776662143938085064e+06
7.715175987420184538e+06
7.653689830902282149e+06
7.592203674384379759e+06
7.530717517866478302e+06
7.469231361348577775e+06
7.407745204830675386e+06
7.348932359465727583e+06
7.287446202947824262e+06
7.228633357582876459e+06
7.169820512217925861e+06
7.108334355700024404e+06
7.049521510335074738e+06
6.990708664970125072e+06
6.931895819605176337e+06
6.873082974240226671e+06
6.814270128875276074e+06
6.758130594663279131e+06
6.699317749298330396e+06
6.640504903933380730e+06
6.584365369721383788e+06
6.525552524356434122e+06
6.469412990144436248e+06
6.413273455932441168e+06
6.357133921720443293e+06
6.300994387508444488e+06
6.244854853296447545e+06
6.188715319084451534e+06
6.132575784872453660e+06
6.076436250660457648e+06
6.022970027601411566e+06
5.966830493389415555e+06
5.913364270330370404e+06
5.857224736118372530e+06
5.803758513059327379e+06
5.750292290000284091e+06
5.694152755788285285e+06
5.640686532729241066e+06
5.587220309670194983e+06
5.536427397764102556e+06
5.482961174705058336e+06
5.429494951646013185e+06
5.376028728586968035e+06
5.325235816680876538e+06
5.271769593621830456e+06
5.220976681715737097e+06
5.170183769809645601e+06
5.119390857903552242e+06
5.068597945997459814e+06
5.017805034091367386e+06
4.967012122185274027e+06
4.916219210279181600e+06
4.865426298373089172e+06
4.814633386466996744e+06
4.766513785713855177e+06
4.715720873807762749e+06
4.667601273054623045e+06
4.616808361148529686e+06
4.568688760395389982e+06
4.520569159642250277e+06
4.472449558889107779e+06
4.424329958135968074e+06
4.376210357382827438e+06
4.328090756629688665e+06
4.279971155876547098e+06
4.231851555123406462e+06
4.186405265523219015e+06
4.138285664770077914e+06
4.092839375169890001e+06
4.047393085569701623e+06
3.999273484816560987e+06
3.953827195216372143e+06
3.908380905616185628e+06
3.862934616015996318e+06
3.817488326415807474e+06
3.772042036815620027e+06
3.729269058368384838e+06
3.683822768768196460e+06
3.638376479168007616e+06
3.595603500720771961e+06
3.550157211120583583e+06
3.507384232673347462e+06
3.464611254226111341e+06
3.421838275778876152e+06
3.376391986178687774e+06
3.333619007731452119e+06
3.293519340437167790e+06
3.250746361989932600e+06
3.207973383542696014e+06
3.165200405095460359e+06
3.125100737801176962e+06
3.082327759353941306e+06
3.042228092059656512e+06
3.002128424765372649e+06
2.959355446318136994e+06
2.919255779023853596e+06
2.879156111729569733e+06
2.839056444435285870e+06
2.798956777141002472e+06
2.758857109846719075e+06
2.721430753705387004e+06
2.681331086411103606e+06
2.642568074693295639e+06
2.603805062975488137e+06
2.565309382372975815e+06
2.527081032885759138e+06
2.489120014513837174e+06
2.451426327257209923e+06
2.413732640000583604e+06
2.376573614974547643e+06
2.339414589948511217e+06
2.302522896037770435e+06
2.265898533242324367e+06
2.229541501562174410e+06
2.193451800997318700e+06
2.157629431547758635e+06
2.121807062098198105e+06
2.086519354879228631e+06
2.051498978775554104e+06
2.016478602671879809e+06
1.981725557683500694e+06
1.947239843810416292e+06
1.912754129937332822e+06
1.878803078294839012e+06
1.845119357767641079e+06
1.811435637240442447e+06
1.778019247828539228e+06
1.745137520647226600e+06
1.712255793465914205e+06
1.679641397399896756e+06
1.647294332449174486e+06
1.615214598613747163e+06
1.583134864778320771e+06
1.551589793173484271e+06
1.520044721568647074e+06
1.489034312194401631e+06
1.458291233935450902e+06
1.427548155676499708e+06
1.397072408532843925e+06
1.366863992504484020e+06
1.336922907591418596e+06
1.307249153793648584e+06
1.277842731111173751e+06
1.248703639543994097e+06
1.219564547976815142e+06
1.190960118640226079e+06
1.162623020418931963e+06
1.134285922197638545e+06
1.106483486206935020e+06
1.078681050216231728e+06
1.051413276456118561e+06
1.024145502696006093e+06
9.974123911664831685e+05
9.706792796369608259e+05
9.442134992227335460e+05
9.180150499238015618e+05
8.923512628554598195e+05
8.666874757871183101e+05
8.412910198340720963e+05
8.164292261116161244e+05
7.915674323891603854e+05
7.669729697819995927e+05
7.429131694054292748e+05
7.188533690288591897e+05
6.953282308828794630e+05
6.718030927368996199e+05
6.488126168215103680e+05
6.258221409061209997e+05
6.033663272213218734e+05
5.814451757671135711e+05
5.595240243129051523e+05
5.378702039739920292e+05
5.167510458656693227e+05
4.958992188726417953e+05
4.753147229949095636e+05
4.549975582324723946e+05
4.352150557006258168e+05
4.156998842840743600e+05
3.967193750981134945e+05
3.780061970274476917e+05
3.598276811873724801e+05
3.419164964625923894e+05
3.242726428531075944e+05
3.074307825895083370e+05
2.905889223259091959e+05
2.745490554081957089e+05
2.587765196057774592e+05
2.434317135878315312e+05
2.285146373543580412e+05
2.140252909053569019e+05
1.999369411292985606e+05
