5.29056e+12	0
7.05408e+12	0
8.8176e+12	0
1.05811e+13	0
1.23446e+13	0
1.41082e+13	0
1.58717e+13	0
1.76352e+13	0
1.93987e+13	0
2.11622e+13	0
2.29258e+13	0
2.46893e+13	0
2.64528e+13	0
2.82163e+13	0
2.99798e+13	0
3.17434e+13	0
3.35069e+13	0
3.52704e+13	0
3.70339e+13	0
3.87974e+13	0
4.0561e+13	0
4.23245e+13	0
4.4088e+13	0
4.58515e+13	0
4.7615e+13	0
4.93785e+13	0
5.11421e+13	0
5.29056e+13	0
5.46691e+13	0
5.64326e+13	0
5.81961e+13	0
5.99597e+13	0
6.17232e+13	0
6.34867e+13	0
6.52502e+13	0
6.70137e+13	0
6.87773e+13	0
7.05408e+13	0
7.23043e+13	0
7.40678e+13	0
7.58313e+13	0
7.75949e+13	0
7.93584e+13	0
8.11219e+13	0
8.28854e+13	0
8.46489e+13	0
8.64125e+13	0
8.8176e+13	0
8.99395e+13	0
9.1703e+13	0
9.34665e+13	0
9.52301e+13	0
9.69936e+13	0
9.87571e+13	0
1.00521e+14	0
1.02284e+14	0
1.04048e+14	0
1.05811e+14	0
1.07575e+14	0
1.09338e+14	0
1.11102e+14	0
1.12865e+14	0
1.14629e+14	0
1.16392e+14	0
1.18156e+14	0
1.19919e+14	0
1.21683e+14	0
1.23446e+14	0
1.2521e+14	0
1.26973e+14	0
1.28737e+14	0
1.305e+14	0
1.32264e+14	0
1.34027e+14	0
1.35791e+14	0
1.37555e+14	0
1.39318e+14	0
1.41082e+14	0
1.42845e+14	0
1.44609e+14	0
1.46372e+14	0
1.48136e+14	0
1.49899e+14	0
1.51663e+14	0
1.53426e+14	0
1.5519e+14	0
1.56953e+14	0
1.58717e+14	0
1.6048e+14	0
1.62244e+14	0
1.64007e+14	0
1.65771e+14	0
1.67534e+14	0
1.69298e+14	0
1.71061e+14	0
1.72825e+14	0
1.74588e+14	0
1.76352e+14	0
1.78115e+14	0
1.79879e+14	0
1.81643e+14	0
1.83406e+14	0
1.8517e+14	0
1.86933e+14	0
1.88697e+14	0
1.9046e+14	0
1.92224e+14	0
1.93987e+14	0
1.95751e+14	0
1.97514e+14	0
1.99278e+14	0
2.01041e+14	0
2.02805e+14	0
2.04568e+14	0
2.06332e+14	0
2.08095e+14	0
2.09859e+14	0
2.11622e+14	0
2.13386e+14	0
2.15149e+14	0
2.16913e+14	0
2.18676e+14	0
2.2044e+14	0
2.22203e+14	0
2.23967e+14	0
2.25731e+14	0
2.27494e+14	0
2.29258e+14	0
2.31021e+14	0
2.32785e+14	0
2.34548e+14	0
2.36312e+14	0
2.38075e+14	0
2.39839e+14	0
2.41602e+14	0
2.43366e+14	0
2.45129e+14	0
2.46893e+14	0
2.48656e+14	0
2.5042e+14	0
2.52183e+14	0
2.53947e+14	0
2.5571e+14	0
2.57474e+14	0
2.59237e+14	0
2.61001e+14	0
2.62764e+14	0
2.64528e+14	0
2.66291e+14	0
2.68055e+14	0
2.69819e+14	0
2.71582e+14	0
2.73346e+14	0
2.75109e+14	0
2.76873e+14	0
2.78636e+14	0
2.804e+14	0
2.82163e+14	0
2.83927e+14	0
2.8569e+14	0
2.87454e+14	0
2.89217e+14	0
2.90981e+14	0
2.92744e+14	0
2.94508e+14	0
2.96271e+14	0
2.98035e+14	0
2.99798e+14	0
3.01562e+14	0
3.03325e+14	0
3.05089e+14	0
3.06852e+14	0
3.08616e+14	0
3.10379e+14	0
3.12143e+14	0
3.13906e+14	0
3.1567e+14	0
3.17434e+14	0
3.19197e+14	0
3.20961e+14	0
3.22724e+14	0
3.24488e+14	0
3.26251e+14	0
3.28015e+14	0
3.29778e+14	0
3.31542e+14	0
3.33305e+14	0
3.35069e+14	0
3.36832e+14	0
3.38596e+14	0
3.40359e+14	0
3.42123e+14	0
3.43886e+14	0
3.4565e+14	0
3.47413e+14	0
3.49177e+14	0
3.5094e+14	0
3.52704e+14	0
3.54467e+14	0
3.56231e+14	0
3.57994e+14	0
3.59758e+14	0
3.61522e+14	0
3.63285e+14	0
3.65049e+14	0
3.66812e+14	0
3.68576e+14	0
3.70339e+14	0
3.72103e+14	0
3.73866e+14	0
3.7563e+14	0
3.77393e+14	0
3.79157e+14	0
3.8092e+14	0
3.82684e+14	0
3.84447e+14	0
3.86211e+14	0
3.87974e+14	0
3.89738e+14	0
3.91501e+14	0
3.93265e+14	0
3.95028e+14	0
3.96792e+14	0
3.98555e+14	0
4.00319e+14	0
4.02082e+14	0
4.03846e+14	0
4.0561e+14	0
4.07373e+14	0
4.09137e+14	0
4.109e+14	0
4.12664e+14	0
4.14427e+14	0
4.16191e+14	0
4.17954e+14	0
4.19718e+14	0
4.21481e+14	0
4.23245e+14	0
4.25008e+14	0
4.26772e+14	0
4.28535e+14	0
4.30299e+14	0
4.32062e+14	0
4.33826e+14	0
4.35589e+14	0
4.37353e+14	0
4.39116e+14	0
4.4088e+14	0
4.42643e+14	0
4.44407e+14	0
4.4617e+14	0
4.47934e+14	0
4.49698e+14	0
4.51461e+14	0
4.53225e+14	0
4.54988e+14	0
4.56752e+14	0
4.58515e+14	0
4.60279e+14	0
4.62042e+14	0
4.63806e+14	0
4.65569e+14	0
4.67333e+14	0
4.69096e+14	0
4.7086e+14	0
4.72623e+14	0
4.74387e+14	0
4.7615e+14	0
4.77914e+14	0
4.79677e+14	0
4.81441e+14	0
4.83204e+14	0
4.84968e+14	0
4.86731e+14	0
4.88495e+14	0
4.90258e+14	0
4.92022e+14	0
4.93785e+14	0
4.95549e+14	0
4.97313e+14	0
4.99076e+14	0
5.0084e+14	0
5.02603e+14	0
5.04367e+14	0
5.0613e+14	0
5.07894e+14	0
5.09657e+14	0
5.11421e+14	0
5.13184e+14	0
5.14948e+14	0
5.16711e+14	0
5.18475e+14	0
5.20238e+14	0
5.22002e+14	0
5.23765e+14	0
5.25529e+14	6.89871e+39
5.27292e+14	1.89324e+40
5.29056e+14	3.15768e+40
5.30819e+14	4.38023e+40
5.32583e+14	5.39794e+40
5.34346e+14	6.61496e+40
5.3611e+14	7.61671e+40
5.37873e+14	8.83255e+40
5.39637e+14	1.00537e+41
5.41401e+14	1.10424e+41
5.43164e+14	1.22704e+41
5.44928e+14	1.35359e+41
5.46691e+14	1.48027e+41
5.48455e+14	1.58109e+41
5.50218e+14	1.70959e+41
5.51982e+14	1.81087e+41
5.53745e+14	1.94219e+41
5.55509e+14	2.04444e+41
5.57272e+14	2.22498e+41
5.59036e+14	2.33089e+41
5.60799e+14	2.47187e+41
5.62563e+14	2.57972e+41
5.64326e+14	2.68889e+41
5.6609e+14	2.83599e+41
5.67853e+14	2.94792e+41
5.69617e+14	3.1255e+41
5.7138e+14	3.28419e+41
5.73144e+14	3.40329e+41
5.74907e+14	3.74149e+41
5.76671e+14	4.16492e+41
5.78434e+14	4.54244e+41
5.80198e+14	5.11929e+41
5.81961e+14	5.55137e+41
5.83725e+14	5.98403e+41
5.85489e+14	6.41917e+41
5.87252e+14	6.79895e+41
5.89016e+14	7.44831e+41
5.90779e+14	7.8971e+41
5.92543e+14	8.35079e+41
5.94306e+14	8.74485e+41
5.9607e+14	9.2044e+41
5.97833e+14	9.87491e+41
5.99597e+14	1.0284e+42
6.0136e+14	1.07667e+42
6.03124e+14	1.12556e+42
6.04887e+14	1.16749e+42
6.06651e+14	1.24391e+42
6.08414e+14	1.28763e+42
6.10178e+14	1.34048e+42
6.11941e+14	1.38523e+42
6.13705e+14	1.47057e+42
6.15468e+14	1.51797e+42
6.17232e+14	1.57548e+42
6.18995e+14	1.61454e+42
6.20759e+14	1.67385e+42
6.22522e+14	1.76119e+42
6.24286e+14	1.82415e+42
6.26049e+14	1.87739e+42
6.27813e+14	1.92066e+42
6.29577e+14	2.02994e+42
6.3134e+14	2.08774e+42
6.33104e+14	2.15987e+42
6.34867e+14	2.2428e+42
6.36631e+14	2.30637e+42
6.38394e+14	2.38445e+42
6.40158e+14	2.46545e+42
6.41921e+14	2.54331e+42
6.43685e+14	2.62885e+42
6.45448e+14	2.71696e+42
6.47212e+14	2.7923e+42
6.48975e+14	2.88524e+42
6.50739e+14	2.99817e+42
6.52502e+14	3.08052e+42
6.54266e+14	3.18224e+42
6.56029e+14	3.2692e+42
6.57793e+14	3.37676e+42
6.59556e+14	3.46873e+42
6.6132e+14	3.58362e+42
6.63083e+14	3.68884e+42
6.64847e+14	3.81084e+42
6.6661e+14	3.91413e+42
6.68374e+14	4.04346e+42
6.70137e+14	4.16187e+42
6.71901e+14	4.29933e+42
6.73664e+14	4.42658e+42
6.75428e+14	4.5465e+42
6.77192e+14	4.69676e+42
6.78955e+14	4.83585e+42
6.80719e+14	4.96704e+42
6.82482e+14	5.14404e+42
6.84246e+14	5.26611e+42
6.86009e+14	5.41086e+42
6.87773e+14	5.5718e+42
6.89536e+14	5.77107e+42
6.913e+14	5.93027e+42
6.93063e+14	6.07154e+42
6.94827e+14	6.28951e+42
6.9659e+14	6.47753e+42
6.98354e+14	6.65715e+42
7.00117e+14	6.81882e+42
7.01881e+14	7.02351e+42
7.03644e+14	7.23703e+42
7.05408e+14	7.49893e+42
7.07171e+14	7.68213e+42
7.08935e+14	7.91683e+42
7.10698e+14	8.10829e+42
7.12462e+14	8.35665e+42
7.14225e+14	8.61323e+42
7.15989e+14	8.84443e+42
7.17752e+14	9.11687e+42
7.19516e+14	9.39824e+42
7.2128e+14	9.63455e+42
7.23043e+14	9.8948e+42
7.24807e+14	1.02629e+43
7.2657e+14	1.04597e+43
7.28334e+14	1.08086e+43
7.30097e+14	1.10829e+43
7.31861e+14	1.14538e+43
7.33624e+14	1.17457e+43
7.35388e+14	1.20716e+43
7.37151e+14	1.24509e+43
7.38915e+14	1.27976e+43
7.40678e+14	1.32063e+43
7.42442e+14	1.35754e+43
7.44205e+14	1.39559e+43
7.45969e+14	1.4317e+43
7.47732e+14	1.47249e+43
7.49496e+14	1.51395e+43
7.51259e+14	1.5567e+43
7.53023e+14	1.59155e+43
7.54786e+14	1.64668e+43
7.5655e+14	1.69047e+43
7.58313e+14	1.73856e+43
7.60077e+14	1.77784e+43
7.6184e+14	1.82932e+43
7.63604e+14	1.89327e+43
7.65368e+14	1.95245e+43
7.67131e+14	1.99696e+43
7.68895e+14	2.05525e+43
7.70658e+14	2.10227e+43
7.72422e+14	2.16387e+43
7.74185e+14	2.22744e+43
7.75949e+14	2.29785e+43
7.77712e+14	2.35182e+43
7.79476e+14	2.42132e+43
7.81239e+14	2.49825e+43
7.83003e+14	2.54139e+43
7.84766e+14	2.63895e+43
7.8653e+14	2.70167e+43
7.88293e+14	2.766e+43
7.90057e+14	2.85476e+43
7.9182e+14	2.92916e+43
7.93584e+14	2.99938e+43
7.95347e+14	3.09741e+43
7.97111e+14	3.17199e+43
7.98874e+14	3.27608e+43
8.00638e+14	3.36242e+43
8.02401e+14	3.47314e+43
8.04165e+14	3.53497e+43
8.05928e+14	3.6286e+43
8.07692e+14	3.75044e+43
8.09456e+14	3.85027e+43
8.11219e+14	3.97826e+43
8.12983e+14	4.06031e+43
8.14746e+14	4.1708e+43
8.1651e+14	4.28263e+43
8.18273e+14	4.39972e+43
8.20037e+14	4.51806e+43
8.218e+14	4.64207e+43
8.23564e+14	4.73895e+43
8.25327e+14	4.9011e+43
8.27091e+14	5.03636e+43
8.28854e+14	5.14228e+43
8.30618e+14	5.29582e+43
8.32381e+14	5.44292e+43
8.34145e+14	5.59425e+43
8.35908e+14	5.69024e+43
8.37672e+14	5.88746e+43
8.39435e+14	6.05224e+43
8.41199e+14	6.19724e+43
8.42962e+14	6.37131e+43
8.44726e+14	6.52452e+43
8.46489e+14	6.70844e+43
8.48253e+14	6.87041e+43
8.50016e+14	7.02195e+43
8.5178e+14	7.23606e+43
8.53543e+14	7.41164e+43
8.55307e+14	7.62651e+43
8.57071e+14	7.81231e+43
8.58834e+14	8.05644e+43
8.60598e+14	8.23628e+43
8.62361e+14	8.43817e+43
8.64125e+14	8.70313e+43
8.65888e+14	8.9171e+43
8.67652e+14	9.13695e+43
8.69415e+14	9.3675e+43
8.71179e+14	9.66353e+43
8.72942e+14	9.90841e+43
8.74706e+14	1.01545e+44
8.76469e+14	1.03428e+44
8.78233e+14	1.0672e+44
8.79996e+14	1.09443e+44
8.8176e+14	1.1218e+44
8.83523e+14	1.15054e+44
8.85287e+14	1.1721e+44
8.8705e+14	1.21041e+44
8.88814e+14	1.24157e+44
8.90577e+14	1.27551e+44
8.92341e+14	1.30849e+44
8.94104e+14	1.33326e+44
8.95868e+14	1.37144e+44
8.97631e+14	1.3975e+44
8.99395e+14	1.43389e+44
9.01159e+14	1.47431e+44
9.02922e+14	1.52322e+44
9.04686e+14	1.54584e+44
9.06449e+14	1.58639e+44
9.08213e+14	1.62115e+44
9.09976e+14	1.66379e+44
9.1174e+14	1.71219e+44
9.13503e+14	1.74883e+44
9.15267e+14	1.79618e+44
9.1703e+14	1.83589e+44
9.18794e+14	1.88845e+44
9.20557e+14	1.93987e+44
9.22321e+14	1.98299e+44
9.24084e+14	2.02717e+44
9.25848e+14	2.07233e+44
9.27611e+14	2.11862e+44
9.29375e+14	2.17679e+44
9.31138e+14	2.22557e+44
9.32902e+14	2.29153e+44
9.34665e+14	2.3431e+44
9.36429e+14	2.39741e+44
9.38192e+14	2.45149e+44
9.39956e+14	2.52458e+44
9.41719e+14	2.58174e+44
9.43483e+14	2.62345e+44
9.45247e+14	2.70745e+44
9.4701e+14	2.77088e+44
9.48774e+14	2.83404e+44
9.50537e+14	2.9006e+44
9.52301e+14	2.94795e+44
9.54064e+14	3.01538e+44
9.55828e+14	3.11484e+44
9.57591e+14	3.16594e+44
9.59355e+14	3.24095e+44
9.61118e+14	3.30084e+44
9.62882e+14	3.40352e+44
9.64645e+14	3.49149e+44
9.66409e+14	3.54928e+44
9.68172e+14	3.63408e+44
9.69936e+14	3.70174e+44
9.71699e+14	3.81778e+44
9.73463e+14	3.88906e+44
9.75226e+14	3.99043e+44
9.7699e+14	4.0601e+44
9.78753e+14	4.16625e+44
9.80517e+14	4.26683e+44
9.8228e+14	4.38189e+44
9.84044e+14	4.46446e+44
9.85807e+14	4.54309e+44
9.87571e+14	4.66259e+44
9.89335e+14	4.75441e+44
9.91098e+14	4.87978e+44
9.92862e+14	4.97613e+44
9.94625e+14	5.07443e+44
9.96389e+14	5.19863e+44
9.98152e+14	5.30164e+44
9.99916e+14	5.40692e+44
1.00168e+15	5.55497e+44
1.00344e+15	5.66558e+44
1.00521e+15	5.7785e+44
1.00697e+15	5.89389e+44
1.00873e+15	6.05613e+44
1.0105e+15	6.17738e+44
1.01226e+15	6.3012e+44
1.01402e+15	6.44022e+44
1.01579e+15	6.61837e+44
1.01755e+15	6.75718e+44
1.01931e+15	6.89344e+44
1.02108e+15	7.03261e+44
1.02284e+15	7.14132e+44
1.0246e+15	7.28581e+44
1.02637e+15	7.48888e+44
1.02813e+15	7.64726e+44
1.0299e+15	7.82441e+44
1.03166e+15	7.98356e+44
1.03342e+15	8.10805e+44
1.03519e+15	8.27317e+44
1.03695e+15	8.4494e+44
1.03871e+15	8.64619e+44
1.04048e+15	8.8231e+44
1.04224e+15	8.96136e+44
1.044e+15	9.1707e+44
1.04577e+15	9.3674e+44
1.04753e+15	9.51471e+44
1.04929e+15	9.71921e+44
1.05106e+15	9.94736e+44
1.05282e+15	1.01044e+45
1.05458e+15	1.03223e+45
1.05635e+15	1.05654e+45
1.05811e+15	1.07328e+45
1.05988e+15	1.0965e+45
1.06164e+15	1.1224e+45
1.0634e+15	1.13267e+45
1.06517e+15	1.15946e+45
1.06693e+15	1.18693e+45
1.06869e+15	1.20699e+45
1.07046e+15	1.23562e+45
1.07222e+15	1.25298e+45
1.07398e+15	1.27427e+45
1.07575e+15	1.2946e+45
1.07751e+15	1.32676e+45
1.07927e+15	1.35838e+45
1.08104e+15	1.38152e+45
1.0828e+15	1.39435e+45
1.08456e+15	1.43032e+45
1.08633e+15	1.4548e+45
1.08809e+15	1.49114e+45
1.08986e+15	1.50503e+45
1.09162e+15	1.5411e+45
1.09338e+15	1.56756e+45
1.09515e+15	1.59748e+45
1.09691e+15	1.62492e+45
1.09867e+15	1.65293e+45
1.10044e+15	1.68138e+45
1.1022e+15	1.71355e+45
1.10396e+15	1.75673e+45
1.10573e+15	1.77324e+45
1.10749e+15	1.80725e+45
1.10925e+15	1.85291e+45
1.11102e+15	1.87033e+45
1.11278e+15	1.89353e+45
1.11454e+15	1.94151e+45
1.11631e+15	1.97886e+45
1.11807e+15	2.01327e+45
1.11983e+15	2.05337e+45
1.1216e+15	2.07375e+45
1.12336e+15	2.11468e+45
1.12513e+15	2.15647e+45
1.12689e+15	2.19506e+45
1.12865e+15	2.22119e+45
1.13042e+15	2.26133e+45
1.13218e+15	2.30664e+45
1.13394e+15	2.35261e+45
1.13571e+15	2.37663e+45
1.13747e+15	2.42467e+45
1.13923e+15	2.47338e+45
1.141e+15	2.50352e+45
1.14276e+15	2.55414e+45
1.14452e+15	2.58096e+45
1.14629e+15	2.6336e+45
1.14805e+15	2.66604e+45
1.14981e+15	2.69889e+45
1.15158e+15	2.77635e+45
1.15334e+15	2.81097e+45
1.15511e+15	2.84601e+45
1.15687e+15	2.90459e+45
1.15863e+15	2.94122e+45
1.1604e+15	2.97301e+45
1.16216e+15	3.03513e+45
1.16392e+15	3.07888e+45
1.16569e+15	3.11811e+45
1.16745e+15	3.15786e+45
1.16921e+15	3.22445e+45
1.17098e+15	3.29232e+45
1.17274e+15	3.33485e+45
1.1745e+15	3.37792e+45
1.17627e+15	3.44918e+45
1.17803e+15	3.49422e+45
1.17979e+15	3.54607e+45
1.18156e+15	3.59291e+45
1.18332e+15	3.6399e+45
1.18509e+15	3.68801e+45
1.18685e+15	3.77363e+45
1.18861e+15	3.79327e+45
1.19038e+15	3.84335e+45
1.19214e+15	3.90148e+45
1.1939e+15	3.95364e+45
1.19567e+15	4.00708e+45
1.19743e+15	4.0683e+45
1.19919e+15	4.12272e+45
1.20096e+15	4.22061e+45
1.20272e+15	4.27767e+45
1.20448e+15	4.34375e+45
1.20625e+15	4.40322e+45
1.20801e+15	4.43487e+45
1.20977e+15	4.49555e+45
1.21154e+15	4.56562e+45
1.2133e+15	4.62885e+45
1.21507e+15	4.70102e+45
1.21683e+15	4.76618e+45
1.21859e+15	4.80171e+45
1.22036e+15	4.87733e+45
1.22212e+15	4.94565e+45
1.22388e+15	5.02357e+45
1.22565e+15	5.1035e+45
1.22741e+15	5.13352e+45
1.22917e+15	5.21516e+45
1.23094e+15	5.29818e+45
1.2327e+15	5.3733e+45
1.23446e+15	5.41493e+45
1.23623e+15	5.45657e+45
1.23799e+15	5.54428e+45
1.23975e+15	5.63338e+45
1.24152e+15	5.67766e+45
1.24328e+15	5.76007e+45
1.24504e+15	5.85361e+45
1.24681e+15	5.89968e+45
1.24857e+15	5.9964e+45
1.25034e+15	6.04334e+45
1.2521e+15	6.1425e+45
1.25386e+15	6.19149e+45
1.25563e+15	6.2941e+45
1.25739e+15	6.34437e+45
1.25915e+15	6.4495e+45
1.26092e+15	6.50194e+45
1.26268e+15	6.55468e+45
1.26444e+15	6.66333e+45
1.26621e+15	6.77497e+45
1.26797e+15	6.83123e+45
1.26973e+15	6.88766e+45
1.2715e+15	6.94461e+45
1.27326e+15	7.07249e+45
1.27502e+15	7.19222e+45
1.27679e+15	7.1923e+45
1.27855e+15	7.314e+45
1.28032e+15	7.37575e+45
1.28208e+15	7.43769e+45
1.28384e+15	7.51387e+45
1.28561e+15	7.64237e+45
1.28737e+15	7.64323e+45
1.28913e+15	7.77394e+45
1.2909e+15	7.91975e+45
1.29266e+15	7.92197e+45
1.29442e+15	8.0574e+45
1.29619e+15	8.14087e+45
1.29795e+15	8.2121e+45
1.29971e+15	8.2985e+45
1.30148e+15	8.44187e+45
1.30324e+15	8.44527e+45
1.305e+15	8.53414e+45
1.30677e+15	8.68317e+45
1.30853e+15	8.70019e+45
1.3103e+15	8.852e+45
1.31206e+15	8.87103e+45
1.31382e+15	9.02576e+45
1.31559e+15	9.04489e+45
1.31735e+15	9.2046e+45
1.31911e+15	9.30448e+45
1.32088e+15	9.30881e+45
1.32264e+15	9.49005e+45
1.3244e+15	9.49415e+45
1.32617e+15	9.67902e+45
1.32793e+15	9.70056e+45
1.32969e+15	9.7918e+45
1.33146e+15	9.89741e+45
1.33322e+15	1.0006e+46
1.33498e+15	1.00138e+46
1.33675e+15	1.02083e+46
1.33851e+15	1.02345e+46
1.34027e+15	1.03303e+46
1.34204e+15	1.04431e+46
1.3438e+15	1.05594e+46
1.34557e+15	1.05859e+46
1.34733e+15	1.07763e+46
1.34909e+15	1.08055e+46
1.35086e+15	1.08319e+46
1.35262e+15	1.10465e+46
1.35438e+15	1.10759e+46
1.35615e+15	1.11985e+46
1.35791e+15	1.13071e+46
1.35967e+15	1.14345e+46
1.36144e+15	1.14641e+46
1.3632e+15	1.14963e+46
1.36496e+15	1.17261e+46
1.36673e+15	1.17588e+46
1.36849e+15	1.18908e+46
1.37025e+15	1.19233e+46
1.37202e+15	1.20596e+46
1.37378e+15	1.21972e+46
1.37555e+15	1.22331e+46
1.37731e+15	1.22659e+46
1.37907e+15	1.25164e+46
1.38084e+15	1.25526e+46
1.3826e+15	1.25856e+46
1.38436e+15	1.2735e+46
1.38613e+15	1.27711e+46
1.38789e+15	1.29189e+46
1.38965e+15	1.3068e+46
1.39142e+15	1.31078e+46
1.39318e+15	1.31679e+46
1.39494e+15	1.32076e+46
1.39671e+15	1.33631e+46
1.39847e+15	1.352e+46
1.40023e+15	1.35601e+46
1.402e+15	1.3719e+46
1.40376e+15	1.37839e+46
1.40553e+15	1.38278e+46
1.40729e+15	1.38679e+46
1.40905e+15	1.40336e+46
1.41082e+15	1.42219e+46
1.41258e+15	1.42665e+46
1.41434e+15	1.43147e+46
1.41611e+15	1.43805e+46
1.41787e+15	1.4555e+46
1.41963e+15	1.45993e+46
1.4214e+15	1.46696e+46
1.42316e+15	1.4718e+46
1.42492e+15	1.47662e+46
1.42669e+15	1.4967e+46
1.42845e+15	1.51517e+46
1.43021e+15	1.52005e+46
1.43198e+15	1.52766e+46
1.43374e+15	1.53252e+46
1.4355e+15	1.55365e+46
1.43727e+15	1.55899e+46
1.43903e+15	1.56667e+46
1.4408e+15	1.572e+46
1.44256e+15	1.57968e+46
1.44432e+15	1.5855e+46
1.44609e+15	1.59315e+46
1.44785e+15	1.61308e+46
1.44961e+15	1.62078e+46
1.45138e+15	1.62664e+46
1.45314e+15	1.63486e+46
1.4549e+15	1.64071e+46
1.45667e+15	1.64893e+46
1.45843e+15	1.65773e+46
1.46019e+15	1.66354e+46
1.46196e+15	1.67176e+46
1.46372e+15	1.68058e+46
1.46548e+15	1.68693e+46
1.46725e+15	1.71018e+46
1.46901e+15	1.71905e+46
1.47078e+15	1.72547e+46
1.47254e+15	1.73436e+46
1.4743e+15	1.74388e+46
1.47607e+15	1.75025e+46
1.47783e+15	1.75918e+46
1.47959e+15	1.76871e+46
1.48136e+15	1.77827e+46
1.48312e+15	1.78463e+46
1.48488e+15	1.79419e+46
1.48665e+15	1.7879e+46
1.48841e+15	1.79737e+46
1.49017e+15	1.80688e+46
1.49194e+15	1.81379e+46
1.4937e+15	1.82398e+46
1.49546e+15	1.83348e+46
1.49723e+15	1.84368e+46
1.49899e+15	1.85323e+46
1.50076e+15	1.86347e+46
1.50252e+15	1.87373e+46
1.50428e+15	1.88133e+46
1.50605e+15	1.8749e+46
1.50781e+15	1.8851e+46
1.50957e+15	1.89528e+46
1.51134e+15	1.9055e+46
1.5131e+15	1.91571e+46
1.51486e+15	1.92669e+46
1.51663e+15	1.93694e+46
1.51839e+15	1.93078e+46
1.52015e+15	1.94173e+46
1.52192e+15	1.95267e+46
1.52368e+15	1.96284e+46
1.52544e+15	1.95638e+46
1.52721e+15	1.96809e+46
1.52897e+15	1.97901e+46
1.53074e+15	1.97233e+46
1.5325e+15	1.98316e+46
1.53426e+15	1.99765e+46
1.53603e+15	2.00853e+46
1.53779e+15	2.02027e+46
1.53955e+15	2.0312e+46
1.54132e+15	2.02491e+46
1.54308e+15	2.01854e+46
1.54484e+15	2.03019e+46
1.54661e+15	2.04183e+46
1.54837e+15	2.03807e+46
1.55013e+15	2.04967e+46
1.5519e+15	2.06125e+46
1.55366e+15	2.07377e+46
1.55542e+15	2.08542e+46
1.55719e+15	2.06285e+46
1.55895e+15	2.07524e+46
1.56071e+15	2.08768e+46
1.56248e+15	2.09917e+46
1.56424e+15	2.09579e+46
1.56601e+15	2.10818e+46
1.56777e+15	2.10176e+46
1.56953e+15	2.11408e+46
1.5713e+15	2.12936e+46
1.57306e+15	2.1227e+46
1.57482e+15	2.13496e+46
1.57659e+15	2.15122e+46
1.57835e+15	2.1253e+46
1.58011e+15	2.13846e+46
1.58188e+15	2.15354e+46
1.58364e+15	2.16677e+46
1.5854e+15	2.16258e+46
1.58717e+15	2.15638e+46
1.58893e+15	2.1695e+46
1.59069e+15	2.18555e+46
1.59246e+15	2.17918e+46
1.59422e+15	2.17571e+46
1.59599e+15	2.1887e+46
1.59775e+15	2.18505e+46
1.59951e+15	2.19798e+46
1.60128e+15	2.21092e+46
1.60304e+15	2.18856e+46
1.6048e+15	2.20134e+46
1.60657e+15	2.21827e+46
1.60833e+15	2.23108e+46
1.61009e+15	2.20829e+46
1.61186e+15	2.22215e+46
1.61362e+15	2.23779e+46
1.61538e+15	2.23464e+46
1.61715e+15	2.22845e+46
1.61891e+15	2.24515e+46
1.62067e+15	2.23881e+46
1.62244e+15	2.25546e+46
1.6242e+15	2.24904e+46
1.62597e+15	2.24544e+46
1.62773e+15	2.26319e+46
1.62949e+15	2.23644e+46
1.63126e+15	2.25276e+46
1.63302e+15	2.26743e+46
1.63478e+15	2.26358e+46
1.63655e+15	2.26084e+46
1.63831e+15	2.2754e+46
1.64007e+15	2.2713e+46
1.64184e+15	2.26839e+46
1.6436e+15	2.28285e+46
1.64536e+15	2.27983e+46
1.64713e+15	2.27675e+46
1.64889e+15	2.27364e+46
1.65065e+15	2.28785e+46
1.65242e+15	2.28461e+46
1.65418e+15	2.28122e+46
1.65594e+15	2.29532e+46
1.65771e+15	2.27141e+46
1.65947e+15	2.28968e+46
1.66124e+15	2.3066e+46
1.663e+15	2.27945e+46
1.66476e+15	2.29759e+46
1.66653e+15	2.29381e+46
1.66829e+15	2.29131e+46
1.67005e+15	2.3094e+46
1.67182e+15	2.30238e+46
1.67358e+15	2.29972e+46
1.67534e+15	2.297e+46
1.67711e+15	2.29426e+46
1.67887e+15	2.29142e+46
1.68063e+15	2.30909e+46
1.6824e+15	2.30615e+46
1.68416e+15	2.30015e+46
1.68592e+15	2.31767e+46
1.68769e+15	2.29387e+46
1.68945e+15	2.31123e+46
1.69122e+15	2.28738e+46
1.69298e+15	2.30612e+46
1.69474e+15	2.32334e+46
1.69651e+15	2.29915e+46
1.69827e+15	2.31782e+46
1.70003e+15	2.29354e+46
1.7018e+15	2.31202e+46
1.70356e+15	2.30985e+46
1.70532e+15	2.30598e+46
1.70709e+15	2.30367e+46
1.70885e+15	2.30131e+46
1.71061e+15	2.29722e+46
1.71238e+15	2.31535e+46
1.71414e+15	2.29219e+46
1.7159e+15	2.31011e+46
1.71767e+15	2.28687e+46
1.71943e+15	2.30464e+46
1.7212e+15	2.3019e+46
1.72296e+15	2.29895e+46
1.72472e+15	2.31656e+46
1.72649e+15	2.29468e+46
1.72825e+15	2.31218e+46
1.73001e+15	2.28847e+46
1.73178e+15	2.30575e+46
1.73354e+15	2.28372e+46
1.7353e+15	2.30086e+46
1.73707e+15	2.27875e+46
1.73883e+15	2.29569e+46
1.74059e+15	2.27636e+46
1.74236e+15	2.29313e+46
1.74412e+15	2.29125e+46
1.74588e+15	2.26891e+46
1.74765e+15	2.2854e+46
1.74941e+15	2.26302e+46
1.75117e+15	2.28119e+46
1.75294e+15	2.26154e+46
1.7547e+15	2.27954e+46
1.75647e+15	2.25509e+46
1.75823e+15	2.27293e+46
1.75999e+15	2.25029e+46
1.76176e+15	2.26793e+46
1.76352e+15	2.248e+46
1.76528e+15	2.26741e+46
1.76705e+15	2.24458e+46
1.76881e+15	2.2619e+46
1.77057e+15	2.24176e+46
1.77234e+15	2.2589e+46
1.7741e+15	2.23787e+46
1.77586e+15	2.23484e+46
1.77763e+15	2.23448e+46
1.77939e+15	2.23329e+46
1.78115e+15	2.23009e+46
1.78292e+15	2.22877e+46
1.78468e+15	2.22814e+46
1.78645e+15	2.22669e+46
1.78821e+15	2.22323e+46
1.78997e+15	2.22437e+46
1.79174e+15	2.20305e+46
1.7935e+15	2.21902e+46
1.79526e+15	2.20035e+46
1.79703e+15	2.21822e+46
1.79879e+15	2.19673e+46
1.80055e+15	2.21714e+46
1.80232e+15	2.19351e+46
1.80408e+15	2.19151e+46
1.80584e+15	2.19204e+46
1.80761e+15	2.17048e+46
1.80937e+15	2.18769e+46
1.81113e+15	2.1687e+46
1.8129e+15	2.1857e+46
1.81466e+15	2.1666e+46
1.81643e+15	2.1663e+46
1.81819e+15	2.1638e+46
1.81995e+15	2.16385e+46
1.82172e+15	2.1612e+46
1.82348e+15	2.16107e+46
1.82524e+15	2.14141e+46
1.82701e+15	2.14119e+46
1.82877e+15	2.13828e+46
1.83053e+15	2.13755e+46
1.8323e+15	2.13709e+46
1.83406e+15	2.11734e+46
1.83582e+15	2.13563e+46
1.83759e+15	2.1158e+46
1.83935e+15	2.09642e+46
1.84111e+15	2.11401e+46
1.84288e+15	2.09449e+46
1.84464e+15	2.11194e+46
1.84641e+15	2.09459e+46
1.84817e+15	2.09107e+46
1.84993e+15	2.09214e+46
1.8517e+15	2.07227e+46
1.85346e+15	2.07332e+46
1.85522e+15	2.0695e+46
1.85699e+15	2.07041e+46
1.85875e+15	2.07119e+46
1.86051e+15	2.05124e+46
1.86228e+15	2.05198e+46
1.86404e+15	2.04992e+46
1.8658e+15	2.0505e+46
1.86757e+15	2.03051e+46
1.86933e+15	2.03121e+46
1.87109e+15	2.02917e+46
1.87286e+15	2.02973e+46
1.87462e+15	2.0302e+46
1.87638e+15	2.01063e+46
1.87815e+15	2.011e+46
1.87991e+15	2.00913e+46
1.88168e+15	1.99192e+46
1.88344e+15	1.99264e+46
1.8852e+15	1.99084e+46
1.88697e+15	1.97384e+46
1.88873e+15	1.99181e+46
1.89049e+15	1.97241e+46
1.89226e+15	1.95564e+46
1.89402e+15	1.97351e+46
1.89578e+15	1.95432e+46
1.89755e+15	1.93778e+46
1.89931e+15	1.95533e+46
1.90107e+15	1.93664e+46
1.90284e+15	1.93714e+46
1.9046e+15	1.9375e+46
1.90636e+15	1.91885e+46
1.90813e+15	1.9194e+46
1.90989e+15	1.91985e+46
1.91166e+15	1.90143e+46
1.91342e+15	1.90181e+46
1.91518e+15	1.90234e+46
1.91695e+15	1.88392e+46
1.91871e+15	1.8846e+46
1.92047e+15	1.88499e+46
1.92224e+15	1.86903e+46
1.924e+15	1.86732e+46
1.92576e+15	1.86802e+46
1.92753e+15	1.85204e+46
1.92929e+15	1.85263e+46
1.93105e+15	1.83476e+46
1.93282e+15	1.85142e+46
1.93458e+15	1.83563e+46
1.93634e+15	1.82018e+46
1.93811e+15	1.83464e+46
1.93987e+15	1.81909e+46
1.94164e+15	1.80359e+46
1.9434e+15	1.82015e+46
1.94516e+15	1.80483e+46
1.94693e+15	1.78722e+46
1.94869e+15	1.80369e+46
1.95045e+15	1.78837e+46
1.95222e+15	1.7731e+46
1.95398e+15	1.75815e+46
1.95574e+15	1.77209e+46
1.95751e+15	1.75709e+46
1.95927e+15	1.74238e+46
1.96103e+15	1.75806e+46
1.9628e+15	1.74327e+46
1.96456e+15	1.72855e+46
1.96632e+15	1.72701e+46
1.96809e+15	1.72763e+46
1.96985e+15	1.7129e+46
1.97161e+15	1.71345e+46
1.97338e+15	1.71394e+46
1.97514e+15	1.69945e+46
1.97691e+15	1.69981e+46
1.97867e+15	1.6856e+46
1.98043e+15	1.6842e+46
1.9822e+15	1.66975e+46
1.98396e+15	1.67019e+46
1.98572e+15	1.65628e+46
1.98749e+15	1.65662e+46
1.98925e+15	1.65718e+46
1.99101e+15	1.64326e+46
1.99278e+15	1.64372e+46
1.99454e+15	1.64409e+46
1.9963e+15	1.62824e+46
1.99807e+15	1.61466e+46
1.99983e+15	1.6152e+46
2.00159e+15	1.61537e+46
2.00336e+15	1.60174e+46
2.00512e+15	1.58846e+46
2.00689e+15	1.60268e+46
2.00865e+15	1.58931e+46
2.01041e+15	1.576e+46
2.01218e+15	1.56273e+46
2.01394e+15	1.57683e+46
2.0157e+15	1.56349e+46
2.01747e+15	1.55021e+46
2.01923e+15	1.55075e+46
2.02099e+15	1.55119e+46
2.02276e+15	1.53818e+46
2.02452e+15	1.52521e+46
2.02628e+15	1.52555e+46
2.02805e+15	1.52608e+46
2.02981e+15	1.51309e+46
2.03157e+15	1.50042e+46
2.03334e+15	1.50088e+46
2.0351e+15	1.50123e+46
2.03687e+15	1.48854e+46
2.03863e+15	1.48909e+46
2.04039e+15	1.47643e+46
2.04216e+15	1.4769e+46
2.04392e+15	1.46453e+46
2.04568e+15	1.4649e+46
2.04745e+15	1.45255e+46
2.04921e+15	1.45281e+46
2.05097e+15	1.44076e+46
2.05274e+15	1.44096e+46
2.0545e+15	1.42893e+46
2.05626e+15	1.42931e+46
2.05803e+15	1.41729e+46
2.05979e+15	1.41757e+46
2.06155e+15	1.40585e+46
2.06332e+15	1.3939e+46
2.06508e+15	1.39437e+46
2.06684e+15	1.39475e+46
2.06861e+15	1.38307e+46
2.07037e+15	1.37144e+46
2.07214e+15	1.37173e+46
2.0739e+15	1.37221e+46
2.07566e+15	1.36057e+46
2.07743e+15	1.34926e+46
2.07919e+15	1.33771e+46
2.08095e+15	1.35125e+46
2.08272e+15	1.33991e+46
2.08448e+15	1.32891e+46
2.08624e+15	1.31766e+46
2.08801e+15	1.32928e+46
2.08977e+15	1.31828e+46
2.09153e+15	1.30731e+46
2.0933e+15	1.2961e+46
2.09506e+15	1.29641e+46
2.09682e+15	1.29693e+46
2.09859e+15	1.286e+46
2.10035e+15	1.27658e+46
2.10212e+15	1.26601e+46
2.10388e+15	1.26613e+46
2.10564e+15	1.26646e+46
2.10741e+15	1.25589e+46
2.10917e+15	1.24535e+46
2.11093e+15	1.2456e+46
2.1127e+15	1.23508e+46
2.11446e+15	1.23694e+46
2.11622e+15	1.22645e+46
2.11799e+15	1.21627e+46
2.11975e+15	1.21661e+46
2.12151e+15	1.2166e+46
2.12328e+15	1.20641e+46
2.12504e+15	1.19655e+46
2.1268e+15	1.19674e+46
2.12857e+15	1.18798e+46
2.13033e+15	1.17817e+46
2.1321e+15	1.17824e+46
2.13386e+15	1.16844e+46
2.13562e+15	1.16873e+46
2.13739e+15	1.15896e+46
2.13915e+15	1.15056e+46
2.14091e+15	1.15075e+46
2.14268e+15	1.14103e+46
2.14444e+15	1.14142e+46
2.1462e+15	1.13172e+46
2.14797e+15	1.12234e+46
2.14973e+15	1.12236e+46
2.15149e+15	1.1143e+46
2.15326e+15	1.11452e+46
2.15502e+15	1.10517e+46
2.15678e+15	1.09585e+46
2.15855e+15	1.096e+46
2.16031e+15	1.09761e+46
2.16208e+15	1.08828e+46
2.16384e+15	1.07928e+46
2.1656e+15	1.07032e+46
2.16737e+15	1.06112e+46
2.16913e+15	1.07051e+46
2.17089e+15	1.06276e+46
2.17266e+15	1.05382e+46
2.17442e+15	1.04492e+46
2.17618e+15	1.03635e+46
2.17795e+15	1.02752e+46
2.17971e+15	1.03795e+46
2.18147e+15	1.02906e+46
2.18324e+15	1.02051e+46
2.185e+15	1.012e+46
2.18676e+15	1.00353e+46
2.18853e+15	1.01353e+46
2.19029e+15	1.00501e+46
2.19205e+15	9.96524e+45
2.19382e+15	9.88076e+45
2.19558e+15	9.7994e+45
2.19735e+15	9.81121e+45
2.19911e+15	9.81383e+45
2.20087e+15	9.72955e+45
2.20264e+15	9.64854e+45
2.2044e+15	9.56788e+45
2.20616e+15	9.49853e+45
2.20793e+15	9.50012e+45
2.20969e+15	9.50109e+45
2.21145e+15	9.42057e+45
2.21322e+15	9.34344e+45
2.21498e+15	9.27456e+45
2.21674e+15	9.27448e+45
2.21851e+15	9.19772e+45
2.22027e+15	9.12134e+45
2.22203e+15	9.12044e+45
2.2238e+15	9.05477e+45
2.22556e+15	8.97883e+45
2.22733e+15	8.97999e+45
2.22909e+15	8.90415e+45
2.23085e+15	8.82869e+45
2.23262e+15	8.84226e+45
2.23438e+15	8.76686e+45
2.23614e+15	8.69457e+45
2.23791e+15	8.69426e+45
2.23967e+15	8.63229e+45
2.24143e+15	8.55762e+45
2.2432e+15	8.55937e+45
2.24496e+15	8.48769e+45
2.24672e+15	8.41631e+45
2.24849e+15	8.42714e+45
2.25025e+15	8.35593e+45
2.25201e+15	8.28496e+45
2.25378e+15	8.21418e+45
2.25554e+15	8.21721e+45
2.25731e+15	8.15634e+45
2.25907e+15	8.15871e+45
2.26083e+15	8.08827e+45
2.2626e+15	8.02097e+45
2.26436e+15	7.95397e+45
2.26612e+15	7.89661e+45
2.26789e+15	7.89529e+45
2.26965e+15	7.89623e+45
2.27141e+15	7.82952e+45
2.27318e+15	7.77228e+45
2.27494e+15	7.70879e+45
2.2767e+15	7.64287e+45
2.27847e+15	7.57723e+45
2.28023e+15	7.57995e+45
2.28199e+15	7.58836e+45
2.28376e+15	7.52548e+45
2.28552e+15	7.46022e+45
2.28728e+15	7.39783e+45
2.28905e+15	7.33577e+45
2.29081e+15	7.28272e+45
2.29258e+15	7.34408e+45
2.29434e+15	7.28209e+45
2.2961e+15	7.2231e+45
2.29787e+15	7.16153e+45
2.29963e+15	7.10882e+45
2.30139e+15	7.04783e+45
2.30316e+15	6.98711e+45
2.30492e+15	6.98974e+45
2.30668e+15	6.98923e+45
2.30845e+15	6.93123e+45
2.31021e+15	6.87907e+45
2.31197e+15	6.82164e+45
2.31374e+15	6.7644e+45
2.3155e+15	6.70747e+45
2.31726e+15	6.70612e+45
2.31903e+15	6.70694e+45
2.32079e+15	6.65807e+45
2.32256e+15	6.60141e+45
2.32432e+15	6.54505e+45
2.32608e+15	6.4915e+45
2.32785e+15	6.43558e+45
2.32961e+15	6.43568e+45
2.33137e+15	6.38761e+45
2.33314e+15	6.38985e+45
2.3349e+15	6.33424e+45
2.33666e+15	6.28153e+45
2.33843e+15	6.22637e+45
2.34019e+15	6.17421e+45
2.34195e+15	6.17576e+45
2.34372e+15	6.12363e+45
2.34548e+15	6.07921e+45
2.34724e+15	6.07751e+45
2.34901e+15	6.0259e+45
2.35077e+15	5.97438e+45
2.35254e+15	5.92318e+45
2.3543e+15	5.87479e+45
2.35606e+15	5.87512e+45
2.35783e+15	5.82424e+45
2.35959e+15	5.7736e+45
2.36135e+15	5.72589e+45
2.36312e+15	5.73263e+45
2.36488e+15	5.68497e+45
2.36664e+15	5.63496e+45
2.36841e+15	5.58777e+45
2.37017e+15	5.58696e+45
2.37193e+15	5.53992e+45
2.3737e+15	5.49305e+45
2.37546e+15	5.4465e+45
2.37722e+15	5.40005e+45
2.37899e+15	5.39866e+45
2.38075e+15	5.35251e+45
2.38251e+15	5.30644e+45
2.38428e+15	5.30969e+45
2.38604e+15	5.26383e+45
2.38781e+15	5.21819e+45
2.38957e+15	5.17278e+45
2.39133e+15	5.12754e+45
2.3931e+15	5.08503e+45
2.39486e+15	5.08513e+45
2.39662e+15	5.04276e+45
2.39839e+15	5.04245e+45
2.40015e+15	5.00024e+45
2.40191e+15	4.95575e+45
2.40368e+15	4.91399e+45
2.40544e+15	4.86996e+45
2.4072e+15	4.82859e+45
2.40897e+15	4.78737e+45
2.41073e+15	4.78889e+45
2.41249e+15	4.7478e+45
2.41426e+15	4.74899e+45
2.41602e+15	4.70212e+45
2.41779e+15	4.66144e+45
2.41955e+15	4.62098e+45
2.42131e+15	4.58074e+45
2.42308e+15	4.54065e+45
2.42484e+15	4.50075e+45
2.4266e+15	4.50124e+45
2.42837e+15	4.50381e+45
2.43013e+15	4.46401e+45
2.43189e+15	4.42679e+45
2.43366e+15	4.3818e+45
2.43542e+15	4.34495e+45
2.43718e+15	4.30597e+45
2.43895e+15	4.26949e+45
2.44071e+15	4.23084e+45
2.44247e+15	4.1947e+45
2.44424e+15	4.23436e+45
2.446e+15	4.1928e+45
2.44777e+15	4.15449e+45
2.44953e+15	4.1186e+45
2.45129e+15	4.08299e+45
2.45306e+15	4.0475e+45
2.45482e+15	4.00695e+45
2.45658e+15	3.97187e+45
2.45835e+15	3.93696e+45
2.46011e+15	3.90218e+45
2.46187e+15	3.90539e+45
2.46364e+15	3.90098e+45
2.4654e+15	3.86632e+45
2.46716e+15	3.83186e+45
2.46893e+15	3.79484e+45
2.47069e+15	3.76072e+45
2.47245e+15	3.72898e+45
2.47422e+15	3.69521e+45
2.47598e+15	3.65897e+45
2.47775e+15	3.62549e+45
2.47951e+15	3.62785e+45
2.48127e+15	3.59198e+45
2.48304e+15	3.59184e+45
2.4848e+15	3.56087e+45
2.48656e+15	3.5254e+45
2.48833e+15	3.49476e+45
2.49009e+15	3.45966e+45
2.49185e+15	3.42936e+45
2.49362e+15	3.39922e+45
2.49538e+15	3.36466e+45
2.49714e+15	3.3662e+45
2.49891e+15	3.33187e+45
2.50067e+15	3.30217e+45
2.50243e+15	3.29899e+45
2.5042e+15	3.27156e+45
2.50596e+15	3.23779e+45
2.50772e+15	3.20855e+45
2.50949e+15	3.17725e+45
2.51125e+15	3.14833e+45
2.51302e+15	3.11737e+45
2.51478e+15	3.0888e+45
2.51654e+15	3.08744e+45
2.51831e+15	3.05479e+45
2.52007e+15	3.02853e+45
2.52183e+15	2.99829e+45
2.5236e+15	2.99469e+45
2.52536e+15	2.96876e+45
2.52712e+15	2.93884e+45
2.52889e+15	2.90912e+45
2.53065e+15	2.8796e+45
2.53241e+15	2.85422e+45
2.53418e+15	2.82502e+45
2.53594e+15	2.8233e+45
2.5377e+15	2.79428e+45
2.53947e+15	2.76546e+45
2.54123e+15	2.73683e+45
2.543e+15	2.71414e+45
2.54476e+15	2.68581e+45
2.54652e+15	2.68392e+45
2.54829e+15	2.65578e+45
2.55005e+15	2.62971e+45
2.55181e+15	2.60186e+45
2.55358e+15	2.57609e+45
2.55534e+15	2.55043e+45
2.5571e+15	2.54427e+45
2.55887e+15	2.51841e+45
2.56063e+15	2.4927e+45
2.56239e+15	2.46716e+45
2.56416e+15	2.44177e+45
2.56592e+15	2.41654e+45
2.56768e+15	2.39148e+45
2.56945e+15	2.36657e+45
2.57121e+15	2.36584e+45
2.57298e+15	2.3411e+45
2.57474e+15	2.31653e+45
2.5765e+15	2.29211e+45
2.57827e+15	2.26785e+45
2.58003e+15	2.26873e+45
2.58179e+15	2.24463e+45
2.58356e+15	2.22069e+45
2.58532e+15	2.19691e+45
2.58708e+15	2.17328e+45
2.58885e+15	2.14982e+45
2.59061e+15	2.1265e+45
2.59237e+15	2.105e+45
2.59414e+15	2.08199e+45
2.5959e+15	2.05914e+45
2.59766e+15	2.0582e+45
2.59943e+15	2.04027e+45
2.60119e+15	2.0177e+45
2.60295e+15	1.99529e+45
2.60472e+15	1.99585e+45
2.60648e+15	1.9736e+45
2.60825e+15	1.9515e+45
2.61001e+15	1.93114e+45
2.61177e+15	1.90934e+45
2.61354e+15	1.88769e+45
2.6153e+15	1.87067e+45
2.61706e+15	1.8493e+45
2.61883e+15	1.8296e+45
2.62059e+15	1.80851e+45
2.62235e+15	1.78758e+45
2.62412e+15	1.78799e+45
2.62588e+15	1.76721e+45
2.62764e+15	1.75087e+45
2.62941e+15	1.74965e+45
2.63117e+15	1.73065e+45
2.63293e+15	1.7103e+45
2.6347e+15	1.69156e+45
2.63646e+15	1.67565e+45
2.63823e+15	1.65571e+45
2.63999e+15	1.63734e+45
2.64175e+15	1.61768e+45
2.64352e+15	1.59958e+45
2.64528e+15	1.58421e+45
2.64704e+15	1.56495e+45
2.64881e+15	1.54723e+45
2.65057e+15	1.54738e+45
2.65233e+15	1.53094e+45
2.6541e+15	1.53098e+45
2.65586e+15	1.51351e+45
2.65762e+15	1.49618e+45
2.65939e+15	1.48007e+45
2.66115e+15	1.46298e+45
2.66291e+15	1.44601e+45
2.66468e+15	1.43157e+45
2.66644e+15	1.41351e+45
2.66821e+15	1.3969e+45
2.66997e+15	1.38276e+45
2.67173e+15	1.36638e+45
2.6735e+15	1.35012e+45
2.67526e+15	1.33628e+45
2.67702e+15	1.32025e+45
2.67879e+15	1.33476e+45
2.68055e+15	1.32102e+45
2.68231e+15	1.30513e+45
2.68408e+15	1.28935e+45
2.68584e+15	1.27591e+45
2.6876e+15	1.26036e+45
2.68937e+15	1.24493e+45
2.69113e+15	1.23178e+45
2.69289e+15	1.21657e+45
2.69466e+15	1.2036e+45
2.69642e+15	1.18861e+45
2.69819e+15	1.17374e+45
2.69995e+15	1.16106e+45
2.70171e+15	1.14641e+45
2.70348e+15	1.13392e+45
2.70524e+15	1.13483e+45
2.707e+15	1.1204e+45
2.70877e+15	1.12208e+45
2.71053e+15	1.10777e+45
2.71229e+15	1.09554e+45
2.71406e+15	1.08144e+45
2.71582e+15	1.0694e+45
2.71758e+15	1.05663e+45
2.71935e+15	1.04476e+45
2.72111e+15	1.03108e+45
2.72287e+15	1.01939e+45
2.72464e+15	1.00592e+45
2.7264e+15	9.95486e+44
2.72816e+15	9.82219e+44
2.72993e+15	9.70885e+44
2.73169e+15	9.71547e+44
2.73346e+15	9.60292e+44
2.73522e+15	9.47335e+44
2.73698e+15	9.48633e+44
2.73875e+15	9.36825e+44
2.74051e+15	9.25827e+44
2.74227e+15	9.14201e+44
2.74404e+15	9.03371e+44
2.7458e+15	8.9092e+44
2.74756e+15	8.81264e+44
2.74933e+15	8.69008e+44
2.75109e+15	8.59504e+44
2.75285e+15	8.49089e+44
2.75462e+15	8.37122e+44
2.75638e+15	8.27839e+44
2.75814e+15	8.16065e+44
2.75991e+15	8.18113e+44
2.76167e+15	8.0802e+44
2.76344e+15	7.97377e+44
2.7652e+15	7.87821e+44
2.76696e+15	7.76887e+44
2.76873e+15	7.78413e+44
2.77049e+15	7.69097e+44
2.77225e+15	7.58432e+44
2.77402e+15	7.4936e+44
2.77578e+15	7.40357e+44
2.77754e+15	7.2995e+44
2.77931e+15	7.21097e+44
2.78107e+15	7.10865e+44
2.78283e+15	7.02247e+44
2.7846e+15	6.9361e+44
2.78636e+15	6.83717e+44
2.78812e+15	6.85127e+44
2.78989e+15	6.76713e+44
2.79165e+15	6.68365e+44
2.79342e+15	6.58717e+44
2.79518e+15	6.50512e+44
2.79694e+15	6.42454e+44
2.79871e+15	6.42384e+44
2.80047e+15	6.34395e+44
2.80223e+15	6.2647e+44
2.804e+15	6.17228e+44
2.80576e+15	6.09441e+44
2.80752e+15	6.01797e+44
2.80929e+15	5.94135e+44
2.81105e+15	5.85283e+44
2.81281e+15	5.77835e+44
2.81458e+15	5.70371e+44
2.81634e+15	5.71624e+44
2.8181e+15	5.63078e+44
2.81987e+15	5.5574e+44
2.82163e+15	5.4854e+44
2.82339e+15	5.41474e+44
2.82516e+15	5.34393e+44
2.82692e+15	5.26213e+44
2.82869e+15	5.19334e+44
2.83045e+15	5.12441e+44
2.83221e+15	5.13614e+44
2.83398e+15	5.06846e+44
2.83574e+15	4.99023e+44
2.8375e+15	4.9238e+44
2.83927e+15	4.85794e+44
2.84103e+15	4.79264e+44
2.84279e+15	4.72792e+44
2.84456e+15	4.65385e+44
2.84632e+15	4.66488e+44
2.84808e+15	4.60132e+44
2.84985e+15	4.53899e+44
2.85161e+15	4.47721e+44
2.85337e+15	4.41597e+44
2.85514e+15	4.35527e+44
2.8569e+15	4.28517e+44
2.85867e+15	4.2263e+44
2.86043e+15	4.16731e+44
2.86219e+15	4.10949e+44
2.86396e+15	4.11964e+44
2.86572e+15	4.06166e+44
2.86748e+15	4.00484e+44
2.86925e+15	3.94853e+44
2.87101e+15	3.89274e+44
2.87277e+15	3.83807e+44
2.87454e+15	3.77424e+44
2.8763e+15	3.78324e+44
2.87806e+15	3.72962e+44
2.87983e+15	3.6759e+44
2.88159e+15	3.62328e+44
2.88335e+15	3.57115e+44
2.88512e+15	3.51951e+44
2.88688e+15	3.46836e+44
2.88865e+15	3.41769e+44
2.89041e+15	3.36807e+44
2.89217e+15	3.31836e+44
2.89394e+15	3.26969e+44
2.8957e+15	3.22094e+44
2.89746e+15	3.1732e+44
2.89923e+15	3.18178e+44
2.90099e+15	3.13447e+44
2.90275e+15	3.08762e+44
2.90452e+15	3.04122e+44
2.90628e+15	2.99529e+44
2.90804e+15	3.0035e+44
2.90981e+15	2.95798e+44
2.91157e+15	2.91343e+44
2.91333e+15	2.8688e+44
2.9151e+15	2.82514e+44
2.91686e+15	2.78191e+44
2.91862e+15	2.73912e+44
2.92039e+15	2.69676e+44
2.92215e+15	2.65532e+44
2.92392e+15	2.61381e+44
2.92568e+15	2.57274e+44
2.92744e+15	2.53256e+44
2.92921e+15	2.49234e+44
2.93097e+15	2.45299e+44
2.93273e+15	2.41406e+44
2.9345e+15	2.42122e+44
2.93626e+15	2.38266e+44
2.93802e+15	2.35087e+44
2.93979e+15	2.35736e+44
2.94155e+15	2.3195e+44
2.94331e+15	2.2825e+44
2.94508e+15	2.24545e+44
2.94684e+15	2.20923e+44
2.9486e+15	2.1734e+44
2.95037e+15	2.13795e+44
2.95213e+15	2.10289e+44
2.9539e+15	2.06821e+44
2.95566e+15	2.03963e+44
2.95742e+15	2.00565e+44
2.95919e+15	1.97203e+44
2.96095e+15	1.9392e+44
2.96271e+15	1.90633e+44
2.96448e+15	1.87422e+44
2.96624e+15	1.84248e+44
2.968e+15	1.81599e+44
2.96977e+15	1.82184e+44
2.97153e+15	1.79072e+44
2.97329e+15	1.79609e+44
2.97506e+15	1.7667e+44
2.97682e+15	1.73726e+44
2.97858e+15	1.70815e+44
2.98035e+15	1.67973e+44
2.98211e+15	1.65162e+44
2.98388e+15	1.62346e+44
2.98564e+15	1.59599e+44
2.9874e+15	1.56882e+44
2.98917e+15	1.54196e+44
2.99093e+15	1.51541e+44
2.99269e+15	1.48916e+44
2.99446e+15	1.46355e+44
2.99622e+15	1.43791e+44
2.99798e+15	1.413e+44
2.99975e+15	1.38827e+44
3.00151e+15	1.36383e+44
3.00327e+15	1.33979e+44
3.00504e+15	1.31592e+44
3.0068e+15	1.29276e+44
3.00856e+15	1.32699e+44
3.01033e+15	1.30374e+44
3.01209e+15	1.28068e+44
3.01386e+15	1.25798e+44
3.01562e+15	1.23585e+44
3.01738e+15	1.21329e+44
3.01915e+15	1.19169e+44
3.02091e+15	1.17005e+44
3.02267e+15	1.14897e+44
3.02444e+15	1.12814e+44
3.0262e+15	1.10721e+44
3.02796e+15	1.08689e+44
3.02973e+15	1.06745e+44
3.03149e+15	1.04763e+44
3.03325e+15	1.02805e+44
3.03502e+15	1.00898e+44
3.03678e+15	9.89893e+43
3.03854e+15	9.71306e+43
3.04031e+15	9.52954e+43
3.04207e+15	9.34904e+43
3.04383e+15	9.39541e+43
3.0456e+15	9.21619e+43
3.04736e+15	9.26455e+43
3.04913e+15	9.08723e+43
3.05089e+15	8.91528e+43
3.05265e+15	8.74247e+43
3.05442e+15	8.57738e+43
3.05618e+15	8.41438e+43
3.05794e+15	8.24816e+43
3.05971e+15	8.08939e+43
3.06147e+15	7.93269e+43
3.06323e+15	7.77803e+43
3.065e+15	7.62265e+43
3.06676e+15	7.47209e+43
3.06852e+15	7.32354e+43
3.07029e+15	7.17916e+43
3.07205e+15	7.03456e+43
3.07381e+15	6.89405e+43
3.07558e+15	6.75335e+43
3.07734e+15	6.61666e+43
3.07911e+15	6.48184e+43
3.08087e+15	6.51967e+43
3.08263e+15	6.38677e+43
3.0844e+15	6.25534e+43
3.08616e+15	6.12772e+43
3.08792e+15	6.16375e+43
3.08969e+15	6.03562e+43
3.09145e+15	5.91124e+43
3.09321e+15	5.78891e+43
3.09498e+15	5.66799e+43
3.09674e+15	5.54908e+43
3.0985e+15	5.43158e+43
3.10027e+15	5.31787e+43
3.10203e+15	5.20577e+43
3.10379e+15	5.09324e+43
3.10556e+15	4.98438e+43
3.10732e+15	4.87709e+43
3.10909e+15	4.76944e+43
3.11085e+15	4.66698e+43
3.11261e+15	4.56438e+43
3.11438e+15	4.46494e+43
3.11614e+15	4.36697e+43
3.1179e+15	4.39507e+43
3.11967e+15	4.29831e+43
3.12143e+15	4.20301e+43
3.12319e+15	4.10914e+43
3.12496e+15	4.01671e+43
3.12672e+15	3.92569e+43
3.12848e+15	3.83922e+43
3.13025e+15	3.86441e+43
3.13201e+15	3.7759e+43
3.13377e+15	3.69023e+43
3.13554e+15	3.60601e+43
3.1373e+15	3.52299e+43
3.13906e+15	3.44278e+43
3.14083e+15	3.36233e+43
3.14259e+15	3.28464e+43
3.14436e+15	3.20673e+43
3.14612e+15	3.1315e+43
3.14788e+15	3.05609e+43
3.14965e+15	2.98329e+43
3.15141e+15	2.91293e+43
3.15317e+15	2.84115e+43
3.15494e+15	2.7731e+43
3.1567e+15	2.70616e+43
3.15846e+15	2.72682e+43
3.16023e+15	2.66078e+43
3.16199e+15	2.59461e+43
3.16375e+15	2.53197e+43
3.16552e+15	2.46801e+43
3.16728e+15	2.40632e+43
3.16904e+15	2.34791e+43
3.17081e+15	2.2883e+43
3.17257e+15	2.22972e+43
3.17434e+15	2.24833e+43
3.1761e+15	2.19056e+43
3.17786e+15	2.13485e+43
3.17963e+15	2.08011e+43
3.18139e+15	2.02736e+43
3.18315e+15	1.97452e+43
3.18492e+15	1.92362e+43
3.18668e+15	1.87266e+43
3.18844e+15	1.82263e+43
3.19021e+15	1.77445e+43
3.19197e+15	1.72713e+43
3.19373e+15	1.6807e+43
3.1955e+15	1.63599e+43
3.19726e+15	1.5904e+43
3.19902e+15	1.60556e+43
3.20079e+15	1.56233e+43
3.20255e+15	1.51826e+43
3.20432e+15	1.47666e+43
3.20608e+15	1.43585e+43
3.20784e+15	1.39662e+43
3.20961e+15	1.35735e+43
3.21137e+15	1.3181e+43
3.21313e+15	1.28036e+43
3.2149e+15	1.24482e+43
3.21666e+15	1.20785e+43
3.21842e+15	1.17302e+43
3.22019e+15	1.18556e+43
3.22195e+15	1.15126e+43
3.22371e+15	1.11765e+43
3.22548e+15	1.08472e+43
3.22724e+15	1.05247e+43
3.229e+15	1.02149e+43
3.23077e+15	9.90543e+42
3.23253e+15	9.60252e+42
3.23429e+15	9.31783e+42
3.23606e+15	9.02746e+42
3.23782e+15	8.74924e+42
3.23959e+15	8.47658e+42
3.24135e+15	8.56709e+42
3.24311e+15	8.3047e+42
3.24488e+15	8.04284e+42
3.24664e+15	7.79167e+42
3.2484e+15	7.54596e+42
3.25017e+15	7.30093e+42
3.25193e+15	7.06605e+42
3.25369e+15	6.83643e+42
3.25546e+15	6.61695e+42
3.25722e+15	6.39327e+42
3.25898e+15	6.18377e+42
3.26075e+15	5.97906e+42
3.26251e+15	5.77458e+42
3.26427e+15	5.57939e+42
3.26604e+15	5.38881e+42
3.2678e+15	5.20278e+42
3.26957e+15	5.26816e+42
3.27133e+15	5.08559e+42
3.27309e+15	4.91155e+42
3.27486e+15	4.73767e+42
3.27662e+15	4.57142e+42
3.27838e+15	4.40983e+42
3.28015e+15	4.24852e+42
3.28191e+15	4.09498e+42
3.28367e+15	3.94832e+42
3.28544e+15	3.80243e+42
3.2872e+15	3.84824e+42
3.28896e+15	3.70821e+42
3.29073e+15	3.5724e+42
3.29249e+15	3.43946e+42
3.29425e+15	3.3074e+42
3.29602e+15	3.18141e+42
3.29778e+15	3.05939e+42
3.29955e+15	2.94008e+42
3.30131e+15	2.82691e+42
3.30307e+15	2.71681e+42
3.30484e+15	2.60483e+42
3.3066e+15	2.50085e+42
3.30836e+15	2.3998e+42
3.31013e+15	2.30163e+42
3.31189e+15	2.20436e+42
3.31365e+15	2.11186e+42
3.31542e+15	2.0244e+42
3.31718e+15	1.93727e+42
3.31894e+15	1.85387e+42
3.32071e+15	1.88425e+42
3.32247e+15	1.80464e+42
3.32423e+15	1.72603e+42
3.326e+15	1.65005e+42
3.32776e+15	1.57664e+42
3.32953e+15	1.50553e+42
3.33129e+15	1.43846e+42
3.33305e+15	1.37215e+42
3.33482e+15	1.39407e+42
3.33658e+15	1.32983e+42
3.33834e+15	1.2691e+42
3.34011e+15	1.20931e+42
3.34187e+15	1.15284e+42
3.34363e+15	1.09712e+42
3.3454e+15	1.04469e+42
3.34716e+15	9.93154e+41
3.34892e+15	9.4442e+41
3.35069e+15	8.97522e+41
3.35245e+15	8.51487e+41
3.35421e+15	8.08022e+41
3.35598e+15	7.66385e+41
3.35774e+15	7.26396e+41
3.3595e+15	6.87099e+41
3.36127e+15	6.50191e+41
3.36303e+15	6.14912e+41
3.3648e+15	5.80997e+41
3.36656e+15	5.48518e+41
3.36832e+15	5.1743e+41
3.37009e+15	4.87694e+41
3.37185e+15	4.59769e+41
3.37361e+15	4.32592e+41
3.37538e+15	4.4231e+41
3.37714e+15	4.16203e+41
3.3789e+15	3.91791e+41
3.38067e+15	3.67914e+41
3.38243e+15	3.45621e+41
3.38419e+15	3.23922e+41
3.38596e+15	3.30945e+41
3.38772e+15	3.1016e+41
3.38948e+15	2.90779e+41
3.39125e+15	2.71951e+41
3.39301e+15	2.54358e+41
3.39478e+15	2.37701e+41
3.39654e+15	2.21885e+41
3.3983e+15	2.06823e+41
3.40007e+15	1.926e+41
3.40183e+15	1.7908e+41
3.40359e+15	1.66338e+41
3.40536e+15	1.54247e+41
3.40712e+15	1.43112e+41
3.40888e+15	1.32331e+41
3.41065e+15	1.22174e+41
3.41241e+15	1.12814e+41
3.41417e+15	1.03855e+41
3.41594e+15	9.55843e+40
3.4177e+15	8.78199e+40
3.41946e+15	8.05704e+40
3.42123e+15	7.37528e+40
3.42299e+15	6.73787e+40
3.42476e+15	6.14531e+40
3.42652e+15	5.59047e+40
3.42828e+15	5.0873e+40
3.43005e+15	4.6067e+40
3.43181e+15	4.17239e+40
3.43357e+15	3.76775e+40
3.43534e+15	3.89643e+40
3.4371e+15	3.52191e+40
3.43886e+15	3.17349e+40
3.44063e+15	2.85843e+40
3.44239e+15	2.93548e+40
3.44415e+15	2.63739e+40
3.44592e+15	2.36825e+40
3.44768e+15	2.11516e+40
3.44944e+15	1.88425e+40
3.45121e+15	1.67708e+40
3.45297e+15	1.48861e+40
3.45473e+15	1.31294e+40
3.4565e+15	1.15619e+40
3.45826e+15	1.01362e+40
3.46003e+15	8.84372e+39
3.46179e+15	7.6937e+39
3.46355e+15	6.64848e+39
3.46532e+15	5.72382e+39
3.46708e+15	4.89734e+39
3.46884e+15	4.1651e+39
3.47061e+15	3.51941e+39
3.47237e+15	2.95292e+39
3.47413e+15	2.45926e+39
