1	0
11	3.50934e+14
21	9.04527e+15
31	4.39977e+16
41	1.25871e+17
51	2.76368e+17
61	5.17526e+17
71	8.71364e+17
81	1.3598e+18
91	2.00431e+18
101	2.82604e+18
111	3.84608e+18
121	5.08471e+18
131	6.56177e+18
141	8.29661e+18
151	1.03074e+19
161	1.26119e+19
171	1.52271e+19
181	1.81673e+19
191	2.1446e+19
201	2.5075e+19
211	2.90626e+19
221	3.34139e+19
231	3.81312e+19
241	4.32137e+19
251	4.86577e+19
261	5.44551e+19
271	6.05963e+19
281	6.70662e+19
291	7.38405e+19
301	8.0881e+19
311	8.82096e+19
321	9.58372e+19
331	1.03767e+20
341	1.12e+20
351	1.20536e+20
361	1.29374e+20
371	1.38512e+20
381	1.47948e+20
391	1.57678e+20
401	1.67701e+20
411	1.78013e+20
421	1.8861e+20
431	1.99489e+20
441	2.10647e+20
451	2.22078e+20
461	2.33779e+20
471	2.45745e+20
481	2.57973e+20
491	2.70458e+20
501	2.83195e+20
511	2.96179e+20
521	3.09406e+20
531	3.22872e+20
541	3.3657e+20
551	3.50498e+20
561	3.64648e+20
571	3.79018e+20
581	3.93601e+20
591	4.08393e+20
601	4.23388e+20
611	4.38583e+20
621	4.53971e+20
631	4.69549e+20
641	4.8531e+20
651	5.0125e+20
661	5.17365e+20
671	5.33648e+20
681	5.50096e+20
691	5.66703e+20
701	5.83465e+20
711	6.00376e+20
721	6.17433e+20
731	6.34629e+20
741	6.51961e+20
751	6.69423e+20
761	6.87012e+20
771	7.04722e+20
781	7.22549e+20
791	7.40488e+20
801	7.58534e+20
811	7.76684e+20
821	7.94933e+20
831	8.13277e+20
841	8.3171e+20
851	8.50229e+20
861	8.6883e+20
871	8.87508e+20
881	9.0626e+20
891	9.2508e+20
901	9.43966e+20
911	9.62913e+20
921	9.81916e+20
931	1.00097e+21
941	1.02008e+21
951	1.03923e+21
961	1.05842e+21
971	1.07766e+21
981	1.09692e+21
991	1.11622e+21
1001	1.13554e+21
1011	1.15489e+21
1021	1.17425e+21
1031	1.19364e+21
1041	1.21303e+21
1051	1.23244e+21
1061	1.25185e+21
1071	1.27127e+21
1081	1.29069e+21
1091	1.3101e+21
1101	1.32951e+21
1111	1.34891e+21
1121	1.36829e+21
1131	1.38766e+21
1141	1.40702e+21
1151	1.42635e+21
1161	1.44566e+21
1171	1.46494e+21
1181	1.48419e+21
1191	1.50341e+21
1201	1.5226e+21
1211	1.54175e+21
1221	1.56086e+21
1231	1.57992e+21
1241	1.59894e+21
1251	1.61792e+21
1261	1.63685e+21
1271	1.65572e+21
1281	1.67454e+21
1291	1.6933e+21
1301	1.71201e+21
1311	1.73065e+21
1321	1.74923e+21
1331	1.76775e+21
1341	1.7862e+21
1351	1.80458e+21
1361	1.82288e+21
1371	1.84112e+21
1381	1.85928e+21
1391	1.87736e+21
1401	1.89537e+21
1411	1.9133e+21
1421	1.93114e+21
1431	1.9489e+21
1441	1.96657e+21
1451	1.98416e+21
1461	2.00166e+21
1471	2.01906e+21
1481	2.03638e+21
1491	2.0536e+21
1501	2.07073e+21
1511	2.08776e+21
1521	2.1047e+21
1531	2.12153e+21
1541	2.13827e+21
1551	2.1549e+21
1561	2.17143e+21
1571	2.18786e+21
1581	2.20418e+21
1591	2.22039e+21
1601	2.2365e+21
1611	2.2525e+21
1621	2.26839e+21
1631	2.28416e+21
1641	2.29983e+21
1651	2.31538e+21
1661	2.33082e+21
1671	2.34615e+21
1681	2.36136e+21
1691	2.37645e+21
1701	2.39143e+21
1711	2.40628e+21
1721	2.42102e+21
1731	2.43564e+21
1741	2.45014e+21
1751	2.46452e+21
1761	2.47877e+21
1771	2.49291e+21
1781	2.50692e+21
1791	2.5208e+21
1801	2.53456e+21
1811	2.5482e+21
1821	2.56171e+21
1831	2.5751e+21
1841	2.58836e+21
1851	2.60149e+21
1861	2.6145e+21
1871	2.62737e+21
1881	2.64012e+21
1891	2.65274e+21
1901	2.66523e+21
1911	2.6776e+21
1921	2.68983e+21
1931	2.70193e+21
1941	2.7139e+21
1951	2.72575e+21
1961	2.73746e+21
1971	2.74904e+21
1981	2.76049e+21
1991	2.7718e+21
2001	2.78299e+21
2011	2.79405e+21
2021	2.80497e+21
2031	2.81576e+21
2041	2.82642e+21
2051	2.83695e+21
2061	2.84734e+21
2071	2.85761e+21
2081	2.86774e+21
2091	2.87774e+21
2101	2.8876e+21
2111	2.89734e+21
2121	2.90694e+21
2131	2.91641e+21
2141	2.92575e+21
2151	2.93496e+21
2161	2.94403e+21
2171	2.95298e+21
2181	2.96179e+21
2191	2.97047e+21
2201	2.97902e+21
2211	2.98744e+21
2221	2.99572e+21
2231	3.00388e+21
2241	3.01191e+21
2251	3.0198e+21
2261	3.02757e+21
2271	3.03521e+21
2281	3.04271e+21
2291	3.05009e+21
2301	3.05734e+21
2311	3.06446e+21
2321	3.07145e+21
2331	3.07831e+21
2341	3.08505e+21
2351	3.09165e+21
2361	3.09814e+21
2371	3.10449e+21
2381	3.11072e+21
2391	3.11682e+21
2401	3.12279e+21
2411	3.12864e+21
2421	3.13437e+21
2431	3.13997e+21
2441	3.14545e+21
2451	3.1508e+21
2461	3.15603e+21
2471	3.16114e+21
2481	3.16613e+21
2491	3.17099e+21
2501	3.17573e+21
2511	3.18035e+21
2521	3.18485e+21
2531	3.18923e+21
2541	3.1935e+21
2551	3.19764e+21
2561	3.20166e+21
2571	3.20557e+21
2581	3.20936e+21
2591	3.21303e+21
2601	3.21658e+21
2611	3.22002e+21
2621	3.22335e+21
2631	3.22656e+21
2641	3.22965e+21
2651	3.23263e+21
2661	3.2355e+21
2671	3.23826e+21
2681	3.2409e+21
2691	3.24344e+21
2701	3.24586e+21
2711	3.24817e+21
2721	3.25037e+21
2731	3.25247e+21
2741	3.25445e+21
2751	3.25633e+21
2761	3.2581e+21
2771	3.25976e+21
2781	3.26132e+21
2791	3.26277e+21
2801	3.26412e+21
2811	3.26536e+21
2821	3.2665e+21
2831	3.26754e+21
2841	3.26848e+21
2851	3.26931e+21
2861	3.27004e+21
2871	3.27067e+21
2881	3.27121e+21
2891	3.27164e+21
2901	3.27198e+21
2911	3.27221e+21
2921	3.27236e+21
2931	3.2724e+21
2941	3.27235e+21
2951	3.2722e+21
2961	3.27196e+21
2971	3.27163e+21
2981	3.2712e+21
2991	3.27068e+21
3001	3.27007e+21
3011	3.26936e+21
3021	3.26857e+21
3031	3.26769e+21
3041	3.26671e+21
3051	3.26565e+21
3061	3.2645e+21
3071	3.26327e+21
3081	3.26195e+21
3091	3.26054e+21
3101	3.25905e+21
3111	3.25747e+21
3121	3.25581e+21
3131	3.25406e+21
3141	3.25224e+21
3151	3.25033e+21
3161	3.24834e+21
3171	3.24627e+21
3181	3.24412e+21
3191	3.24189e+21
3201	3.23959e+21
3211	3.2372e+21
3221	3.23474e+21
3231	3.2322e+21
3241	3.22959e+21
3251	3.2269e+21
3261	3.22414e+21
3271	3.2213e+21
3281	3.21839e+21
3291	3.21541e+21
3301	3.21236e+21
3311	3.20923e+21
3321	3.20604e+21
3331	3.20277e+21
3341	3.19944e+21
3351	3.19604e+21
3361	3.19257e+21
3371	3.18903e+21
3381	3.18543e+21
3391	3.18176e+21
3401	3.17802e+21
3411	3.17423e+21
3421	3.17036e+21
3431	3.16644e+21
3441	3.16245e+21
3451	3.1584e+21
3461	3.15429e+21
3471	3.15011e+21
3481	3.14588e+21
3491	3.14159e+21
3501	3.13724e+21
3511	3.13283e+21
3521	3.12837e+21
3531	3.12384e+21
3541	3.11927e+21
3551	3.11463e+21
3561	3.10994e+21
3571	3.1052e+21
3581	3.1004e+21
3591	3.09555e+21
3601	3.09065e+21
3611	3.08569e+21
3621	3.08069e+21
3631	3.07563e+21
3641	3.07052e+21
3651	3.06537e+21
3661	3.06016e+21
3671	3.05491e+21
3681	3.04961e+21
3691	3.04426e+21
3701	3.03886e+21
3711	3.03342e+21
3721	3.02793e+21
3731	3.0224e+21
3741	3.01683e+21
3751	3.01121e+21
3761	3.00555e+21
3771	2.99984e+21
3781	2.9941e+21
3791	2.98831e+21
3801	2.98248e+21
3811	2.97661e+21
3821	2.9707e+21
3831	2.96476e+21
3841	2.95877e+21
3851	2.95275e+21
3861	2.94669e+21
3871	2.94059e+21
3881	2.93445e+21
3891	2.92828e+21
3901	2.92208e+21
3911	2.91584e+21
3921	2.90956e+21
3931	2.90325e+21
3941	2.89691e+21
3951	2.89053e+21
3961	2.88413e+21
3971	2.87769e+21
3981	2.87122e+21
3991	2.86472e+21
4001	2.85819e+21
4011	2.85163e+21
4021	2.84504e+21
4031	2.83842e+21
4041	2.83177e+21
4051	2.8251e+21
4061	2.8184e+21
4071	2.81167e+21
4081	2.80492e+21
4091	2.79814e+21
4101	2.79133e+21
4111	2.7845e+21
4121	2.77765e+21
4131	2.77077e+21
4141	2.76387e+21
4151	2.75694e+21
4161	2.75e+21
4171	2.74303e+21
4181	2.73604e+21
4191	2.72902e+21
4201	2.72199e+21
4211	2.71494e+21
4221	2.70787e+21
4231	2.70077e+21
4241	2.69366e+21
4251	2.68653e+21
4261	2.67939e+21
4271	2.67222e+21
4281	2.66504e+21
4291	2.65784e+21
4301	2.65062e+21
4311	2.64339e+21
4321	2.63614e+21
4331	2.62888e+21
4341	2.6216e+21
4351	2.61431e+21
4361	2.607e+21
4371	2.59968e+21
4381	2.59235e+21
4391	2.585e+21
4401	2.57765e+21
4411	2.57027e+21
4421	2.56289e+21
4431	2.5555e+21
4441	2.54809e+21
4451	2.54068e+21
4461	2.53325e+21
4471	2.52582e+21
4481	2.51837e+21
4491	2.51092e+21
4501	2.50346e+21
4511	2.49598e+21
4521	2.4885e+21
4531	2.48102e+21
4541	2.47352e+21
4551	2.46602e+21
4561	2.45851e+21
4571	2.451e+21
4581	2.44348e+21
4591	2.43595e+21
4601	2.42842e+21
4611	2.42088e+21
4621	2.41334e+21
4631	2.40579e+21
4641	2.39824e+21
4651	2.39068e+21
4661	2.38313e+21
4671	2.37556e+21
4681	2.368e+21
4691	2.36043e+21
4701	2.35286e+21
4711	2.34529e+21
4721	2.33772e+21
4731	2.33014e+21
4741	2.32257e+21
4751	2.31499e+21
4761	2.30741e+21
4771	2.29983e+21
4781	2.29226e+21
4791	2.28468e+21
4801	2.2771e+21
4811	2.26952e+21
4821	2.26195e+21
4831	2.25437e+21
4841	2.2468e+21
4851	2.23923e+21
4861	2.23166e+21
4871	2.22409e+21
4881	2.21653e+21
4891	2.20897e+21
4901	2.20141e+21
4911	2.19386e+21
4921	2.1863e+21
4931	2.17876e+21
4941	2.17121e+21
4951	2.16367e+21
4961	2.15614e+21
4971	2.14861e+21
4981	2.14108e+21
4991	2.13356e+21
5001	2.12605e+21
5011	2.11854e+21
5021	2.11103e+21
5031	2.10353e+21
5041	2.09604e+21
5051	2.08856e+21
5061	2.08108e+21
5071	2.07361e+21
5081	2.06614e+21
5091	2.05868e+21
5101	2.05123e+21
5111	2.04379e+21
5121	2.03636e+21
5131	2.02893e+21
5141	2.02151e+21
5151	2.0141e+21
5161	2.0067e+21
5171	1.9993e+21
5181	1.99192e+21
5191	1.98454e+21
5201	1.97718e+21
5211	1.96982e+21
5221	1.96247e+21
5231	1.95514e+21
5241	1.94781e+21
5251	1.94049e+21
5261	1.93319e+21
5271	1.92589e+21
5281	1.9186e+21
5291	1.91133e+21
5301	1.90406e+21
5311	1.89681e+21
5321	1.88957e+21
5331	1.88234e+21
5341	1.87512e+21
5351	1.86791e+21
5361	1.86071e+21
5371	1.85353e+21
5381	1.84636e+21
5391	1.8392e+21
5401	1.83205e+21
5411	1.82491e+21
5421	1.81779e+21
5431	1.81068e+21
5441	1.80359e+21
5451	1.7965e+21
5461	1.78943e+21
5471	1.78237e+21
5481	1.77533e+21
5491	1.7683e+21
5501	1.76128e+21
5511	1.75427e+21
5521	1.74728e+21
5531	1.74031e+21
5541	1.73335e+21
5551	1.7264e+21
5561	1.71946e+21
5571	1.71254e+21
5581	1.70564e+21
5591	1.69875e+21
5601	1.69187e+21
5611	1.68501e+21
5621	1.67816e+21
5631	1.67133e+21
5641	1.66452e+21
5651	1.65771e+21
5661	1.65093e+21
5671	1.64416e+21
5681	1.6374e+21
5691	1.63066e+21
5701	1.62394e+21
5711	1.61723e+21
5721	1.61053e+21
5731	1.60386e+21
5741	1.59719e+21
5751	1.59055e+21
5761	1.58392e+21
5771	1.5773e+21
5781	1.57071e+21
5791	1.56413e+21
5801	1.55756e+21
5811	1.55101e+21
5821	1.54448e+21
5831	1.53796e+21
5841	1.53146e+21
5851	1.52498e+21
5861	1.51851e+21
5871	1.51206e+21
5881	1.50563e+21
5891	1.49922e+21
5901	1.49282e+21
5911	1.48644e+21
5921	1.48007e+21
5931	1.47372e+21
5941	1.46739e+21
5951	1.46108e+21
5961	1.45478e+21
5971	1.4485e+21
5981	1.44224e+21
5991	1.436e+21
6001	1.42977e+21
6011	1.42356e+21
6021	1.41737e+21
6031	1.41119e+21
6041	1.40504e+21
6051	1.3989e+21
6061	1.39277e+21
6071	1.38667e+21
6081	1.38058e+21
6091	1.37451e+21
6101	1.36846e+21
6111	1.36243e+21
6121	1.35641e+21
6131	1.35042e+21
6141	1.34444e+21
6151	1.33848e+21
6161	1.33253e+21
6171	1.32661e+21
6181	1.3207e+21
6191	1.31481e+21
6201	1.30894e+21
6211	1.30308e+21
6221	1.29725e+21
6231	1.29143e+21
6241	1.28563e+21
6251	1.27985e+21
6261	1.27409e+21
6271	1.26834e+21
6281	1.26261e+21
6291	1.25691e+21
6301	1.25122e+21
6311	1.24554e+21
6321	1.23989e+21
6331	1.23425e+21
6341	1.22864e+21
6351	1.22304e+21
6361	1.21746e+21
6371	1.21189e+21
6381	1.20635e+21
6391	1.20082e+21
6401	1.19532e+21
6411	1.18983e+21
6421	1.18436e+21
6431	1.1789e+21
6441	1.17347e+21
6451	1.16805e+21
6461	1.16265e+21
6471	1.15728e+21
6481	1.15191e+21
6491	1.14657e+21
6501	1.14125e+21
6511	1.13594e+21
6521	1.13065e+21
6531	1.12538e+21
6541	1.12013e+21
6551	1.1149e+21
6561	1.10968e+21
6571	1.10449e+21
6581	1.09931e+21
6591	1.09415e+21
6601	1.08901e+21
6611	1.08388e+21
6621	1.07878e+21
6631	1.07369e+21
6641	1.06862e+21
6651	1.06357e+21
6661	1.05854e+21
6671	1.05352e+21
6681	1.04853e+21
6691	1.04355e+21
6701	1.03859e+21
6711	1.03365e+21
6721	1.02872e+21
6731	1.02382e+21
6741	1.01893e+21
6751	1.01406e+21
6761	1.00921e+21
6771	1.00437e+21
6781	9.99558e+20
6791	9.94761e+20
6801	9.89981e+20
6811	9.85219e+20
6821	9.80475e+20
6831	9.75749e+20
6841	9.71041e+20
6851	9.6635e+20
6861	9.61677e+20
6871	9.57022e+20
6881	9.52385e+20
6891	9.47766e+20
6901	9.43164e+20
6911	9.3858e+20
6921	9.34014e+20
6931	9.29465e+20
6941	9.24934e+20
6951	9.20421e+20
6961	9.15925e+20
6971	9.11446e+20
6981	9.06985e+20
6991	9.02542e+20
7001	8.98116e+20
7011	8.93707e+20
7021	8.89316e+20
7031	8.84942e+20
7041	8.80585e+20
7051	8.76246e+20
7061	8.71923e+20
7071	8.67619e+20
7081	8.63331e+20
7091	8.5906e+20
7101	8.54807e+20
7111	8.50571e+20
7121	8.46351e+20
7131	8.42149e+20
7141	8.37964e+20
7151	8.33796e+20
7161	8.29644e+20
7171	8.2551e+20
7181	8.21392e+20
7191	8.17292e+20
7201	8.13208e+20
7211	8.0914e+20
7221	8.0509e+20
7231	8.01056e+20
7241	7.97039e+20
7251	7.93038e+20
7261	7.89054e+20
7271	7.85086e+20
7281	7.81135e+20
7291	7.77201e+20
7301	7.73283e+20
7311	7.69381e+20
7321	7.65495e+20
7331	7.61626e+20
7341	7.57773e+20
7351	7.53937e+20
7361	7.50116e+20
7371	7.46312e+20
7381	7.42524e+20
7391	7.38752e+20
7401	7.34995e+20
7411	7.31255e+20
7421	7.27531e+20
7431	7.23823e+20
7441	7.2013e+20
7451	7.16454e+20
7461	7.12793e+20
7471	7.09148e+20
7481	7.05519e+20
7491	7.01905e+20
7501	6.98307e+20
7511	6.94724e+20
7521	6.91157e+20
7531	6.87606e+20
7541	6.8407e+20
7551	6.80549e+20
7561	6.77044e+20
7571	6.73554e+20
7581	6.70079e+20
7591	6.66619e+20
7601	6.63175e+20
7611	6.59746e+20
7621	6.56332e+20
7631	6.52933e+20
7641	6.49549e+20
7651	6.4618e+20
7661	6.42826e+20
7671	6.39487e+20
7681	6.36163e+20
7691	6.32853e+20
7701	6.29559e+20
7711	6.26279e+20
7721	6.23013e+20
7731	6.19762e+20
7741	6.16526e+20
7751	6.13305e+20
7761	6.10098e+20
7771	6.06905e+20
7781	6.03727e+20
7791	6.00563e+20
7801	5.97413e+20
7811	5.94278e+20
7821	5.91157e+20
7831	5.8805e+20
7841	5.84957e+20
7851	5.81878e+20
7861	5.78814e+20
7871	5.75763e+20
7881	5.72726e+20
7891	5.69703e+20
7901	5.66695e+20
7911	5.63699e+20
7921	5.60718e+20
7931	5.5775e+20
7941	5.54797e+20
7951	5.51856e+20
7961	5.48929e+20
7971	5.46016e+20
7981	5.43117e+20
7991	5.4023e+20
8001	5.37358e+20
8011	5.34498e+20
8021	5.31652e+20
8031	5.28819e+20
8041	5.26e+20
8051	5.23193e+20
8061	5.204e+20
8071	5.1762e+20
8081	5.14853e+20
8091	5.12099e+20
8101	5.09357e+20
8111	5.06629e+20
8121	5.03914e+20
8131	5.01211e+20
8141	4.98521e+20
8151	4.95844e+20
8161	4.9318e+20
8171	4.90528e+20
8181	4.87889e+20
8191	4.85262e+20
8201	4.82648e+20
8211	4.80046e+20
8221	4.77457e+20
8231	4.7488e+20
8241	4.72316e+20
8251	4.69763e+20
8261	4.67223e+20
8271	4.64696e+20
8281	4.6218e+20
8291	4.59676e+20
8301	4.57185e+20
8311	4.54705e+20
8321	4.52238e+20
8331	4.49782e+20
8341	4.47338e+20
8351	4.44906e+20
8361	4.42486e+20
8371	4.40077e+20
8381	4.37681e+20
8391	4.35296e+20
8401	4.32922e+20
8411	4.3056e+20
8421	4.2821e+20
8431	4.25871e+20
8441	4.23543e+20
8451	4.21227e+20
8461	4.18922e+20
8471	4.16629e+20
8481	4.14347e+20
8491	4.12076e+20
8501	4.09816e+20
8511	4.07567e+20
8521	4.05329e+20
8531	4.03103e+20
8541	4.00887e+20
8551	3.98682e+20
8561	3.96489e+20
8571	3.94306e+20
8581	3.92134e+20
8591	3.89972e+20
8601	3.87822e+20
8611	3.85682e+20
8621	3.83552e+20
8631	3.81434e+20
8641	3.79326e+20
8651	3.77228e+20
8661	3.75141e+20
8671	3.73064e+20
8681	3.70998e+20
8691	3.68942e+20
8701	3.66896e+20
8711	3.64861e+20
8721	3.62836e+20
8731	3.60821e+20
8741	3.58816e+20
8751	3.56821e+20
8761	3.54837e+20
8771	3.52862e+20
8781	3.50897e+20
8791	3.48943e+20
8801	3.46998e+20
8811	3.45063e+20
8821	3.43137e+20
8831	3.41222e+20
8841	3.39316e+20
8851	3.3742e+20
8861	3.35534e+20
8871	3.33657e+20
8881	3.31789e+20
8891	3.29932e+20
8901	3.28083e+20
8911	3.26245e+20
8921	3.24415e+20
8931	3.22595e+20
8941	3.20784e+20
8951	3.18983e+20
8961	3.1719e+20
8971	3.15407e+20
8981	3.13633e+20
8991	3.11869e+20
9001	3.10113e+20
9011	3.08366e+20
9021	3.06629e+20
9031	3.049e+20
9041	3.0318e+20
9051	3.01469e+20
9061	2.99767e+20
9071	2.98074e+20
9081	2.96389e+20
9091	2.94714e+20
9101	2.93047e+20
9111	2.91388e+20
9121	2.89738e+20
9131	2.88097e+20
9141	2.86464e+20
9151	2.8484e+20
9161	2.83225e+20
9171	2.81617e+20
9181	2.80018e+20
9191	2.78428e+20
9201	2.76845e+20
9211	2.75271e+20
9221	2.73706e+20
9231	2.72148e+20
9241	2.70599e+20
9251	2.69058e+20
9261	2.67524e+20
9271	2.65999e+20
9281	2.64482e+20
9291	2.62973e+20
9301	2.61472e+20
9311	2.59979e+20
9321	2.58493e+20
9331	2.57016e+20
9341	2.55546e+20
9351	2.54084e+20
9361	2.5263e+20
9371	2.51183e+20
9381	2.49744e+20
9391	2.48313e+20
9401	2.46889e+20
9411	2.45473e+20
9421	2.44065e+20
9431	2.42663e+20
9441	2.4127e+20
9451	2.39883e+20
9461	2.38505e+20
9471	2.37133e+20
9481	2.35769e+20
9491	2.34412e+20
9501	2.33062e+20
9511	2.3172e+20
9521	2.30384e+20
9531	2.29056e+20
9541	2.27735e+20
9551	2.26421e+20
9561	2.25114e+20
9571	2.23814e+20
9581	2.22521e+20
9591	2.21235e+20
9601	2.19956e+20
9611	2.18684e+20
9621	2.17419e+20
9631	2.1616e+20
9641	2.14908e+20
9651	2.13663e+20
9661	2.12425e+20
9671	2.11193e+20
9681	2.09968e+20
9691	2.0875e+20
9701	2.07538e+20
9711	2.06333e+20
9721	2.05134e+20
9731	2.03942e+20
9741	2.02757e+20
9751	2.01577e+20
9761	2.00404e+20
9771	1.99238e+20
9781	1.98078e+20
9791	1.96924e+20
9801	1.95776e+20
9811	1.94635e+20
9821	1.935e+20
9831	1.92371e+20
9841	1.91248e+20
9851	1.90131e+20
9861	1.89021e+20
9871	1.87916e+20
9881	1.86818e+20
9891	1.85726e+20
9901	1.84639e+20
9911	1.83559e+20
9921	1.82484e+20
9931	1.81415e+20
9941	1.80353e+20
9951	1.79296e+20
9961	1.78245e+20
9971	1.77199e+20
9981	1.76159e+20
9991	1.75126e+20
10001	1.74097e+20
10011	1.73075e+20
10021	1.72058e+20
10031	1.71047e+20
10041	1.70041e+20
10051	1.69041e+20
10061	1.68046e+20
10071	1.67057e+20
10081	1.66073e+20
10091	1.65095e+20
10101	1.64122e+20
10111	1.63155e+20
10121	1.62193e+20
10131	1.61236e+20
10141	1.60284e+20
10151	1.59338e+20
10161	1.58397e+20
10171	1.57462e+20
10181	1.56531e+20
10191	1.55606e+20
10201	1.54686e+20
10211	1.53771e+20
10221	1.52861e+20
10231	1.51956e+20
10241	1.51056e+20
10251	1.50162e+20
10261	1.49272e+20
10271	1.48387e+20
10281	1.47507e+20
10291	1.46632e+20
10301	1.45762e+20
10311	1.44897e+20
10321	1.44037e+20
10331	1.43181e+20
10341	1.42331e+20
10351	1.41485e+20
10361	1.40644e+20
10371	1.39807e+20
10381	1.38976e+20
10391	1.38148e+20
10401	1.37326e+20
10411	1.36508e+20
10421	1.35695e+20
10431	1.34886e+20
10441	1.34082e+20
10451	1.33283e+20
10461	1.32488e+20
10471	1.31697e+20
10481	1.30911e+20
10491	1.3013e+20
10501	1.29353e+20
10511	1.2858e+20
10521	1.27811e+20
10531	1.27047e+20
10541	1.26288e+20
10551	1.25532e+20
10561	1.24781e+20
10571	1.24034e+20
10581	1.23291e+20
10591	1.22553e+20
10601	1.21819e+20
10611	1.21089e+20
10621	1.20363e+20
10631	1.19641e+20
10641	1.18923e+20
10651	1.1821e+20
10661	1.175e+20
10671	1.16795e+20
10681	1.16093e+20
10691	1.15396e+20
10701	1.14702e+20
10711	1.14013e+20
10721	1.13327e+20
10731	1.12645e+20
10741	1.11967e+20
10751	1.11294e+20
10761	1.10623e+20
10771	1.09957e+20
10781	1.09295e+20
10791	1.08636e+20
10801	1.07981e+20
10811	1.0733e+20
10821	1.06683e+20
10831	1.06039e+20
10841	1.05399e+20
10851	1.04763e+20
10861	1.0413e+20
10871	1.03501e+20
10881	1.02876e+20
10891	1.02254e+20
10901	1.01636e+20
10911	1.01022e+20
10921	1.0041e+20
10931	9.98029e+19
10941	9.91988e+19
10951	9.85983e+19
10961	9.80012e+19
10971	9.74075e+19
10981	9.68173e+19
10991	9.62304e+19
11001	9.5647e+19
11011	9.50669e+19
11021	9.44902e+19
11031	9.39169e+19
11041	9.33468e+19
11051	9.27801e+19
11061	9.22166e+19
11071	9.16564e+19
11081	9.10995e+19
11091	9.05458e+19
11101	8.99953e+19
11111	8.9448e+19
11121	8.89038e+19
11131	8.83629e+19
11141	8.7825e+19
11151	8.72904e+19
11161	8.67588e+19
11171	8.62303e+19
11181	8.57049e+19
11191	8.51825e+19
11201	8.46632e+19
11211	8.41469e+19
11221	8.36337e+19
11231	8.31234e+19
11241	8.26161e+19
11251	8.21117e+19
11261	8.16104e+19
11271	8.11119e+19
11281	8.06163e+19
11291	8.01237e+19
11301	7.96339e+19
11311	7.9147e+19
11321	7.8663e+19
11331	7.81817e+19
11341	7.77033e+19
11351	7.72278e+19
11361	7.67549e+19
11371	7.62849e+19
11381	7.58176e+19
11391	7.53531e+19
11401	7.48913e+19
11411	7.44322e+19
11421	7.39758e+19
11431	7.35221e+19
11441	7.3071e+19
11451	7.26226e+19
11461	7.21769e+19
11471	7.17337e+19
11481	7.12932e+19
11491	7.08553e+19
11501	7.04199e+19
11511	6.99872e+19
11521	6.95569e+19
11531	6.91292e+19
11541	6.87041e+19
11551	6.82814e+19
11561	6.78613e+19
11571	6.74436e+19
11581	6.70284e+19
11591	6.66156e+19
11601	6.62053e+19
11611	6.57974e+19
11621	6.53919e+19
11631	6.49889e+19
11641	6.45882e+19
11651	6.41898e+19
11661	6.37939e+19
11671	6.34003e+19
11681	6.3009e+19
11691	6.26201e+19
11701	6.22334e+19
11711	6.18491e+19
11721	6.1467e+19
11731	6.10872e+19
11741	6.07097e+19
11751	6.03344e+19
11761	5.99613e+19
11771	5.95905e+19
11781	5.92218e+19
11791	5.88554e+19
11801	5.84911e+19
11811	5.8129e+19
11821	5.77691e+19
11831	5.74113e+19
11841	5.70556e+19
11851	5.67021e+19
11861	5.63507e+19
11871	5.60014e+19
11881	5.56541e+19
11891	5.53089e+19
11901	5.49658e+19
11911	5.46248e+19
11921	5.42858e+19
11931	5.39488e+19
11941	5.36138e+19
11951	5.32808e+19
11961	5.29498e+19
11971	5.26208e+19
11981	5.22938e+19
11991	5.19687e+19
12001	5.16456e+19
12011	5.13244e+19
12021	5.10052e+19
12031	5.06878e+19
12041	5.03724e+19
12051	5.00589e+19
12061	4.97472e+19
12071	4.94374e+19
12081	4.91295e+19
12091	4.88234e+19
12101	4.85192e+19
12111	4.82167e+19
12121	4.79161e+19
12131	4.76174e+19
12141	4.73204e+19
12151	4.70252e+19
12161	4.67318e+19
12171	4.64401e+19
12181	4.61502e+19
12191	4.58621e+19
12201	4.55757e+19
12211	4.5291e+19
12221	4.5008e+19
12231	4.47268e+19
12241	4.44472e+19
12251	4.41694e+19
12261	4.38932e+19
12271	4.36186e+19
12281	4.33458e+19
12291	4.30746e+19
12301	4.2805e+19
12311	4.2537e+19
12321	4.22707e+19
12331	4.2006e+19
12341	4.17429e+19
12351	4.14814e+19
12361	4.12215e+19
12371	4.09631e+19
12381	4.07063e+19
12391	4.04511e+19
12401	4.01974e+19
12411	3.99453e+19
12421	3.96947e+19
12431	3.94456e+19
12441	3.9198e+19
12451	3.89519e+19
12461	3.87073e+19
12471	3.84642e+19
12481	3.82226e+19
12491	3.79825e+19
12501	3.77438e+19
12511	3.75066e+19
12521	3.72708e+19
12531	3.70364e+19
12541	3.68035e+19
12551	3.6572e+19
12561	3.63419e+19
12571	3.61132e+19
12581	3.58859e+19
12591	3.566e+19
12601	3.54354e+19
12611	3.52122e+19
12621	3.49904e+19
12631	3.477e+19
12641	3.45509e+19
12651	3.43331e+19
12661	3.41167e+19
12671	3.39015e+19
12681	3.36877e+19
12691	3.34752e+19
12701	3.3264e+19
12711	3.30541e+19
12721	3.28455e+19
12731	3.26382e+19
12741	3.24321e+19
12751	3.22273e+19
12761	3.20237e+19
12771	3.18214e+19
12781	3.16204e+19
12791	3.14205e+19
12801	3.12219e+19
12811	3.10245e+19
12821	3.08283e+19
12831	3.06333e+19
12841	3.04396e+19
12851	3.0247e+19
12861	3.00556e+19
12871	2.98653e+19
12881	2.96763e+19
12891	2.94884e+19
12901	2.93016e+19
12911	2.9116e+19
12921	2.89315e+19
12931	2.87482e+19
12941	2.8566e+19
12951	2.83849e+19
12961	2.8205e+19
12971	2.80261e+19
12981	2.78484e+19
12991	2.76717e+19
13001	2.74962e+19
13011	2.73217e+19
13021	2.71483e+19
13031	2.69759e+19
13041	2.68046e+19
13051	2.66344e+19
13061	2.64653e+19
13071	2.62971e+19
13081	2.613e+19
13091	2.5964e+19
13101	2.5799e+19
13111	2.56349e+19
13121	2.54719e+19
13131	2.531e+19
13141	2.5149e+19
13151	2.4989e+19
13161	2.483e+19
13171	2.4672e+19
13181	2.45149e+19
13191	2.43588e+19
13201	2.42037e+19
13211	2.40496e+19
13221	2.38964e+19
13231	2.37442e+19
13241	2.35929e+19
13251	2.34425e+19
13261	2.32931e+19
13271	2.31446e+19
13281	2.2997e+19
13291	2.28504e+19
13301	2.27046e+19
13311	2.25598e+19
13321	2.24158e+19
13331	2.22728e+19
13341	2.21306e+19
13351	2.19894e+19
13361	2.1849e+19
13371	2.17094e+19
13381	2.15708e+19
13391	2.1433e+19
13401	2.1296e+19
13411	2.11599e+19
13421	2.10247e+19
13431	2.08903e+19
13441	2.07567e+19
13451	2.0624e+19
13461	2.04921e+19
13471	2.0361e+19
13481	2.02307e+19
13491	2.01013e+19
13501	1.99726e+19
13511	1.98448e+19
13521	1.97178e+19
13531	1.95915e+19
13541	1.9466e+19
13551	1.93414e+19
13561	1.92174e+19
13571	1.90943e+19
13581	1.8972e+19
13591	1.88504e+19
13601	1.87295e+19
13611	1.86094e+19
13621	1.84901e+19
13631	1.83715e+19
13641	1.82537e+19
13651	1.81366e+19
13661	1.80202e+19
13671	1.79045e+19
13681	1.77896e+19
13691	1.76754e+19
13701	1.75619e+19
13711	1.74492e+19
13721	1.73371e+19
13731	1.72257e+19
13741	1.7115e+19
13751	1.70051e+19
13761	1.68958e+19
13771	1.67872e+19
13781	1.66793e+19
13791	1.6572e+19
13801	1.64654e+19
13811	1.63595e+19
13821	1.62543e+19
13831	1.61497e+19
13841	1.60458e+19
13851	1.59425e+19
13861	1.58399e+19
13871	1.57379e+19
13881	1.56366e+19
13891	1.55359e+19
13901	1.54358e+19
13911	1.53364e+19
13921	1.52376e+19
13931	1.51394e+19
13941	1.50419e+19
13951	1.49449e+19
13961	1.48486e+19
13971	1.47528e+19
13981	1.46577e+19
13991	1.45631e+19
14001	1.44692e+19
14011	1.43759e+19
14021	1.42831e+19
14031	1.41909e+19
14041	1.40993e+19
14051	1.40083e+19
14061	1.39179e+19
14071	1.3828e+19
14081	1.37387e+19
14091	1.365e+19
14101	1.35618e+19
14111	1.34742e+19
14121	1.33871e+19
14131	1.33006e+19
14141	1.32146e+19
14151	1.31292e+19
14161	1.30443e+19
14171	1.29599e+19
14181	1.28761e+19
14191	1.27928e+19
14201	1.271e+19
14211	1.26278e+19
14221	1.25461e+19
14231	1.24649e+19
14241	1.23842e+19
14251	1.2304e+19
14261	1.22243e+19
14271	1.21452e+19
14281	1.20665e+19
14291	1.19883e+19
14301	1.19107e+19
14311	1.18335e+19
14321	1.17568e+19
14331	1.16806e+19
14341	1.16049e+19
14351	1.15296e+19
14361	1.14549e+19
14371	1.13806e+19
14381	1.13068e+19
14391	1.12334e+19
14401	1.11605e+19
14411	1.10881e+19
14421	1.10162e+19
14431	1.09447e+19
14441	1.08736e+19
14451	1.0803e+19
14461	1.07329e+19
14471	1.06632e+19
14481	1.05939e+19
14491	1.05251e+19
14501	1.04567e+19
14511	1.03888e+19
14521	1.03212e+19
14531	1.02542e+19
14541	1.01875e+19
14551	1.01213e+19
14561	1.00555e+19
14571	9.99006e+18
14581	9.92508e+18
14591	9.86052e+18
14601	9.79637e+18
14611	9.73263e+18
14621	9.66929e+18
14631	9.60636e+18
14641	9.54383e+18
14651	9.48169e+18
14661	9.41996e+18
14671	9.35862e+18
14681	9.29767e+18
14691	9.2371e+18
14701	9.17693e+18
14711	9.11714e+18
14721	9.05773e+18
14731	8.9987e+18
14741	8.94004e+18
14751	8.88176e+18
14761	8.82386e+18
14771	8.76632e+18
14781	8.70915e+18
14791	8.65235e+18
14801	8.59591e+18
14811	8.53983e+18
14821	8.48411e+18
14831	8.42875e+18
14841	8.37374e+18
14851	8.31908e+18
14861	8.26477e+18
14871	8.21081e+18
14881	8.15719e+18
14891	8.10392e+18
14901	8.05099e+18
14911	7.9984e+18
14921	7.94614e+18
14931	7.89422e+18
14941	7.84264e+18
14951	7.79138e+18
14961	7.74045e+18
14971	7.68985e+18
14981	7.63957e+18
14991	7.58962e+18
15001	7.53998e+18
15011	7.49066e+18
15021	7.44166e+18
15031	7.39298e+18
15041	7.34461e+18
15051	7.29654e+18
15061	7.24879e+18
15071	7.20134e+18
15081	7.1542e+18
15091	7.10736e+18
15101	7.06082e+18
15111	7.01458e+18
15121	6.96864e+18
15131	6.92299e+18
15141	6.87764e+18
15151	6.83258e+18
15161	6.7878e+18
15171	6.74332e+18
15181	6.69912e+18
15191	6.65521e+18
15201	6.61157e+18
15211	6.56822e+18
15221	6.52515e+18
15231	6.48236e+18
15241	6.43984e+18
15251	6.39759e+18
15261	6.35562e+18
15271	6.31392e+18
15281	6.27248e+18
15291	6.23132e+18
15301	6.19041e+18
15311	6.14978e+18
15321	6.1094e+18
15331	6.06928e+18
15341	6.02943e+18
15351	5.98983e+18
15361	5.95048e+18
15371	5.91139e+18
15381	5.87255e+18
15391	5.83396e+18
15401	5.79563e+18
15411	5.75753e+18
15421	5.71969e+18
15431	5.68209e+18
15441	5.64473e+18
15451	5.60761e+18
15461	5.57073e+18
15471	5.53409e+18
15481	5.49769e+18
15491	5.46153e+18
15501	5.42559e+18
15511	5.38989e+18
15521	5.35442e+18
15531	5.31918e+18
15541	5.28417e+18
15551	5.24938e+18
15561	5.21482e+18
15571	5.18048e+18
15581	5.14637e+18
15591	5.11247e+18
15601	5.0788e+18
15611	5.04534e+18
15621	5.0121e+18
15631	4.97907e+18
15641	4.94626e+18
15651	4.91366e+18
15661	4.88127e+18
15671	4.8491e+18
15681	4.81713e+18
15691	4.78536e+18
15701	4.75381e+18
15711	4.72246e+18
15721	4.69131e+18
15731	4.66036e+18
15741	4.62962e+18
15751	4.59907e+18
15761	4.56872e+18
15771	4.53857e+18
15781	4.50861e+18
15791	4.47885e+18
15801	4.44929e+18
15811	4.41991e+18
15821	4.39072e+18
15831	4.36173e+18
15841	4.33292e+18
15851	4.3043e+18
15861	4.27587e+18
15871	4.24762e+18
15881	4.21955e+18
15891	4.19167e+18
15901	4.16397e+18
15911	4.13644e+18
15921	4.1091e+18
15931	4.08194e+18
15941	4.05495e+18
15951	4.02813e+18
15961	4.0015e+18
15971	3.97503e+18
15981	3.94874e+18
15991	3.92261e+18
16001	3.89666e+18
16011	3.87088e+18
16021	3.84526e+18
16031	3.81982e+18
16041	3.79453e+18
16051	3.76942e+18
16061	3.74446e+18
16071	3.71967e+18
16081	3.69504e+18
16091	3.67057e+18
16101	3.64626e+18
16111	3.62211e+18
16121	3.59811e+18
16131	3.57428e+18
16141	3.55059e+18
16151	3.52707e+18
16161	3.50369e+18
16171	3.48047e+18
16181	3.4574e+18
16191	3.43448e+18
16201	3.41171e+18
16211	3.38909e+18
16221	3.36662e+18
16231	3.34429e+18
16241	3.32211e+18
16251	3.30007e+18
16261	3.27818e+18
16271	3.25643e+18
16281	3.23482e+18
16291	3.21335e+18
16301	3.19203e+18
16311	3.17084e+18
16321	3.14979e+18
16331	3.12888e+18
16341	3.10811e+18
16351	3.08747e+18
16361	3.06697e+18
16371	3.0466e+18
16381	3.02636e+18
16391	3.00626e+18
16401	2.98629e+18
16411	2.96645e+18
16421	2.94674e+18
16431	2.92716e+18
16441	2.9077e+18
16451	2.88837e+18
16461	2.86917e+18
16471	2.8501e+18
16481	2.83115e+18
16491	2.81233e+18
16501	2.79362e+18
16511	2.77504e+18
16521	2.75659e+18
16531	2.73825e+18
16541	2.72003e+18
16551	2.70194e+18
16561	2.68396e+18
16571	2.6661e+18
16581	2.64836e+18
16591	2.63073e+18
16601	2.61322e+18
16611	2.59582e+18
16621	2.57854e+18
16631	2.56137e+18
16641	2.54431e+18
16651	2.52737e+18
16661	2.51054e+18
16671	2.49381e+18
16681	2.4772e+18
16691	2.4607e+18
16701	2.4443e+18
16711	2.42801e+18
16721	2.41183e+18
16731	2.39576e+18
16741	2.37979e+18
16751	2.36393e+18
16761	2.34817e+18
16771	2.33251e+18
16781	2.31696e+18
16791	2.30151e+18
16801	2.28616e+18
16811	2.27091e+18
16821	2.25576e+18
16831	2.24071e+18
16841	2.22576e+18
16851	2.21091e+18
16861	2.19616e+18
16871	2.1815e+18
16881	2.16694e+18
16891	2.15248e+18
16901	2.13811e+18
16911	2.12384e+18
16921	2.10966e+18
16931	2.09557e+18
16941	2.08158e+18
16951	2.06767e+18
16961	2.05386e+18
16971	2.04014e+18
16981	2.02652e+18
16991	2.01298e+18
17001	1.99953e+18
17011	1.98616e+18
17021	1.97289e+18
17031	1.95971e+18
17041	1.94661e+18
17051	1.9336e+18
17061	1.92067e+18
17071	1.90783e+18
17081	1.89507e+18
17091	1.8824e+18
17101	1.86981e+18
17111	1.8573e+18
17121	1.84488e+18
17131	1.83254e+18
17141	1.82028e+18
17151	1.8081e+18
17161	1.796e+18
17171	1.78398e+18
17181	1.77204e+18
17191	1.76018e+18
17201	1.7484e+18
17211	1.7367e+18
17221	1.72507e+18
17231	1.71352e+18
17241	1.70205e+18
17251	1.69065e+18
17261	1.67933e+18
17271	1.66808e+18
17281	1.65691e+18
17291	1.64581e+18
17301	1.63478e+18
17311	1.62383e+18
17321	1.61295e+18
17331	1.60214e+18
17341	1.5914e+18
17351	1.58073e+18
17361	1.57014e+18
17371	1.55961e+18
17381	1.54916e+18
17391	1.53877e+18
17401	1.52845e+18
17411	1.5182e+18
17421	1.50802e+18
17431	1.49791e+18
17441	1.48786e+18
17451	1.47788e+18
17461	1.46796e+18
17471	1.45812e+18
17481	1.44833e+18
17491	1.43861e+18
17501	1.42896e+18
17511	1.41937e+18
17521	1.40984e+18
17531	1.40038e+18
17541	1.39097e+18
17551	1.38164e+18
17561	1.37236e+18
17571	1.36314e+18
17581	1.35399e+18
17591	1.3449e+18
17601	1.33586e+18
17611	1.32689e+18
17621	1.31798e+18
17631	1.30912e+18
17641	1.30032e+18
17651	1.29159e+18
17661	1.28291e+18
17671	1.27429e+18
17681	1.26572e+18
17691	1.25721e+18
17701	1.24876e+18
17711	1.24037e+18
17721	1.23203e+18
17731	1.22374e+18
17741	1.21551e+18
17751	1.20734e+18
17761	1.19922e+18
17771	1.19115e+18
17781	1.18314e+18
17791	1.17518e+18
17801	1.16728e+18
17811	1.15942e+18
17821	1.15162e+18
17831	1.14387e+18
17841	1.13617e+18
17851	1.12853e+18
17861	1.12093e+18
17871	1.11338e+18
17881	1.10589e+18
17891	1.09844e+18
17901	1.09105e+18
17911	1.0837e+18
17921	1.0764e+18
17931	1.06915e+18
17941	1.06195e+18
17951	1.0548e+18
17961	1.04769e+18
17971	1.04063e+18
17981	1.03362e+18
17991	1.02666e+18
18001	1.01974e+18
18011	1.01287e+18
18021	1.00604e+18
18031	9.99261e+17
18041	9.92525e+17
18051	9.85834e+17
18061	9.79188e+17
18071	9.72586e+17
18081	9.66028e+17
18091	9.59514e+17
18101	9.53043e+17
18111	9.46615e+17
18121	9.4023e+17
18131	9.33888e+17
18141	9.27588e+17
18151	9.2133e+17
18161	9.15114e+17
18171	9.08939e+17
18181	9.02806e+17
18191	8.96713e+17
18201	8.90661e+17
18211	8.84649e+17
18221	8.78678e+17
18231	8.72746e+17
18241	8.66854e+17
18251	8.61001e+17
18261	8.55188e+17
18271	8.49413e+17
18281	8.43677e+17
18291	8.37979e+17
18301	8.32319e+17
18311	8.26697e+17
18321	8.21112e+17
18331	8.15565e+17
18341	8.10055e+17
18351	8.04582e+17
18361	7.99145e+17
18371	7.93744e+17
18381	7.8838e+17
18391	7.83051e+17
18401	7.77759e+17
18411	7.72501e+17
18421	7.67279e+17
18431	7.62091e+17
18441	7.56938e+17
18451	7.5182e+17
18461	7.46736e+17
18471	7.41686e+17
18481	7.3667e+17
18491	7.31687e+17
18501	7.26738e+17
18511	7.21821e+17
18521	7.16938e+17
18531	7.12087e+17
18541	7.07269e+17
18551	7.02483e+17
18561	6.97729e+17
18571	6.93007e+17
18581	6.88317e+17
18591	6.83658e+17
18601	6.7903e+17
18611	6.74433e+17
18621	6.69867e+17
18631	6.65331e+17
18641	6.60826e+17
18651	6.56351e+17
18661	6.51906e+17
18671	6.47491e+17
18681	6.43106e+17
18691	6.38749e+17
18701	6.34422e+17
18711	6.30124e+17
18721	6.25855e+17
18731	6.21615e+17
18741	6.17402e+17
18751	6.13219e+17
18761	6.09063e+17
18771	6.04935e+17
18781	6.00835e+17
18791	5.96762e+17
18801	5.92716e+17
18811	5.88698e+17
18821	5.84707e+17
18831	5.80742e+17
18841	5.76804e+17
18851	5.72893e+17
18861	5.69007e+17
18871	5.65148e+17
18881	5.61315e+17
18891	5.57507e+17
18901	5.53725e+17
18911	5.49969e+17
18921	5.46237e+17
18931	5.42531e+17
18941	5.38849e+17
18951	5.35193e+17
18961	5.31561e+17
18971	5.27953e+17
18981	5.24369e+17
18991	5.2081e+17
19001	5.17274e+17
19011	5.13763e+17
19021	5.10275e+17
19031	5.0681e+17
19041	5.03368e+17
19051	4.9995e+17
19061	4.96555e+17
19071	4.93182e+17
19081	4.89833e+17
19091	4.86505e+17
19101	4.832e+17
19111	4.79918e+17
19121	4.76657e+17
19131	4.73419e+17
19141	4.70202e+17
19151	4.67006e+17
19161	4.63833e+17
19171	4.6068e+17
19181	4.57549e+17
19191	4.54439e+17
19201	4.5135e+17
19211	4.48282e+17
19221	4.45234e+17
19231	4.42207e+17
19241	4.392e+17
19251	4.36213e+17
19261	4.33247e+17
19271	4.303e+17
19281	4.27374e+17
19291	4.24467e+17
19301	4.2158e+17
19311	4.18712e+17
19321	4.15863e+17
19331	4.13034e+17
19341	4.10223e+17
19351	4.07432e+17
19361	4.0466e+17
19371	4.01906e+17
19381	3.9917e+17
19391	3.96454e+17
19401	3.93755e+17
19411	3.91075e+17
19421	3.88412e+17
19431	3.85768e+17
19441	3.83141e+17
19451	3.80533e+17
19461	3.77941e+17
19471	3.75368e+17
19481	3.72811e+17
19491	3.70272e+17
19501	3.6775e+17
19511	3.65245e+17
19521	3.62757e+17
19531	3.60286e+17
19541	3.57831e+17
19551	3.55393e+17
19561	3.52972e+17
19571	3.50567e+17
19581	3.48178e+17
19591	3.45805e+17
19601	3.43448e+17
19611	3.41107e+17
19621	3.38782e+17
19631	3.36472e+17
19641	3.34179e+17
19651	3.319e+17
19661	3.29637e+17
19671	3.2739e+17
19681	3.25157e+17
19691	3.2294e+17
19701	3.20737e+17
19711	3.1855e+17
19721	3.16377e+17
19731	3.14219e+17
19741	3.12076e+17
19751	3.09947e+17
19761	3.07832e+17
19771	3.05732e+17
19781	3.03646e+17
19791	3.01574e+17
19801	2.99516e+17
19811	2.97472e+17
19821	2.95441e+17
19831	2.93425e+17
19841	2.91422e+17
19851	2.89433e+17
19861	2.87457e+17
19871	2.85494e+17
19881	2.83545e+17
19891	2.81609e+17
19901	2.79686e+17
19911	2.77776e+17
19921	2.75879e+17
19931	2.73995e+17
19941	2.72124e+17
19951	2.70265e+17
19961	2.68419e+17
19971	2.66585e+17
19981	2.64764e+17
19991	2.62955e+17
