1	1.36892e+10
1.1	1.36892e+10
1.21	1.36892e+10
1.331	1.36892e+10
1.4641	1.36892e+10
1.61051	1.36892e+10
1.77156	1.36892e+10
1.94872	1.36892e+10
2.14359	1.36892e+10
2.35795	1.36892e+10
2.59374	1.36892e+10
2.85312	1.36892e+10
3.13843	1.36892e+10
3.45227	1.36892e+10
3.7975	1.36892e+10
4.17725	1.36892e+10
4.59497	1.36892e+10
5.05447	1.36892e+10
5.55992	1.36892e+10
6.11591	1.36892e+10
6.7275	1.36892e+10
7.40025	1.36892e+10
8.14027	1.36892e+10
8.9543	1.36892e+10
9.84973	1.36892e+10
10.8347	1.36892e+10
11.9182	1.36892e+10
13.11	1.36892e+10
14.421	1.36892e+10
15.8631	1.36892e+10
17.4494	1.36892e+10
19.1943	1.36892e+10
21.1138	1.36892e+10
23.2252	1.36892e+10
25.5477	1.36892e+10
28.1024	1.36892e+10
30.9127	1.36892e+10
34.0039	1.36892e+10
37.4043	1.36892e+10
41.1448	1.36892e+10
45.2593	1.36892e+10
49.7852	1.36892e+10
54.7637	1.36892e+10
60.2401	1.36892e+10
66.2641	1.36892e+10
72.8905	1.36892e+10
80.1795	1.36892e+10
88.1975	1.36892e+10
97.0172	1.36892e+10
106.719	1.36892e+10
117.391	1.36892e+10
129.13	1.36892e+10
142.043	1.36892e+10
156.247	1.36892e+10
171.872	1.36892e+10
189.059	1.36892e+10
207.965	1.36892e+10
228.762	1.36892e+10
251.638	1.36892e+10
276.801	1.36892e+10
304.482	1.36892e+10
334.93	1.36892e+10
368.423	1.36892e+10
405.265	1.36892e+10
445.792	1.36892e+10
490.371	1.36892e+10
539.408	1.36892e+10
593.349	1.36892e+10
652.683	1.36892e+10
717.952	1.36892e+10
789.747	1.36892e+10
868.722	1.36892e+10
955.594	1.36892e+10
1051.15	1.36892e+10
1156.27	1.36892e+10
1271.9	1.36892e+10
1399.08	1.36892e+10
1538.99	1.36892e+10
1692.89	1.36892e+10
1862.18	1.36892e+10
2048.4	1.36892e+10
2253.24	1.36892e+10
2478.56	1.36892e+10
2726.42	1.36892e+10
2999.06	1.36892e+10
3298.97	1.36892e+10
3628.87	1.36892e+10
3991.75	1.36892e+10
4390.93	1.36892e+10
4830.02	1.36892e+10
5313.02	1.36892e+10
5844.32	1.36892e+10
6428.76	1.36892e+10
7071.63	1.36892e+10
7778.8	1.36892e+10
8556.68	1.36892e+10
9412.34	1.36892e+10
10353.6	1.36892e+10
11388.9	1.36892e+10
12527.8	1.36892e+10
13780.6	1.36892e+10
15158.7	1.36892e+10
16674.5	1.36892e+10
18342	1.36892e+10
20176.2	1.36892e+10
22193.8	1.36891e+10
24413.2	1.36891e+10
26854.5	1.36891e+10
29540	1.36891e+10
32494	1.36891e+10
35743.4	1.36891e+10
39317.7	1.36891e+10
43249.5	1.36891e+10
47574.4	1.36891e+10
52331.9	1.36891e+10
57565	1.36891e+10
63321.5	1.36891e+10
69653.7	1.36891e+10
76619.1	1.3689e+10
84281	1.3689e+10
92709.1	1.3689e+10
101980	1.3689e+10
112178	1.3689e+10
123396	1.3689e+10
135735	1.36889e+10
149309	1.36889e+10
164240	1.36889e+10
180664	1.36888e+10
198730	1.36888e+10
218603	1.36888e+10
240463	1.36887e+10
264510	1.36887e+10
290961	1.36886e+10
320057	1.36885e+10
352063	1.36885e+10
387269	1.36884e+10
425996	1.36883e+10
468595	1.36882e+10
515455	1.36881e+10
567000	1.3688e+10
623700	1.36879e+10
686070	1.36877e+10
754677	1.36876e+10
830145	1.36874e+10
913160	1.36872e+10
1.00448e+06	1.3687e+10
1.10492e+06	1.36867e+10
1.21542e+06	1.36864e+10
1.33696e+06	1.36861e+10
1.47065e+06	1.36858e+10
1.61772e+06	1.36854e+10
1.77949e+06	1.3685e+10
1.95744e+06	1.36846e+10
2.15318e+06	1.36841e+10
2.3685e+06	1.36835e+10
2.60535e+06	1.36829e+10
2.86589e+06	1.36822e+10
3.15247e+06	1.36814e+10
3.46772e+06	1.36806e+10
3.81449e+06	1.36796e+10
4.19594e+06	1.36786e+10
4.61554e+06	1.36774e+10
5.07709e+06	1.36761e+10
5.5848e+06	1.36747e+10
6.14328e+06	1.36731e+10
6.75761e+06	1.36714e+10
7.43337e+06	1.36694e+10
8.17671e+06	1.36672e+10
8.99438e+06	1.36648e+10
9.89382e+06	1.36621e+10
1.08832e+07	1.36591e+10
1.19715e+07	1.36558e+10
1.31687e+07	1.36522e+10
1.44855e+07	1.36481e+10
1.59341e+07	1.36436e+10
1.75275e+07	1.36386e+10
1.92802e+07	1.3633e+10
2.12083e+07	1.36268e+10
2.33291e+07	1.36199e+10
2.5662e+07	1.36123e+10
2.82282e+07	1.36038e+10
3.1051e+07	1.35944e+10
3.41561e+07	1.35839e+10
3.75717e+07	1.35722e+10
4.13289e+07	1.35592e+10
4.54618e+07	1.35447e+10
5.0008e+07	1.35286e+10
5.50088e+07	1.35107e+10
6.05097e+07	1.34906e+10
6.65606e+07	1.34683e+10
7.32167e+07	1.34433e+10
8.05384e+07	1.34154e+10
8.85922e+07	1.33843e+10
9.74514e+07	1.33494e+10
1.07197e+08	1.33104e+10
1.17916e+08	1.32666e+10
1.29708e+08	1.32176e+10
1.42679e+08	1.31626e+10
1.56947e+08	1.31009e+10
1.72641e+08	1.30317e+10
1.89905e+08	1.29539e+10
2.08896e+08	1.28666e+10
2.29785e+08	1.27686e+10
2.52764e+08	1.26586e+10
2.7804e+08	1.25352e+10
3.05844e+08	1.2397e+10
3.36429e+08	1.22424e+10
3.70072e+08	1.20698e+10
4.07079e+08	1.18775e+10
4.47787e+08	1.16637e+10
4.92565e+08	1.14271e+10
5.41822e+08	1.11658e+10
5.96004e+08	1.08788e+10
6.55605e+08	1.05645e+10
7.21165e+08	1.02233e+10
7.93281e+08	9.85324e+09
8.7261e+08	9.45667e+09
9.59871e+08	9.03267e+09
1.05586e+09	8.58433e+09
1.16144e+09	8.11315e+09
1.27759e+09	7.62248e+09
1.40535e+09	7.11638e+09
1.54588e+09	6.59959e+09
1.70047e+09	6.07694e+09
1.87052e+09	5.5542e+09
2.05757e+09	5.03704e+09
2.26332e+09	4.53112e+09
2.48966e+09	4.04219e+09
2.73862e+09	3.57508e+09
3.01249e+09	3.13426e+09
3.31373e+09	2.72317e+09
3.64511e+09	2.34478e+09
4.00962e+09	2.00033e+09
4.41058e+09	1.69086e+09
4.85164e+09	1.41601e+09
5.3368e+09	1.17492e+09
5.87048e+09	9.6582e+08
6.45753e+09	7.86617e+08
7.10328e+09	6.34959e+08
7.81361e+09	5.08143e+08
8.59497e+09	4.03295e+08
9.45447e+09	3.17537e+08
