0.735599	0
0.761075	0
0.786415	0
0.811677	0
0.836868	0
0.861995	0
0.886817	0
0.912154	0
0.936806	0
0.961955	0
0.986829	0
1.01145	9.35437e-45
1.03618	2.78316e-44
1.06068	4.53947e-44
1.08529	6.22975e-44
1.10968	7.89248e-44
1.13419	9.66582e-44
1.15849	1.18856e-43
1.18259	1.39443e-43
1.20652	1.63869e-43
1.23056	1.91064e-43
1.25444	2.17264e-43
1.27787	2.51715e-43
1.30143	2.82949e-43
1.32512	3.16964e-43
1.34839	3.66502e-43
1.3718	4.0067e-43
1.39481	4.59416e-43
1.41796	4.98396e-43
1.44074	5.59163e-43
1.46365	6.20703e-43
1.48646	6.75113e-43
1.50893	7.61315e-43
1.53153	8.26401e-43
1.55404	8.91854e-43
1.57623	9.98265e-43
1.59856	1.07716e-42
1.62081	1.15512e-42
1.64298	1.27312e-42
1.66485	1.39357e-42
1.68687	1.47115e-42
1.7086	1.62809e-42
1.73048	1.71438e-42
1.75209	1.89112e-42
1.77384	2.01472e-42
1.79533	2.15285e-42
1.81676	2.30832e-42
1.83833	2.48575e-42
1.85966	2.68418e-42
1.88094	2.86889e-42
1.90216	3.0619e-42
1.92335	3.26546e-42
1.94448	3.42806e-42
1.96558	3.64854e-42
1.98663	3.87825e-42
2.00746	4.21474e-42
2.02826	4.46953e-42
2.04919	4.69874e-42
2.06992	4.94779e-42
2.09079	5.19326e-42
2.11145	5.61667e-42
2.13208	5.84957e-42
2.15268	6.17607e-42
2.17325	6.61078e-42
2.19363	7.02485e-42
2.21415	7.23576e-42
2.23464	7.61935e-42
2.25494	8.08199e-42
2.27522	8.49548e-42
2.29564	8.85768e-42
2.31588	9.37441e-42
2.3361	9.84007e-42
2.3563	1.03198e-41
2.37632	1.10565e-41
2.39634	1.15825e-41
2.41648	1.20364e-41
2.43646	1.25108e-41
2.45642	1.30834e-41
2.47637	1.38778e-41
2.4963	1.42919e-41
2.51622	1.51468e-41
2.53612	1.58159e-41
2.55587	1.63842e-41
2.57575	1.69647e-41
2.59548	1.7814e-41
2.6152	1.88336e-41
2.6349	1.93378e-41
2.6546	2.01351e-41
2.67429	2.12573e-41
2.69383	2.19486e-41
2.7139	2.22287e-41
2.73249	2.49068e-41
2.75228	2.4666e-41
2.77193	2.54359e-41
2.79143	2.65998e-41
2.8108	2.81966e-41
2.83004	2.9444e-41
2.85042	2.88522e-41
2.8694	3.16738e-41
2.88825	3.30186e-41
2.90822	3.27669e-41
2.92681	3.64265e-41
2.94652	3.5601e-41
2.9661	3.65836e-41
2.98555	3.81262e-41
3.00367	4.22971e-41
3.02288	4.18535e-41
3.04316	4.04484e-41
3.06212	4.53824e-41
3.08096	4.65031e-41
3.09969	4.83129e-41
3.11947	4.72874e-41
3.13797	5.29557e-41
3.1575	5.17814e-41
3.17692	5.30289e-41
3.19509	5.93066e-41
3.21428	5.79177e-41
3.23335	5.9248e-41
3.25232	6.14634e-41
3.27117	6.37352e-41
3.28992	6.6064e-41
3.30965	6.56581e-41
3.32818	7.10138e-41
3.34661	7.35215e-41
3.36601	7.29854e-41
3.38423	7.88633e-41
3.40342	7.82254e-41
3.42249	7.98354e-41
3.44147	8.38352e-41
3.46034	8.67561e-41
3.4791	8.97289e-41
3.49777	9.27744e-41
3.51634	9.59046e-41
3.53481	9.90917e-41
3.5542	9.56787e-41
3.57247	1.0585e-40
3.59166	1.03622e-40
3.60974	1.11321e-40
3.62873	1.08887e-40
3.64763	1.14096e-40
3.66642	1.16113e-40
3.68512	1.21569e-40
3.70372	1.23644e-40
3.72223	1.29397e-40
3.74065	1.33438e-40
3.75898	1.37559e-40
3.77722	1.39717e-40
3.79633	1.36874e-40
3.81439	1.5065e-40
3.83331	1.45356e-40
3.85214	1.49828e-40
3.87088	1.54415e-40
3.88859	1.67312e-40
3.90715	1.66002e-40
3.92563	1.68466e-40
3.94493	1.6768e-40
3.96323	1.78685e-40
3.98144	1.86497e-40
4.00048	1.8282e-40
4.01852	1.97495e-40
4.03738	1.93495e-40
4.05526	2.05902e-40
4.07395	2.01662e-40
4.09256	2.07389e-40
4.11108	2.16358e-40
4.12952	2.2242e-40
4.14787	2.28569e-40
4.16615	2.34861e-40
4.18434	2.37785e-40
4.20246	2.44226e-40
4.22135	2.39543e-40
4.23931	2.57723e-40
4.25804	2.52665e-40
4.27669	2.59535e-40
4.29442	2.83093e-40
4.31291	2.77312e-40
4.33132	2.80593e-40
4.34966	2.92188e-40
4.36792	2.9977e-40
4.3861	3.03156e-40
4.40503	3.01915e-40
4.42306	3.2377e-40
4.44102	3.27179e-40
4.45971	3.2098e-40
4.47752	3.44053e-40
4.49607	3.37389e-40
4.51453	3.50971e-40
4.53293	3.54682e-40
4.55124	3.68813e-40
4.56949	3.77981e-40
4.58766	3.87261e-40
4.60576	3.96737e-40
4.62379	4.06325e-40
4.64253	3.93276e-40
4.66042	4.20263e-40
4.67901	4.12535e-40
4.69753	4.28743e-40
4.71521	4.57962e-40
4.73358	4.49238e-40
4.75189	4.5995e-40
4.77012	4.64087e-40
4.78829	4.74985e-40
4.80639	4.9312e-40
4.82517	4.84588e-40
4.84313	5.09109e-40
4.86102	5.28277e-40
4.87959	5.18871e-40
4.89735	5.52772e-40
4.91578	5.42762e-40
4.93415	5.55249e-40
4.95244	5.6786e-40
4.97067	5.80676e-40
4.98883	5.93744e-40
5.00692	6.06937e-40
5.02495	6.2034e-40
5.04364	6.09897e-40
5.06154	6.38973e-40
5.08008	6.37147e-40
5.09786	6.67318e-40
5.11627	6.65221e-40
5.13462	6.70084e-40
5.15221	7.22042e-40
5.17043	6.98982e-40
5.18929	6.97859e-40
5.20738	7.40274e-40
5.22541	7.45146e-40
5.24338	7.60845e-40
5.26197	7.48312e-40
5.27982	7.93422e-40
5.29828	7.91468e-40
5.31601	8.26925e-40
5.33435	8.12842e-40
5.35263	8.29801e-40
5.37084	8.47013e-40
5.389	8.77107e-40
5.40709	8.95038e-40
5.42513	9.00128e-40
5.44376	8.98734e-40
5.46168	9.50999e-40
5.47953	9.69926e-40
5.49799	9.54166e-40
5.51638	9.73589e-40
5.53471	9.78959e-40
5.55233	1.03522e-39
5.57054	1.03267e-39
5.58869	1.05316e-39
5.60743	1.03726e-39
5.62547	1.09546e-39
5.64345	1.10078e-39
5.66201	1.09952e-39
5.67987	1.14427e-39
5.69831	1.12631e-39
5.71669	1.1483e-39
5.73438	1.21194e-39
5.75264	1.19237e-39
5.77085	1.21524e-39
5.789	1.2385e-39
5.8071	1.26194e-39
5.82575	1.24324e-39
5.84373	1.32943e-39
5.86227	1.29069e-39
5.88014	1.36021e-39
5.89857	1.3589e-39
5.91633	1.43167e-39
5.93464	1.38942e-39
5.9529	1.43575e-39
5.97111	1.46231e-39
5.98925	1.46775e-39
6.00795	1.46787e-39
6.02598	1.54451e-39
6.04397	1.57242e-39
6.06249	1.54949e-39
6.08096	1.55518e-39
6.09878	1.63581e-39
6.11714	1.6349e-39
6.13545	1.64052e-39
6.1537	1.69419e-39
6.1719	1.69965e-39
6.19004	1.75488e-39
6.20871	1.73048e-39
6.22675	1.81785e-39
6.24473	1.82296e-39
6.26324	1.79706e-39
6.2817	1.85537e-39
6.29952	1.92033e-39
6.31787	1.92005e-39
6.33617	1.92576e-39
6.35441	1.98786e-39
6.37317	1.93321e-39
6.39131	2.02658e-39
6.4094	2.09132e-39
6.42799	2.03354e-39
6.44598	2.16399e-39
6.46447	2.13439e-39
6.48291	2.1711e-39
6.5013	2.20788e-39
6.51964	2.24354e-39
6.53792	2.28148e-39
6.55615	2.28659e-39
6.57434	2.35862e-39
6.59247	2.36346e-39
6.6111	2.33249e-39
6.62913	2.44303e-39
6.64766	2.41057e-39
6.66614	2.45075e-39
6.68456	2.491e-39
6.70294	2.5668e-39
6.72126	2.60887e-39
6.73954	2.6514e-39
6.75776	2.65577e-39
6.77647	2.62216e-39
6.7946	2.74294e-39
6.81321	2.70774e-39
6.83176	2.75174e-39
6.84974	2.91959e-39
6.8682	2.88137e-39
6.88661	2.88548e-39
6.90497	2.93136e-39
6.92329	3.02102e-39
6.94207	2.94125e-39
6.96029	3.11771e-39
6.97897	3.03487e-39
6.99709	3.17031e-39
7.01568	3.17595e-39
7.03422	3.22575e-39
7.05271	3.22911e-39
7.07115	3.32689e-39
7.08954	3.37823e-39
7.10789	3.43009e-39
7.12669	3.38912e-39
7.14494	3.53661e-39
7.16365	3.49381e-39
7.18181	3.59303e-39
7.20042	3.54898e-39
7.21898	3.60301e-39
7.2375	3.71076e-39
7.25597	3.71267e-39
7.27439	3.82311e-39
7.29327	3.72466e-39
7.3116	3.93899e-39
7.33037	3.89276e-39
7.3491	3.8951e-39
7.36729	4.12122e-39
7.38593	4.01356e-39
7.40452	4.07289e-39
7.42306	4.1328e-39
7.44204	4.08661e-39
7.46049	4.31759e-39
7.47889	4.31734e-39
7.49773	4.33021e-39
7.51604	4.44377e-39
7.53479	4.39304e-39
7.55349	4.45988e-39
7.57215	4.52427e-39
7.59076	4.58926e-39
7.60932	4.72254e-39
7.62831	4.60394e-39
7.64678	4.78933e-39
7.66521	4.85735e-39
7.68407	4.80645e-39
7.70287	4.87492e-39
7.72164	5.01592e-39
7.74035	5.01375e-39
7.75902	5.15867e-39
7.77765	5.23417e-39
7.79623	5.30689e-39
7.81524	5.17478e-39
7.83373	5.45589e-39
7.85264	5.39735e-39
7.8715	5.39754e-39
7.88987	5.60804e-39
7.90864	5.54608e-39
7.92783	5.48929e-39
7.94652	5.78407e-39
7.96516	5.86638e-39
7.98421	5.80514e-39
8.00277	6.02729e-39
8.02173	5.87878e-39
8.04065	6.04923e-39
8.05907	6.18948e-39
8.0779	6.12288e-39
8.09714	6.06241e-39
8.11588	6.38563e-39
8.13458	6.47038e-39
8.15368	6.31341e-39
8.17229	6.64871e-39
8.1913	6.58018e-39
8.21027	6.66838e-39
8.22919	6.76074e-39
8.24807	6.75153e-39
8.26691	6.83998e-39
8.28571	6.92992e-39
8.3049	6.9655e-39
8.3236	7.2202e-39
8.34271	7.14878e-39
8.36176	7.14258e-39
8.38078	7.34141e-39
8.39975	7.33412e-39
8.41868	7.42849e-39
8.43756	7.52444e-39
8.45683	7.45667e-39
8.47563	7.72357e-39
8.49482	7.76062e-39
8.51438	7.5847e-39
8.53136	8.82834e-39
8.55254	7.26327e-39
8.56944	9.05883e-39
8.59052	7.34165e-39
8.60735	9.42929e-39
8.62834	7.53144e-39
8.64927	7.7496e-39
8.66599	9.80319e-39
8.68683	7.94254e-39
8.70348	9.9078e-39
8.72423	8.02638e-39
8.74494	8.13792e-39
8.76147	1.04424e-38
8.78209	8.34057e-39
8.79855	1.07013e-38
8.81909	8.54642e-39
8.83957	8.7845e-39
8.86001	8.77564e-39
8.87633	1.10957e-38
8.89668	9.11898e-39
8.91699	9.10403e-39
8.9332	1.15144e-38
8.95343	9.45723e-39
8.97361	9.44437e-39
8.99374	9.56384e-39
9.01383	9.82952e-39
9.02987	1.2245e-38
9.04988	9.91496e-39
9.06984	1.01842e-38
9.08976	1.03147e-38
9.10964	1.04417e-38
9.12947	1.04227e-38
9.14926	1.05499e-38
9.16506	1.33361e-38
9.18478	1.07944e-38
9.20445	1.10833e-38
9.22408	1.12211e-38
9.24367	1.1355e-38
9.26321	1.13311e-38
9.28272	1.14701e-38
9.30218	1.1774e-38
9.32161	1.19171e-38
9.34099	1.18833e-38
9.36034	1.22026e-38
9.37964	1.21719e-38
9.3989	1.24912e-38
9.41813	1.24597e-38
9.43731	1.26073e-38
9.46029	1.06393e-38
9.47939	1.29274e-38
9.49845	1.30784e-38
9.51747	1.34175e-38
9.53646	1.35741e-38
9.5554	1.37307e-38
9.57431	1.36836e-38
9.59696	1.15491e-38
9.61579	1.40264e-38
9.63458	1.41796e-38
9.65333	1.45496e-38
9.67579	1.22762e-38
9.69447	1.49004e-38
9.71311	1.48517e-38
9.73171	1.50179e-38
9.75399	1.26687e-38
9.77252	1.55974e-38
9.79101	1.55436e-38
9.81315	1.3302e-38
9.83156	1.59149e-38
9.84994	1.63146e-38
9.87196	1.35622e-38
9.89026	1.64614e-38
9.91218	1.38819e-38
9.93041	1.70914e-38
9.94861	1.7018e-38
9.9704	1.43492e-38
9.98853	1.76658e-38
10.0102	1.46804e-38
10.0283	1.78111e-38
10.0499	1.50079e-38
10.0679	1.82084e-38
10.0894	1.53485e-38
10.1109	1.57603e-38
10.1288	1.91186e-38
10.1502	1.58823e-38
10.168	1.92632e-38
10.1893	1.64623e-38
10.2106	1.64186e-38
10.2283	2.02024e-38
10.2495	1.67787e-38
10.2707	1.69751e-38
10.2883	2.08844e-38
10.3093	1.73428e-38
10.3304	1.75433e-38
10.3479	2.12695e-38
10.3688	1.81696e-38
10.3897	1.81136e-38
10.4106	1.85861e-38
10.4279	2.22086e-38
10.4487	1.8705e-38
10.4695	1.89152e-38
10.4902	1.91268e-38
10.5109	1.93398e-38
10.5315	1.98389e-38
10.5521	1.97704e-38
10.5692	2.39605e-38
10.5897	2.01744e-38
10.6102	2.03946e-38
10.6307	2.09162e-38
10.651	2.11427e-38
10.6714	2.13706e-38
10.6917	2.12903e-38
10.712	2.1518e-38
10.7323	2.20636e-38
10.7525	2.19778e-38
10.7726	2.25331e-38
10.7928	2.24436e-38
10.8128	2.26788e-38
10.8363	1.96369e-38
10.8555	2.40843e-38
10.8747	2.44285e-38
10.8972	2.09816e-38
10.9163	2.49953e-38
10.9386	2.15344e-38
10.9609	2.20677e-38
10.9831	2.23546e-38
11.002	2.65269e-38
11.0241	2.25022e-38
11.0461	2.27594e-38
11.0682	2.29528e-38
11.0902	2.3585e-38
11.1121	2.35088e-38
11.1341	2.37066e-38
11.1559	2.40311e-38
11.1777	2.46169e-38
11.1995	2.44931e-38
11.2212	2.48062e-38
11.2462	2.21078e-38
11.2678	2.53759e-38
11.2894	2.5951e-38
11.3142	2.25603e-38
11.3357	2.65433e-38
11.3603	2.30858e-38
11.3817	2.67878e-38
11.4063	2.35404e-38
11.4276	2.73868e-38
11.4521	2.40599e-38
11.4764	2.43756e-38
11.4977	2.86474e-38
11.5219	2.4906e-38
11.5462	2.54918e-38
11.5703	2.54854e-38
11.5945	2.57028e-38
11.6186	2.63758e-38
11.6426	2.67121e-38
11.6666	2.65815e-38
11.6905	2.73004e-38
11.7144	2.75441e-38
11.7382	2.75126e-38
11.762	2.81537e-38
11.7888	2.52308e-38
11.8124	2.84256e-38
11.836	2.91582e-38
11.8627	2.56553e-38
11.8862	2.93936e-38
11.9127	2.63119e-38
11.9361	3.04133e-38
11.9625	2.68632e-38
11.9858	3.11409e-38
12.0121	2.75021e-38
12.0383	2.81536e-38
12.0645	2.84756e-38
12.0877	3.24915e-38
12.1137	2.91037e-38
12.1397	2.94806e-38
12.1656	2.98017e-38
12.1915	2.9638e-38
12.2174	3.04124e-38
12.2431	3.08347e-38
12.2689	3.10057e-38
12.2975	2.78701e-38
12.3231	3.18667e-38
12.3487	3.16682e-38
12.3742	3.2487e-38
12.4026	2.9085e-38
12.428	3.32219e-38
12.4562	3.02183e-38
12.4815	3.34507e-38
12.5095	3.08982e-38
12.5348	3.42218e-38
12.5628	3.10727e-38
12.5879	3.54311e-38
12.6158	3.22233e-38
12.6436	3.20882e-38
12.6714	3.24571e-38
12.699	3.28695e-38
12.7267	3.31989e-38
12.7543	3.40229e-38
12.7819	3.43565e-38
12.8093	3.49044e-38
12.8368	3.50987e-38
12.8641	3.56321e-38
12.8915	3.53759e-38
12.9187	3.58073e-38
12.9487	3.33562e-38
12.9758	3.71724e-38
13.0057	3.40486e-38
13.0328	3.79124e-38
13.0625	3.43662e-38
13.0895	3.8726e-38
13.1191	3.51451e-38
13.1459	3.903e-38
13.1755	3.6312e-38
13.2049	3.67723e-38
13.2343	3.66244e-38
13.2637	3.70363e-38
13.2902	4.12997e-38
13.3195	3.82921e-38
13.3486	3.88885e-38
13.3804	3.54235e-38
13.4095	3.96017e-38
13.4384	3.96136e-38
13.4674	3.98927e-38
13.4963	4.0978e-38
13.5277	3.79624e-38
13.5565	4.19174e-38
13.5878	3.87827e-38
13.6164	4.21982e-38
13.6477	3.96063e-38
13.6762	4.31964e-38
13.7073	4.04329e-38
13.7384	4.08941e-38
13.7693	4.14227e-38
13.7976	4.50471e-38
13.8284	4.17242e-38
13.8593	4.20891e-38
13.8899	4.33517e-38
13.9232	3.97356e-38
13.9537	4.42425e-38
13.9843	4.39745e-38
14.0147	4.52148e-38
14.0451	4.51211e-38
14.078	4.19495e-38
14.1083	4.67023e-38
14.141	4.29528e-38
14.1711	4.70759e-38
14.2038	4.38098e-38
14.2363	4.50652e-38
14.2688	4.48745e-38
14.2987	4.98006e-38
14.331	4.59252e-38
14.3632	4.70622e-38
14.3954	4.6904e-38
14.4276	4.72994e-38
14.4621	4.51829e-38
14.4941	4.92355e-38
14.526	4.97114e-38
14.5578	5.03315e-38
14.5921	4.71891e-38
14.6238	5.0585e-38
14.6579	4.82666e-38
14.6895	5.18021e-38
14.7234	4.93426e-38
14.7573	4.99075e-38
14.791	4.97635e-38
14.8248	5.0186e-38
14.856	5.47838e-38
14.8896	5.21752e-38
14.9255	4.84923e-38
14.9589	5.26174e-38
14.9922	5.38974e-38
15.0256	5.36462e-38
15.0611	5.15787e-38
15.0942	5.57501e-38
15.1297	5.18022e-38
15.1626	5.69887e-38
15.1979	5.37968e-38
15.2331	5.44179e-38
15.2659	5.80288e-38
15.3009	5.56234e-38
15.3358	5.62525e-38
15.3707	5.68776e-38
15.4078	5.31828e-38
15.4425	5.82053e-38
15.4771	5.80006e-38
15.5117	5.86375e-38
15.5485	5.63452e-38
15.5829	6.08653e-38
15.6195	5.76992e-38
15.6537	6.13499e-38
15.6902	5.79943e-38
15.7265	5.9667e-38
15.7628	5.95656e-38
15.799	6.00098e-38
15.8351	6.08253e-38
15.8711	6.15189e-38
15.9071	6.30304e-38
15.9452	6.00917e-38
15.981	6.45755e-38
16.0189	6.04933e-38
16.0545	6.50803e-38
16.0923	6.28572e-38
16.1278	6.73583e-38
16.1653	6.43261e-38
16.2028	6.4052e-38
16.2403	6.55655e-38
16.2775	6.56141e-38
16.3148	6.72278e-38
16.3542	6.31376e-38
16.3912	6.88672e-38
16.4281	6.85404e-38
16.4673	6.62762e-38
16.5062	6.72014e-38
16.5429	7.09963e-38
16.5818	6.75546e-38
16.6205	6.94988e-38
16.659	7.03843e-38
16.6976	7.0929e-38
16.736	7.08513e-38
16.7744	7.1651e-38
16.8148	6.95837e-38
16.8529	7.43815e-38
16.8931	7.02506e-38
16.9311	7.59665e-38
16.9711	7.28884e-38
17.011	7.26743e-38
17.0508	7.35032e-38
17.0907	7.52388e-38
17.1302	7.52634e-38
17.1698	7.71299e-38
17.2092	7.80016e-38
17.2507	7.47794e-38
17.2899	7.87599e-38
17.3311	7.55593e-38
17.3702	8.16094e-38
17.4112	7.84079e-38
17.4522	7.8176e-38
17.4931	8.00356e-38
17.5339	8.11153e-38
17.5765	7.71269e-38
17.617	8.18245e-38
17.6575	8.2745e-38
17.6999	8.08728e-38
17.7403	8.5664e-38
17.7824	8.15136e-38
17.8245	8.36595e-38
17.8665	8.46253e-38
17.9084	8.55955e-38
17.9501	8.66777e-38
17.9938	8.23753e-38
18.0354	8.72957e-38
18.0789	8.42899e-38
18.1203	8.93154e-38
18.1635	8.74839e-38
18.2067	8.85008e-38
18.2497	8.95186e-38
18.2927	9.05233e-38
18.3356	9.15581e-38
18.3783	9.1272e-38
18.423	8.81091e-38
18.4656	9.33965e-38
18.51	9.16728e-38
18.5542	9.27148e-38
18.5965	9.66228e-38
18.6406	9.48271e-38
18.6864	9.06284e-38
18.7303	9.56724e-38
18.774	9.67608e-38
18.8195	9.53952e-38
18.863	1.0044e-37
18.9084	9.59366e-38
18.9536	9.70537e-38
18.9987	9.8178e-38
19.0437	1.00755e-37
19.0886	1.0191e-37
19.1353	9.75425e-38
19.18	1.02796e-37
19.2264	9.98189e-38
19.2728	1.00958e-37
19.3171	1.06364e-37
19.3633	1.03145e-37
19.4111	1.01931e-37
19.457	1.07248e-37
19.5027	1.07178e-37
19.5502	1.05509e-37
19.5976	1.06749e-37
19.643	1.10663e-37
19.6902	1.09205e-37
19.7372	1.08877e-37
19.786	1.07581e-37
19.8327	1.13172e-37
19.8812	1.08533e-37
19.9278	1.1567e-37
19.9761	1.11053e-37
20.0243	1.12348e-37
20.0723	1.1365e-37
20.1202	1.14959e-37
20.1679	1.16565e-37
20.2174	1.15073e-37
20.265	1.18851e-37
20.3142	1.16071e-37
20.3633	1.17412e-37
20.4123	1.20519e-37
20.4612	1.21913e-37
20.5116	1.17654e-37
20.5602	1.22967e-37
20.6105	1.19978e-37
20.6606	1.23299e-37
20.7106	1.24738e-37
20.7605	1.24358e-37
20.8102	1.27948e-37
20.8615	1.23039e-37
20.911	1.2876e-37
20.9622	1.25759e-37
21.0132	1.29238e-37
21.0639	1.29175e-37
21.1147	1.30357e-37
21.167	1.29476e-37
21.2174	1.35367e-37
21.2695	1.32366e-37
21.3215	1.32151e-37
21.3731	1.35965e-37
21.4248	1.35246e-37
21.4763	1.36788e-37
21.5294	1.34081e-37
21.5824	1.37479e-37
21.6351	1.3957e-37
21.6878	1.3886e-37
21.7403	1.4252e-37
21.7928	1.42097e-37
21.8467	1.39403e-37
21.8988	1.47723e-37
21.9525	1.44731e-37
22.0077	1.40084e-37
22.0611	1.48175e-37
22.1142	1.48087e-37
22.169	1.47012e-37
22.2237	1.46826e-37
22.2782	1.48531e-37
22.3325	1.50279e-37
22.3866	1.54584e-37
22.4423	1.51588e-37
22.4963	1.57651e-37
22.5517	1.52908e-37
22.6086	1.50428e-37
22.6636	1.56929e-37
22.7186	1.58412e-37
22.7751	1.55613e-37
22.8314	1.59948e-37
22.8874	1.62201e-37
22.9434	1.63712e-37
23.0009	1.61164e-37
23.0567	1.67378e-37
23.1137	1.62935e-37
23.1707	1.64544e-37
23.2276	1.68891e-37
23.2858	1.66385e-37
23.3425	1.70204e-37
23.4003	1.68249e-37
23.4582	1.69816e-37
23.5159	1.71869e-37
23.5749	1.69439e-37
23.6338	1.74151e-37
23.691	1.80605e-37
23.7511	1.73609e-37
23.8096	1.77602e-37
23.8678	1.82717e-37
23.9276	1.77045e-37
23.9871	1.81962e-37
24.0465	1.84103e-37
24.1056	1.86741e-37
24.1661	1.8124e-37
24.2266	1.85869e-37
24.2869	1.88265e-37
24.3468	1.90985e-37
24.4083	1.85504e-37
24.4681	1.92259e-37
24.5293	1.89644e-37
24.5902	1.94968e-37
24.6524	1.90362e-37
24.713	1.99573e-37
24.775	1.94429e-37
24.8368	1.9677e-37
24.8998	1.9764e-37
24.9613	2.01444e-37
25.024	1.99251e-37
25.0866	2.04549e-37
25.1489	2.07439e-37
25.2127	2.01637e-37
25.2763	2.07248e-37
25.3383	2.11342e-37
25.4027	2.08061e-37
25.4658	2.14718e-37
25.5302	2.12267e-37
25.5944	2.15104e-37
25.6583	2.17645e-37
25.7234	2.16017e-37
25.7885	2.15042e-37
25.8534	2.20503e-37
25.9181	2.20172e-37
25.9825	2.26569e-37
26.0483	2.23898e-37
26.1139	2.23366e-37
26.1808	2.21217e-37
26.2459	2.32637e-37
26.3124	2.30102e-37
26.3787	2.32801e-37
26.4462	2.27564e-37
26.5121	2.35307e-37
26.5792	2.36454e-37
26.6462	2.35873e-37
26.7143	2.3742e-37
26.7808	2.45651e-37
26.8472	2.47924e-37
26.9136	2.46989e-37
26.9797	2.50126e-37
27.0587	2.14614e-37
27.1245	2.56553e-37
27.1902	2.59402e-37
27.2557	2.65942e-37
27.334	2.2468e-37
27.399	2.69688e-37
27.464	2.72023e-37
27.5417	2.29532e-37
27.6064	2.8242e-37
27.6836	2.39083e-37
27.7479	2.85551e-37
27.8249	2.44384e-37
27.8888	2.92401e-37
27.9654	2.50478e-37
28.029	2.99423e-37
28.1052	2.52495e-37
28.1812	2.55786e-37
28.2442	3.11246e-37
28.3198	2.61461e-37
28.3953	2.64992e-37
28.4705	2.68368e-37
28.5453	2.72286e-37
28.6077	3.34517e-37
28.6823	2.81954e-37
28.7568	2.80943e-37
28.8311	2.84741e-37
28.905	2.93016e-37
28.9789	2.95884e-37
29.0526	2.99494e-37
29.1262	2.98334e-37
29.2115	2.63654e-37
29.2846	3.10938e-37
29.3575	3.14545e-37
29.4303	3.18252e-37
29.5027	3.22717e-37
29.5872	2.79113e-37
29.6594	3.25331e-37
29.7314	3.2905e-37
29.815	2.86086e-37
29.8866	3.42052e-37
29.97	2.96526e-37
30.0413	3.50457e-37
30.124	3.00346e-37
30.1949	3.58999e-37
30.2774	3.06968e-37
30.3598	3.15059e-37
30.4299	3.67827e-37
30.5118	3.22907e-37
30.5934	3.22304e-37
30.6748	3.2631e-37
30.7561	3.35213e-37
30.8254	3.9027e-37
30.9062	3.38037e-37
30.9868	3.47115e-37
31.0672	3.4633e-37
31.1472	3.51343e-37
31.2387	3.14963e-37
31.3184	3.64979e-37
31.3979	3.69335e-37
31.4771	3.69129e-37
31.5562	3.72648e-37
31.6464	3.30244e-37
31.7252	3.81645e-37
31.8036	3.93038e-37
31.8931	3.47494e-37
31.9712	4.01993e-37
32.0602	3.50928e-37
32.1379	4.05877e-37
32.2264	3.59914e-37
32.3036	4.15828e-37
32.3918	3.68268e-37
32.4796	3.7841e-37
32.5671	3.78494e-37
32.6436	4.43105e-37
32.7308	3.8625e-37
32.8178	3.91465e-37
32.9043	3.97251e-37
32.9908	4.07123e-37
33.0771	4.12071e-37
33.1633	4.10717e-37
33.2491	4.16172e-37
33.3345	4.28276e-37
33.4306	3.84745e-37
33.5157	4.38293e-37
33.6006	4.43444e-37
33.6958	3.93891e-37
33.7803	4.5468e-37
33.8645	4.53326e-37
33.9591	4.08025e-37
34.0427	4.72373e-37
34.1368	4.24157e-37
34.2307	4.29178e-37
34.3138	4.82116e-37
34.4069	4.3464e-37
34.5	4.39163e-37
34.5928	4.4474e-37
34.6854	4.56377e-37
34.7775	4.63573e-37
34.8696	4.68395e-37
34.9614	4.67241e-37
35.053	4.73057e-37
35.1441	4.79871e-37
35.2353	4.84044e-37
35.3262	4.97547e-37
35.4269	4.5347e-37
35.517	5.04115e-37
35.6072	5.16315e-37
35.7071	4.70503e-37
35.7968	5.2099e-37
35.896	4.8314e-37
35.9951	4.81484e-37
36.084	5.49249e-37
36.1826	5.00373e-37
36.2807	5.00462e-37
36.3789	5.05244e-37
36.4766	5.19635e-37
36.5742	5.26109e-37
36.6712	5.26219e-37
36.7682	5.31514e-37
36.865	5.37345e-37
36.9613	5.45764e-37
37.0575	5.59259e-37
37.1631	5.07453e-37
37.2588	5.65232e-37
37.3542	5.72623e-37
37.4589	5.34201e-37
37.5539	5.94842e-37
37.658	5.47548e-37
37.7617	5.47774e-37
37.856	6.07859e-37
37.9594	5.60025e-37
38.0622	5.76552e-37
38.165	5.8264e-37
38.2675	5.89917e-37
38.3697	5.88613e-37
38.4716	5.96625e-37
38.5733	6.03308e-37
38.6839	5.60187e-37
38.7848	6.20164e-37
38.8857	6.26252e-37
38.9956	5.8078e-37
39.0957	6.43632e-37
39.2048	6.04675e-37
39.3046	6.58206e-37
39.4132	6.19635e-37
39.5213	6.19264e-37
39.6293	6.26615e-37
39.737	6.34478e-37
39.8442	6.5319e-37
39.9513	6.50475e-37
40.0582	6.57882e-37
40.1645	6.68118e-37
40.2707	6.84758e-37
40.3855	6.30978e-37
40.4912	6.92168e-37
40.6053	6.47716e-37
40.7104	7.199e-37
40.8239	6.63314e-37
40.9282	7.28938e-37
41.0413	6.7901e-37
41.1539	6.88485e-37
41.266	6.98701e-37
41.378	7.16208e-37
41.4897	7.25169e-37
41.601	7.24564e-37
41.7122	7.43429e-37
41.8315	6.99147e-37
41.9418	7.64109e-37
42.052	7.60673e-37
42.1705	7.14638e-37
42.2883	7.26077e-37
42.3976	7.89988e-37
42.515	7.42729e-37
42.6318	7.53773e-37
42.7487	7.61018e-37
42.8652	7.71345e-37
42.981	7.94124e-37
43.0969	8.02245e-37
43.2125	7.99693e-37
43.3357	7.58449e-37
43.4505	8.2118e-37
43.5733	7.87601e-37
43.6873	8.43901e-37
43.8095	8.06495e-37
43.9309	8.19426e-37
44.0523	8.16317e-37
44.1653	8.98102e-37
44.286	8.49516e-37
44.4144	8.05951e-37
44.5345	8.58323e-37
44.654	8.8354e-37
44.7735	8.78665e-37
44.9003	8.36983e-37
45.0191	9.02135e-37
45.1454	8.56464e-37
45.2712	8.69309e-37
45.397	8.77624e-37
45.522	9.04691e-37
45.647	9.14227e-37
45.7716	9.12388e-37
45.8957	9.38415e-37
46.0197	9.35573e-37
46.1507	9.06569e-37
46.274	9.59521e-37
46.4047	9.2689e-37
46.527	9.85854e-37
46.6569	9.37559e-37
46.7862	9.65549e-37
46.9155	9.7476e-37
47.044	9.89956e-37
47.1725	9.86124e-37
47.3081	9.43423e-37
47.4357	1.02763e-36
47.5631	1.03901e-36
47.6974	9.95889e-37
47.8317	1.00569e-36
47.9577	1.08174e-36
48.0911	1.03207e-36
48.2239	1.03224e-36
48.3568	1.04215e-36
48.4961	1.00325e-36
48.6281	1.07038e-36
48.7594	1.0859e-36
48.898	1.03876e-36
49.0362	1.06869e-36
49.1663	1.14473e-36
49.3038	1.07879e-36
49.4406	1.11178e-36
49.5771	1.10763e-36
49.7131	1.14018e-36
49.8562	1.09402e-36
49.9914	1.16977e-36
50.1336	1.12327e-36
50.2682	1.18132e-36
50.4093	1.13767e-36
50.5503	1.16646e-36
50.6907	1.16705e-36
50.831	1.19523e-36
50.9706	1.19678e-36
51.117	1.15177e-36
51.256	1.2264e-36
51.4016	1.1988e-36
51.5396	1.25894e-36
51.6844	1.21158e-36
51.8287	1.24629e-36
51.9724	1.24545e-36
52.116	1.25862e-36
52.2659	1.23582e-36
52.4087	1.29105e-36
52.5576	1.25072e-36
52.6997	1.32268e-36
52.8478	1.28264e-36
52.9955	1.29898e-36
53.1431	1.33056e-36
53.2966	1.27468e-36
53.4433	1.34711e-36
53.5895	1.38513e-36
53.7417	1.34318e-36
53.8938	1.33839e-36
54.0452	1.37812e-36
54.1963	1.37434e-36
54.3471	1.41073e-36
54.4972	1.41111e-36
54.6474	1.42413e-36
54.8031	1.38647e-36
54.9584	1.40463e-36
55.1138	1.41849e-36
55.2618	1.50344e-36
55.4223	1.40045e-36
55.5763	1.47346e-36
55.7295	1.51854e-36
55.8885	1.45524e-36
56.0413	1.53008e-36
56.1995	1.5141e-36
56.3573	1.5115e-36
56.5151	1.54826e-36
56.6783	1.4908e-36
56.8347	1.59349e-36
56.9971	1.52775e-36
57.153	1.60744e-36
57.3143	1.56804e-36
57.4754	1.6099e-36
57.6361	1.62878e-36
57.8022	1.59222e-36
57.9619	1.67275e-36
58.1271	1.60968e-36
58.2922	1.65084e-36
58.4505	1.71249e-36
58.6204	1.63578e-36
58.7838	1.71836e-36
58.9472	1.70982e-36
59.1156	1.67499e-36
59.2836	1.72114e-36
59.4453	1.80593e-36
59.6183	1.68009e-36
59.785	1.76078e-36
59.9514	1.80698e-36
60.123	1.74544e-36
60.2883	1.85529e-36
60.4589	1.81623e-36
60.629	1.81266e-36
60.8046	1.79904e-36
60.9741	1.88316e-36
61.1486	1.82091e-36
61.317	1.93337e-36
61.4905	1.89461e-36
61.6635	1.89123e-36
61.8419	1.87904e-36
62.014	1.96856e-36
62.1914	1.92748e-36
62.3685	1.92245e-36
62.5448	1.95087e-36
62.7207	2.00239e-36
62.896	2.02989e-36
63.0764	1.9918e-36
63.2509	2.05001e-36
63.4303	2.01303e-36
63.6094	2.06644e-36
63.7934	2.03165e-36
63.9712	2.09176e-36
64.1544	2.08185e-36
64.3368	2.11086e-36
64.5188	2.13579e-36
64.7002	2.16518e-36
64.8811	2.19212e-36
65.0671	2.15284e-36
65.252	2.18732e-36
65.437	2.20864e-36
65.6213	2.23888e-36
65.805	2.23489e-36
65.9938	2.22838e-36
66.1819	2.22662e-36
66.3696	2.28553e-36
66.5566	2.31696e-36
66.7431	2.31266e-36
66.9342	2.27961e-36
67.1249	2.30641e-36
67.3153	2.36776e-36
67.505	2.36585e-36
67.6993	2.36538e-36
67.8881	2.42364e-36
68.081	2.43046e-36
68.2739	2.45367e-36
68.4713	2.42229e-36
68.6631	2.48102e-36
68.859	2.48965e-36
69.0547	2.48e-36
69.25	2.54513e-36
69.4442	2.54879e-36
69.6436	2.50723e-36
69.8422	2.57901e-36
70.04	2.57631e-36
70.2375	2.6444e-36
70.4397	2.6088e-36
70.6407	2.61213e-36
70.8415	2.64023e-36
71.0415	2.67637e-36
71.2412	2.70757e-36
71.4451	2.67738e-36
71.6486	2.70865e-36
71.8513	2.78624e-36
72.0537	2.7776e-36
72.2602	2.74883e-36
72.4664	2.82193e-36
72.6717	2.8606e-36
72.8767	2.85211e-36
73.0857	2.82372e-36
73.2944	2.85725e-36
73.5023	2.9379e-36
73.7093	2.93568e-36
73.9213	2.93893e-36
74.1271	3.05474e-36
74.3422	2.90988e-36
74.5521	3.01115e-36
74.7612	3.09622e-36
74.9743	3.02483e-36
75.187	3.05927e-36
75.404	3.02831e-36
75.6154	3.18383e-36
75.8308	3.11104e-36
76.0457	3.19346e-36
76.2645	3.12265e-36
76.4782	3.27481e-36
76.6962	3.19558e-36
76.9134	3.23806e-36
77.1343	3.21446e-36
77.3548	3.25186e-36
77.5745	3.29687e-36
77.7937	3.33496e-36
78.0122	3.38017e-36
78.2347	3.34905e-36
78.4567	3.44116e-36
78.6823	3.41807e-36
78.903	3.52721e-36
79.1273	3.4536e-36
79.3508	3.55163e-36
79.5783	3.47218e-36
79.8054	3.51222e-36
80.0317	3.5599e-36
80.2575	3.65375e-36
80.4867	3.58145e-36
80.7155	3.67689e-36
80.9438	3.66551e-36
81.1708	3.72231e-36
81.4022	3.74137e-36
81.6327	3.7371e-36
81.8667	3.77175e-36
82.0961	3.8268e-36
82.329	3.8065e-36
82.5653	3.7879e-36
82.797	3.95877e-36
83.032	3.93926e-36
83.2662	3.93207e-36
83.5044	3.90518e-36
83.7416	3.95894e-36
83.9787	4.05782e-36
84.2143	4.12076e-36
84.4416	4.31154e-36
84.693	3.93605e-36
84.9434	3.9918e-36
85.1934	3.98132e-36
85.4007	4.91206e-36
85.6497	4.12656e-36
85.8976	4.18814e-36
86.1444	4.18429e-36
86.3908	4.23284e-36
86.6365	4.34864e-36
86.8813	4.3437e-36
87.1256	4.39157e-36
87.3693	4.44587e-36
87.6122	4.50042e-36
87.8543	4.55919e-36
88.0959	4.60871e-36
88.3771	4.00182e-36
88.6173	4.73066e-36
88.8568	4.7864e-36
89.095	4.92796e-36
89.373	4.2639e-36
89.61	4.97511e-36
89.8469	5.02093e-36
90.1226	4.42075e-36
90.3576	5.15933e-36
90.6317	4.46569e-36
90.8651	5.36939e-36
91.1377	4.64182e-36
91.4095	4.70367e-36
91.6412	5.48493e-36
91.911	4.75595e-36
92.1804	4.80729e-36
92.4104	5.76453e-36
92.6779	4.93075e-36
92.9451	4.98219e-36
93.211	5.05539e-36
93.4762	5.19252e-36
93.7406	5.18058e-36
94.0045	5.31618e-36
94.2674	5.38617e-36
94.5295	5.45136e-36
94.7912	5.51156e-36
95.0518	5.58352e-36
95.312	5.56226e-36
95.5713	5.633e-36
95.8668	4.99048e-36
96.1247	5.85518e-36
96.3817	5.9275e-36
96.675	5.17025e-36
96.9307	5.9851e-36
97.222	5.30374e-36
97.4756	6.23424e-36
97.7292	6.19941e-36
98.0184	5.56703e-36
98.306	5.56998e-36
98.5575	6.52239e-36
98.844	5.77629e-36
99.1293	5.77063e-36
99.3785	6.66507e-36
99.6626	5.98525e-36
99.9456	5.97768e-36
100.228	6.04269e-36
100.509	6.12381e-36
100.79	6.19056e-36
101.07	6.36529e-36
101.349	6.4314e-36
101.627	6.42711e-36
101.905	6.57645e-36
102.182	6.67504e-36
102.458	6.64025e-36
102.767	6.07245e-36
103.042	6.79756e-36
103.315	6.99836e-36
103.623	6.279e-36
103.894	7.06511e-36
104.199	6.44373e-36
104.471	7.20839e-36
104.774	6.5023e-36
105.042	7.51126e-36
105.345	6.64036e-36
105.645	6.8304e-36
105.912	7.77719e-36
106.211	6.99051e-36
106.51	6.9582e-36
106.807	7.05497e-36
107.104	7.14275e-36
107.399	7.32743e-36
107.694	7.41899e-36
107.988	7.50014e-36
108.282	7.46129e-36
108.574	7.56589e-36
108.866	7.7661e-36
109.156	7.74045e-36
109.447	7.81907e-36
109.768	7.23017e-36
110.056	8.02852e-36
110.343	8.10004e-36
110.662	7.37061e-36
110.948	8.2895e-36
111.265	7.54247e-36
111.549	8.61814e-36
111.864	7.71814e-36
112.178	7.80145e-36
112.491	8.02762e-36
112.772	8.88273e-36
113.083	8.19959e-36
113.394	8.30592e-36
113.704	8.26111e-36
114.012	8.36457e-36
114.32	8.46975e-36
114.627	8.54774e-36
114.934	8.65361e-36
115.239	8.75144e-36
115.543	8.97689e-36
115.877	8.14947e-36
116.18	9.18533e-36
116.481	9.15125e-36
116.813	8.5332e-36
117.112	9.38381e-36
117.442	8.71561e-36
117.74	9.58438e-36
118.068	8.81106e-36
118.364	9.93999e-36
118.69	9.10839e-36
119.015	9.2394e-36
119.338	9.21145e-36
119.661	9.30635e-36
119.954	1.03523e-35
120.274	9.52304e-36
120.594	9.60868e-36
120.942	9.05168e-36
121.261	9.81767e-36
121.579	9.9476e-36
121.895	1.02119e-35
122.21	1.01594e-35
122.553	9.56756e-36
122.867	1.03887e-35
123.209	9.75912e-36
123.52	1.07965e-35
123.86	9.84874e-36
124.169	1.10311e-35
124.507	1.01877e-35
124.816	1.12518e-35
125.151	1.02976e-35
125.486	1.0376e-35
125.82	1.04906e-35
126.152	1.06384e-35
126.484	1.07177e-35
126.815	1.08558e-35
127.145	1.09707e-35
127.474	1.125e-35
127.802	1.13526e-35
128.157	1.04441e-35
128.483	1.14605e-35
128.807	1.17607e-35
129.159	1.07656e-35
129.483	1.1827e-35
129.832	1.11782e-35
130.154	1.22519e-35
130.501	1.14369e-35
130.848	1.13735e-35
131.166	1.26691e-35
131.511	1.1593e-35
131.855	1.17385e-35
132.197	1.18636e-35
132.538	1.2203e-35
132.879	1.22868e-35
133.219	1.24136e-35
133.557	1.25545e-35
133.895	1.26973e-35
134.258	1.17167e-35
134.593	1.29643e-35
134.954	1.19643e-35
135.288	1.32192e-35
135.621	1.33786e-35
135.979	1.23294e-35
136.335	1.26918e-35
136.665	1.35794e-35
137.02	1.29056e-35
137.373	1.28807e-35
137.726	1.31722e-35
138.078	1.31466e-35
138.428	1.3473e-35
138.778	1.36037e-35
139.126	1.35289e-35
139.474	1.36926e-35
139.821	1.39987e-35
140.191	1.3022e-35
140.535	1.43463e-35
140.878	1.42296e-35
141.246	1.34104e-35
141.587	1.47605e-35
141.952	1.36905e-35
142.316	1.38294e-35
142.655	1.51786e-35
143.017	1.43026e-35
143.378	1.4269e-35
143.738	1.43954e-35
144.097	1.45163e-35
144.455	1.48909e-35
144.811	1.48509e-35
145.167	1.51591e-35
145.546	1.43657e-35
145.899	1.54932e-35
146.251	1.54519e-35
146.627	1.45707e-35
146.977	1.59614e-35
147.35	1.48699e-35
147.699	1.62654e-35
148.07	1.51659e-35
148.44	1.55203e-35
148.785	1.65105e-35
149.153	1.58223e-35
149.519	1.60114e-35
149.885	1.61262e-35
150.25	1.60579e-35
150.613	1.62111e-35
150.999	1.55998e-35
151.359	1.6804e-35
151.72	1.69317e-35
152.102	1.60573e-35
152.46	1.70024e-35
152.839	1.61585e-35
153.195	1.73358e-35
153.572	1.66956e-35
153.949	1.68321e-35
154.302	1.78349e-35
154.675	1.71713e-35
155.049	1.70588e-35
155.42	1.72547e-35
155.791	1.73908e-35
156.161	1.77764e-35
156.551	1.69771e-35
156.918	1.81727e-35
157.285	1.8264e-35
157.672	1.74747e-35
158.036	1.83669e-35
158.421	1.7767e-35
158.783	1.89893e-35
159.165	1.77972e-35
159.546	1.80011e-35
159.926	1.8158e-35
160.306	1.82986e-35
160.684	1.87255e-35
161.061	1.89131e-35
161.436	1.8872e-35
161.81	1.92364e-35
162.183	1.94508e-35
162.556	1.95847e-35
162.948	1.84549e-35
163.318	1.99266e-35
163.708	1.90398e-35
164.096	1.89593e-35
164.462	2.02248e-35
164.848	1.92517e-35
165.233	1.94382e-35
165.617	1.96252e-35
166	2.00584e-35
166.381	1.99808e-35
166.761	2.04397e-35
167.14	2.03087e-35
167.517	2.08017e-35
167.914	1.95924e-35
168.29	2.11209e-35
168.685	1.99378e-35
169.057	2.15277e-35
169.45	2.02576e-35
169.841	2.04572e-35
170.21	2.17324e-35
170.598	2.11386e-35
170.985	2.12784e-35
171.372	2.14265e-35
171.756	2.16469e-35
172.16	2.04359e-35
172.542	2.16855e-35
172.923	2.21958e-35
173.322	2.10035e-35
173.701	2.21987e-35
174.097	2.16714e-35
174.474	2.2891e-35
174.868	2.16801e-35
175.261	2.18543e-35
175.653	2.2004e-35
176.043	2.22137e-35
176.433	2.23568e-35
176.821	2.25698e-35
177.207	2.31314e-35
177.592	2.32678e-35
177.996	2.19885e-35
178.379	2.36542e-35
178.779	2.23836e-35
179.159	2.37019e-35
179.558	2.3031e-35
179.954	2.2936e-35
180.349	2.3429e-35
180.744	2.32589e-35
181.136	2.38322e-35
181.527	2.36845e-35
181.917	2.41685e-35
182.306	2.43468e-35
182.712	2.34487e-35
183.098	2.43916e-35
183.501	2.34618e-35
183.885	2.51134e-35
184.285	2.38376e-35
184.684	2.43311e-35
185.083	2.41429e-35
185.459	2.60116e-35
185.873	2.34101e-35
186.267	2.50738e-35
186.659	2.4962e-35
187.05	2.51346e-35
187.458	2.41348e-35
187.846	2.54935e-35
188.25	2.45559e-35
188.636	2.58531e-35
189.039	2.52179e-35
189.439	2.54641e-35
189.839	2.52366e-35
190.236	2.58492e-35
190.632	2.5662e-35
191.027	2.58332e-35
191.42	2.63502e-35
191.831	2.50382e-35
192.221	2.67805e-35
192.629	2.54073e-35
193.016	2.68205e-35
193.419	2.5786e-35
193.822	2.63023e-35
194.224	2.65094e-35
194.623	2.67195e-35
195.021	2.68909e-35
195.417	2.71395e-35
195.813	2.6875e-35
196.225	2.62857e-35
196.616	2.73032e-35
197.024	2.67043e-35
197.413	2.80113e-35
197.819	2.66019e-35
198.222	2.68121e-35
198.624	2.70538e-35
199.024	2.71797e-35
199.424	2.73371e-35
199.821	2.80258e-35
200.235	2.69275e-35
200.629	2.83268e-35
201.038	2.73981e-35
201.43	2.86734e-35
201.837	2.76898e-35
202.241	2.75429e-35
202.646	2.75718e-35
203.047	2.8307e-35
203.447	2.80121e-35
203.847	2.85766e-35
204.261	2.72408e-35
204.656	2.85748e-35
205.067	2.79872e-35
205.459	2.89379e-35
205.867	2.79192e-35
206.272	2.85776e-35
206.677	2.8227e-35
207.079	2.89219e-35
207.482	2.89613e-35
207.881	2.87815e-35
208.294	2.83041e-35
208.691	2.95541e-35
209.101	2.81823e-35
209.51	2.83248e-35
209.902	2.9676e-35
210.308	2.90808e-35
210.712	2.88348e-35
211.114	2.90741e-35
211.531	2.80675e-35
211.931	2.92743e-35
212.344	2.88007e-35
212.74	3.01428e-35
213.151	2.91146e-35
213.559	2.8888e-35
213.95	3.01695e-35
214.355	2.96222e-35
214.773	2.87531e-35
215.175	2.95146e-35
215.576	3.00279e-35
215.989	2.92327e-35
216.387	3.0324e-35
216.796	2.95152e-35
217.204	2.92191e-35
217.612	2.92401e-35
218.017	2.94709e-35
218.421	2.95998e-35
218.823	2.97626e-35
219.222	3.04263e-35
219.637	2.89099e-35
220.032	3.07303e-35
220.443	2.92456e-35
220.851	2.94138e-35
221.258	2.95298e-35
221.663	3.01184e-35
222.066	2.98121e-35
222.467	3.04018e-35
222.882	2.90134e-35
223.28	3.06895e-35
223.69	2.97982e-35
224.1	2.94323e-35
224.494	3.10166e-35
224.899	3.01707e-35
225.303	2.98318e-35
225.719	2.89061e-35
226.12	3.04806e-35
226.519	3.019e-35
226.931	2.9292e-35
227.341	2.98084e-35
227.733	3.11053e-35
228.14	3.00423e-35
228.545	2.96522e-35
228.948	2.9847e-35
229.362	2.94336e-35
229.761	3.0061e-35
230.174	2.91057e-35
230.569	3.072e-35
230.976	2.94318e-35
231.383	2.98804e-35
231.788	2.94796e-35
232.19	3.01533e-35
232.591	3.01671e-35
232.991	3.02961e-35
233.402	2.93607e-35
233.798	3.00048e-35
234.206	2.91249e-35
234.598	3.07024e-35
235.002	2.977e-35
235.406	2.9311e-35
235.806	2.95257e-35
236.218	2.85711e-35
236.616	3.00258e-35
237.012	2.97022e-35
237.418	2.93141e-35
237.825	2.91883e-35
238.215	3.03463e-35
238.617	2.94829e-35
239.018	2.93719e-35
239.416	2.96324e-35
239.827	2.81993e-35
240.222	2.92427e-35
240.615	2.92779e-35
241.02	2.88307e-35
241.41	2.98925e-35
241.811	2.88934e-35
242.211	2.85694e-35
242.611	2.88956e-35
243.006	2.87278e-35
243.401	2.86169e-35
243.794	2.86936e-35
244.198	2.82032e-35
244.588	2.87339e-35
244.988	2.79425e-35
245.374	2.88154e-35
245.772	2.8315e-35
246.168	2.79099e-35
246.563	2.79684e-35
246.954	2.80378e-35
247.345	2.79544e-35
247.735	2.79595e-35
248.136	2.70162e-35
248.522	2.84699e-35
248.918	2.75163e-35
249.301	2.79949e-35
249.695	2.74806e-35
250.075	2.8413e-35
250.466	2.74248e-35
250.855	2.74696e-35
251.241	2.71035e-35
251.627	2.74217e-35
252.012	2.73899e-35
252.395	2.6945e-35
252.776	2.69118e-35
253.155	2.69816e-35
253.534	2.71663e-35
253.912	2.67904e-35
254.286	2.72559e-35
254.66	2.67274e-35
255.033	2.66222e-35
255.404	2.66317e-35
255.894	2.0023e-35
256.262	2.69667e-35
256.628	2.6941e-35
256.995	2.66823e-35
257.357	2.64148e-35
257.722	2.65306e-35
258.082	2.66263e-35
258.442	2.60369e-35
258.801	2.59536e-35
259.157	2.5997e-35
259.632	1.96719e-35
259.987	2.57359e-35
260.342	2.58837e-35
260.694	2.55661e-35
261.045	2.54202e-35
261.395	2.52511e-35
261.745	2.55029e-35
262.093	2.5379e-35
262.554	1.90081e-35
262.901	2.50745e-35
263.244	2.5127e-35
263.588	2.45113e-35
263.932	2.42636e-35
264.272	2.46595e-35
264.613	2.44074e-35
264.952	2.38976e-35
265.404	1.78151e-35
265.742	2.39506e-35
266.078	2.34487e-35
266.413	2.33787e-35
266.747	2.31511e-35
267.083	2.31378e-35
267.414	2.28428e-35
267.746	2.25393e-35
268.078	2.23787e-35
268.409	2.21419e-35
268.738	2.22975e-35
269.177	1.65911e-35
269.505	2.19391e-35
269.832	2.14417e-35
270.158	2.15105e-35
270.485	2.09566e-35
270.81	2.10734e-35
271.135	2.05825e-35
271.459	2.06249e-35
271.781	2.0207e-35
272.104	1.98866e-35
272.427	1.9856e-35
272.748	1.97801e-35
273.069	1.9169e-35
273.389	1.89779e-35
273.71	1.87146e-35
273.922	2.81706e-35
274.241	1.82133e-35
274.56	1.81988e-35
274.88	1.79381e-35
275.197	1.77301e-35
275.515	1.72e-35
275.831	1.72942e-35
276.044	2.52603e-35
276.36	1.67092e-35
276.676	1.61611e-35
276.992	1.61618e-35
277.204	2.33801e-35
277.52	1.56005e-35
277.836	1.50949e-35
278.152	1.50511e-35
278.363	2.20688e-35
278.677	1.43598e-35
278.888	2.09696e-35
279.205	1.38673e-35
279.52	1.35283e-35
279.732	1.96522e-35
280.047	1.31245e-35
280.258	1.89956e-35
280.575	1.25215e-35
280.788	1.79608e-35
280.999	1.79428e-35
281.316	1.17162e-35
281.531	1.66043e-35
281.743	1.66486e-35
282.06	1.07462e-35
282.275	1.57508e-35
282.49	1.5033e-35
282.707	1.46225e-35
283.024	9.71622e-36
283.241	1.38409e-35
283.458	1.36398e-35
283.676	1.30483e-35
283.894	1.26606e-35
284.113	1.24512e-35
284.333	1.18995e-35
284.551	1.15777e-35
284.774	1.10424e-35
284.893	2.02209e-35
285.116	1.03636e-35
285.339	1.00093e-35
285.562	9.81116e-36
285.688	1.66856e-35
285.912	8.9808e-36
286.139	8.7356e-36
286.266	1.4974e-35
286.493	7.9611e-36
286.621	1.36526e-35
286.852	7.26701e-36
286.983	1.24623e-35
287.213	6.83245e-36
287.348	1.10206e-35
287.48	1.08921e-35
287.616	1.0056e-35
287.853	5.579e-36
287.989	9.28612e-36
288.127	8.54771e-36
288.269	8.08424e-36
288.408	7.70737e-36
288.55	7.16545e-36
288.694	6.85514e-36
288.838	6.40906e-36
288.886	1.80423e-35
289.033	5.55377e-36
289.182	5.24017e-36
289.233	1.39535e-35
289.384	4.55809e-36
289.536	4.14959e-36
289.592	1.04215e-35
289.746	3.55661e-36
289.805	8.81178e-36
289.866	7.85365e-36
290.024	2.7259e-36
290.087	6.35204e-36
290.152	5.63225e-36
290.217	5.12449e-36
290.284	4.49911e-36
290.352	3.9909e-36
290.423	3.42861e-36
290.495	3.0044e-36
290.567	2.61782e-36
290.642	2.2632e-36
290.718	1.93976e-36
290.699	6.53355e-36
290.778	1.33438e-36
290.762	5.53098e-36
290.844	8.77689e-37
290.831	4.59985e-36
290.916	5.37986e-37
290.905	3.17839e-36
290.995	2.73566e-37
290.989	2.38905e-36
290.985	2.61628e-36
