1e-06	0
1.01e-06	0
1.0201e-06	0
1.0303e-06	0
1.0406e-06	0
1.05101e-06	0
1.06152e-06	0
1.07214e-06	0
1.08286e-06	0
1.09369e-06	0
1.10462e-06	0
1.11567e-06	0
1.12683e-06	0
1.13809e-06	0
1.14947e-06	0
1.16097e-06	0
1.17258e-06	0
1.1843e-06	0
1.19615e-06	0
1.20811e-06	0
1.22019e-06	0
1.23239e-06	0
1.24472e-06	0
1.25716e-06	0
1.26973e-06	0
1.28243e-06	0
1.29526e-06	0
1.30821e-06	0
1.32129e-06	0
1.3345e-06	0
1.34785e-06	0
1.36133e-06	0
1.37494e-06	0
1.38869e-06	0
1.40258e-06	0
1.4166e-06	0
1.43077e-06	0
1.44508e-06	0
1.45953e-06	0
1.47412e-06	0
1.48886e-06	0
1.50375e-06	0
1.51879e-06	0
1.53398e-06	0
1.54932e-06	0
1.56481e-06	0
1.58046e-06	0
1.59626e-06	0
1.61223e-06	0
1.62835e-06	0
1.64463e-06	0
1.66108e-06	0
1.67769e-06	0
1.69447e-06	0
1.71141e-06	0
1.72852e-06	0
1.74581e-06	0
1.76327e-06	0
1.7809e-06	0
1.79871e-06	0
1.8167e-06	0
1.83486e-06	0
1.85321e-06	0
1.87174e-06	0
1.89046e-06	0
1.90937e-06	0
1.92846e-06	0
1.94774e-06	0
1.96722e-06	0
1.98689e-06	0
2.00676e-06	0
2.02683e-06	0
2.0471e-06	0
2.06757e-06	0
2.08825e-06	0
2.10913e-06	0
2.13022e-06	0
2.15152e-06	0
2.17304e-06	0
2.19477e-06	0
2.21672e-06	0
2.23888e-06	0
2.26127e-06	0
2.28388e-06	0
2.30672e-06	0
2.32979e-06	0
2.35309e-06	0
2.37662e-06	0
2.40038e-06	0
2.42439e-06	0
2.44863e-06	0
2.47312e-06	0
2.49785e-06	0
2.52283e-06	0
2.54806e-06	0
2.57354e-06	0
2.59927e-06	0
2.62527e-06	0
2.65152e-06	0
2.67803e-06	0
2.70481e-06	0
2.73186e-06	0
2.75918e-06	0
2.78677e-06	0
2.81464e-06	0
2.84279e-06	0
2.87121e-06	0
2.89993e-06	0
2.92893e-06	0
2.95822e-06	0
2.9878e-06	0
3.01768e-06	0
3.04785e-06	0
3.07833e-06	0
3.10911e-06	0
3.1402e-06	0
3.17161e-06	0
3.20332e-06	0
3.23536e-06	0
3.26771e-06	0
3.30039e-06	0
3.33339e-06	0
3.36672e-06	0
3.40039e-06	0
3.4344e-06	0
3.46874e-06	0
3.50343e-06	0
3.53846e-06	0
3.57385e-06	0
3.60958e-06	0
3.64568e-06	0
3.68214e-06	0
3.71896e-06	0
3.75615e-06	0
3.79371e-06	0
3.83165e-06	0
3.86996e-06	0
3.90866e-06	0
3.94775e-06	0
3.98723e-06	0
4.0271e-06	0
4.06737e-06	0
4.10804e-06	0
4.14912e-06	0
4.19062e-06	0
4.23252e-06	0
4.27485e-06	0
4.3176e-06	0
4.36077e-06	0
4.40438e-06	0
4.44842e-06	0
4.49291e-06	0
4.53784e-06	0
4.58321e-06	0
4.62905e-06	0
4.67534e-06	0
4.72209e-06	0
4.76931e-06	0
4.817e-06	0
4.86517e-06	0
4.91383e-06	0
4.96296e-06	0
5.01259e-06	0
5.06272e-06	0
5.11335e-06	0
5.16448e-06	0
5.21613e-06	0
5.26829e-06	0
5.32097e-06	0
5.37418e-06	0
5.42792e-06	0
5.4822e-06	0
5.53702e-06	0
5.59239e-06	0
5.64832e-06	0
5.7048e-06	0
5.76185e-06	0
5.81947e-06	0
5.87766e-06	0
5.93644e-06	0
5.9958e-06	0
6.05576e-06	0
6.11632e-06	0
6.17748e-06	0
6.23926e-06	0
6.30165e-06	0
6.36466e-06	0
6.42831e-06	0
6.49259e-06	0
6.55752e-06	0
6.6231e-06	0
6.68933e-06	0
6.75622e-06	0
6.82378e-06	0
6.89202e-06	0
6.96094e-06	0
7.03055e-06	0
7.10085e-06	0
7.17186e-06	0
7.24358e-06	0
7.31602e-06	0
7.38918e-06	0
7.46307e-06	0
7.5377e-06	0
7.61308e-06	0
7.68921e-06	0
7.7661e-06	0
7.84376e-06	0
7.9222e-06	0
8.00142e-06	0
8.08144e-06	0
8.16225e-06	0
8.24387e-06	0
8.32631e-06	0
8.40957e-06	0
8.49367e-06	0
8.57861e-06	0
8.66439e-06	0
8.75104e-06	0
8.83855e-06	0
8.92693e-06	0
9.0162e-06	0
9.10636e-06	0
9.19743e-06	0
9.2894e-06	0
9.3823e-06	0
9.47612e-06	0
9.57088e-06	0
9.66659e-06	0
9.76325e-06	0
9.86089e-06	0
9.9595e-06	0
1.00591e-05	0
1.01597e-05	0
1.02613e-05	0
1.03639e-05	0
1.04675e-05	0
1.05722e-05	0
1.06779e-05	0
1.07847e-05	0
1.08926e-05	0
1.10015e-05	0
1.11115e-05	0
1.12226e-05	0
1.13348e-05	0
1.14482e-05	0
1.15627e-05	0
1.16783e-05	0
1.17951e-05	0
1.1913e-05	0
1.20322e-05	0
1.21525e-05	0
1.2274e-05	0
1.23967e-05	0
1.25207e-05	0
1.26459e-05	0
1.27724e-05	0
1.29001e-05	0
1.30291e-05	0
1.31594e-05	0
1.3291e-05	0
1.34239e-05	0
1.35581e-05	0
1.36937e-05	0
1.38307e-05	0
1.3969e-05	0
1.41086e-05	0
1.42497e-05	0
1.43922e-05	0
1.45362e-05	0
1.46815e-05	0
1.48283e-05	0
1.49766e-05	0
1.51264e-05	0
1.52776e-05	0
1.54304e-05	0
1.55847e-05	0
1.57406e-05	0
1.5898e-05	0
1.6057e-05	0
1.62175e-05	0
1.63797e-05	0
1.65435e-05	0
1.67089e-05	0
1.6876e-05	0
1.70448e-05	0
1.72152e-05	0
1.73874e-05	0
1.75613e-05	0
1.77369e-05	0
1.79142e-05	0
1.80934e-05	0
1.82743e-05	0
1.84571e-05	0
1.86416e-05	0
1.8828e-05	0
1.90163e-05	0
1.92065e-05	0
1.93986e-05	0
1.95925e-05	0
1.97885e-05	0
1.99864e-05	0
2.01862e-05	0
2.03881e-05	0
2.0592e-05	0
2.07979e-05	0
2.10059e-05	0
2.12159e-05	0
2.14281e-05	0
2.16424e-05	0
2.18588e-05	0
2.20774e-05	0
2.22981e-05	0
2.25211e-05	0
2.27463e-05	0
2.29738e-05	0
2.32035e-05	0
2.34356e-05	0
2.36699e-05	0
2.39066e-05	0
2.41457e-05	0
2.43871e-05	0
2.4631e-05	0
2.48773e-05	0
2.51261e-05	0
2.53774e-05	0
2.56311e-05	0
2.58874e-05	0
2.61463e-05	0
2.64078e-05	0
2.66719e-05	0
2.69386e-05	0
2.7208e-05	0
2.748e-05	0
2.77548e-05	0
2.80324e-05	0
2.83127e-05	0
2.85958e-05	0
2.88818e-05	0
2.91706e-05	0
2.94623e-05	0
2.9757e-05	0
3.00545e-05	0
3.03551e-05	0
3.06586e-05	0
3.09652e-05	0
3.12749e-05	0
3.15876e-05	0
3.19035e-05	0
3.22225e-05	0
3.25447e-05	0
3.28702e-05	0
3.31989e-05	0
3.35309e-05	0
3.38662e-05	0
3.42049e-05	0
3.45469e-05	0
3.48924e-05	0
3.52413e-05	0
3.55937e-05	0
3.59496e-05	0
3.63091e-05	0
3.66722e-05	0
3.7039e-05	0
3.74093e-05	0
3.77834e-05	0
3.81613e-05	0
3.85429e-05	0
3.89283e-05	0
3.93176e-05	0
3.97108e-05	0
4.01079e-05	0
4.0509e-05	0
4.0914e-05	0
4.13232e-05	0
4.17364e-05	0
4.21538e-05	0
4.25753e-05	0
4.30011e-05	0
4.34311e-05	0
4.38654e-05	0
4.4304e-05	0
4.47471e-05	0
4.51946e-05	0
4.56465e-05	0
4.6103e-05	0
4.6564e-05	0
4.70296e-05	0
4.74999e-05	0
4.79749e-05	0
4.84547e-05	0
4.89392e-05	0
4.94286e-05	0
4.99229e-05	0
5.04221e-05	0
5.09264e-05	0
5.14356e-05	0
5.195e-05	0
5.24695e-05	0
5.29942e-05	0
5.35241e-05	0
5.40594e-05	0
5.46e-05	0
5.5146e-05	0
5.56974e-05	0
5.62544e-05	0
5.68169e-05	0
5.73851e-05	0
5.79589e-05	0
5.85385e-05	0
5.91239e-05	0
5.97152e-05	0
6.03123e-05	0
6.09154e-05	0
6.15246e-05	0
6.21398e-05	0
6.27612e-05	0
6.33888e-05	0
6.40227e-05	0
6.4663e-05	0
6.53096e-05	0
6.59627e-05	0
6.66223e-05	0
6.72885e-05	0
6.79614e-05	0
6.8641e-05	0
6.93275e-05	0
7.00207e-05	0
7.07209e-05	0
7.14281e-05	0
7.21424e-05	0
7.28638e-05	0
7.35925e-05	0
7.43284e-05	0
7.50717e-05	0
7.58224e-05	0
7.65806e-05	0
7.73464e-05	0
7.81199e-05	0
7.89011e-05	0
7.96901e-05	0
8.0487e-05	0
8.12919e-05	0
8.21048e-05	0
8.29259e-05	0
8.37551e-05	0
8.45927e-05	0
8.54386e-05	0
8.6293e-05	0
8.71559e-05	0
8.80275e-05	0
8.89077e-05	0
8.97968e-05	0
9.06948e-05	0
9.16017e-05	0
9.25178e-05	0
9.34429e-05	0
9.43774e-05	0
9.53211e-05	0
9.62743e-05	0
9.72371e-05	0
9.82095e-05	0
9.91916e-05	0
0.000100183	0
0.000101185	0
0.000102197	0
0.000103219	0
0.000104251	0
0.000105294	0
0.000106347	0
0.00010741	0
0.000108484	0
0.000109569	0
0.000110665	0
0.000111772	0
0.000112889	0
0.000114018	0
0.000115158	0
0.00011631	0
0.000117473	0
0.000118648	0
0.000119834	0
0.000121033	0
0.000122243	0
0.000123465	0
0.0001247	0
0.000125947	0
0.000127206	0
0.000128478	0
0.000129763	0
0.000131061	0
0.000132372	0
0.000133695	0
0.000135032	0
0.000136383	0
0.000137746	0
0.000139124	0
0.000140515	0
0.00014192	0
0.000143339	0
0.000144773	0
0.000146221	0
0.000147683	0
0.00014916	0
0.000150651	0
0.000152158	0
0.000153679	0
0.000155216	0
0.000156768	0
0.000158336	0
0.000159919	0
0.000161518	0
0.000163134	0
0.000164765	0
0.000166413	0
0.000168077	0
0.000169757	0
0.000171455	0
0.00017317	0
0.000174901	0
0.00017665	0
0.000178417	0
0.000180201	0
0.000182003	0
0.000183823	0
0.000185661	0
0.000187518	0
0.000189393	0
0.000191287	0
0.0001932	0
0.000195132	0
0.000197083	0
0.000199054	0
0.000201045	0
0.000203055	0
0.000205086	0
0.000207136	0
0.000209208	0
0.0002113	0
0.000213413	0
0.000215547	0
0.000217702	0
0.000219879	0
0.000222078	0
0.000224299	0
0.000226542	0
0.000228807	0
0.000231095	0
0.000233406	0
0.000235741	0
0.000238098	0
0.000240479	0
0.000242884	0
0.000245313	0
0.000247766	0
0.000250243	0
0.000252746	0
0.000255273	0
0.000257826	0
0.000260404	0
0.000263008	0
0.000265638	0
0.000268295	0
0.000270978	0
0.000273687	0
0.000276424	0
0.000279189	0
0.00028198	0
0.0002848	0
0.000287648	0
0.000290525	0
0.00029343	0
0.000296364	0
0.000299328	0
0.000302321	0
0.000305344	0
0.000308398	0
0.000311482	0
0.000314597	0
0.000317743	0
0.00032092	0
0.000324129	0
0.00032737	0
0.000330644	0
0.000333951	0
0.00033729	0
0.000340663	0
0.00034407	0
0.00034751	0
0.000350985	0
0.000354495	0
0.00035804	0
0.000361621	0
0.000365237	0
0.000368889	0
0.000372578	0
0.000376304	0
0.000380067	0
0.000383868	0
0.000387706	0
0.000391583	0
0.000395499	0
0.000399454	0
0.000403449	0
0.000407483	0
0.000411558	0
0.000415674	0
0.00041983	0
0.000424029	0
0.000428269	0
0.000432552	0
0.000436877	0
0.000441246	0
0.000445658	0
0.000450115	0
0.000454616	0
0.000459162	0
0.000463754	0
0.000468391	0
0.000473075	0
0.000477806	0
0.000482584	0
0.00048741	0
0.000492284	0
0.000497207	0
0.000502179	0
0.000507201	0
0.000512273	0
0.000517396	0
0.00052257	0
0.000527795	0
0.000533073	0
0.000538404	0
0.000543788	0
0.000549226	0
0.000554718	0
0.000560265	0
0.000565868	0
0.000571527	0
0.000577242	0
0.000583014	0
0.000588844	0
0.000594733	0
0.00060068	0
0.000606687	0
0.000612754	0
0.000618881	0
0.00062507	0
0.000631321	0
0.000637634	0
0.000644011	0
0.000650451	0
0.000656955	0
0.000663525	0
0.00067016	0
0.000676862	0
0.00068363	0
0.000690466	0
0.000697371	0
0.000704345	0
0.000711388	0
0.000718502	0
0.000725687	0
0.000732944	0
0.000740273	0
0.000747676	0
0.000755153	0
0.000762705	0
0.000770332	0
0.000778035	0
0.000785815	0
0.000793673	0
0.00080161	0
0.000809626	0
0.000817722	0
0.0008259	0
0.000834159	0
0.0008425	0
0.000850925	0
0.000859435	0
0.000868029	0
0.000876709	0
0.000885476	0
0.000894331	0
0.000903274	0
0.000912307	0
0.00092143	0
0.000930644	0
0.000939951	0
0.00094935	0
0.000958844	0
0.000968432	0
0.000978117	0
0.000987898	0
0.000997777	0
0.00100775	0
0.00101783	0
0.00102801	0
0.00103829	0
0.00104867	0
0.00105916	0
0.00106975	0
0.00108045	0
0.00109125	0
0.00110217	0
0.00111319	0
0.00112432	0
0.00113556	0
0.00114692	0
0.00115839	0
0.00116997	0
0.00118167	0
0.00119349	0
0.00120542	0
0.00121748	0
0.00122965	0
0.00124195	0
0.00125437	0
0.00126691	0
0.00127958	0
0.00129238	0
0.0013053	0
0.00131835	0
0.00133154	0
0.00134485	0
0.0013583	0
0.00137188	0
0.0013856	0
0.00139946	0
0.00141345	0
0.00142759	0
0.00144186	0
0.00145628	0
0.00147085	0
0.00148555	0
0.00150041	0
0.00151541	0
0.00153057	0
0.00154587	0
0.00156133	0
0.00157695	0
0.00159271	0
0.00160864	0
0.00162473	0
0.00164098	0
0.00165739	0
0.00167396	0
0.0016907	0
0.00170761	0
0.00172468	0
0.00174193	0
0.00175935	0
0.00177694	0
0.00179471	0
0.00181266	0
0.00183078	0
0.00184909	0
0.00186758	0
0.00188626	0
0.00190512	0
0.00192417	0
0.00194341	0
0.00196285	0
0.00198248	0
0.0020023	0
0.00202232	0
0.00204255	0
0.00206297	0
0.0020836	0
0.00210444	0
0.00212548	0
0.00214674	0
0.00216821	0
0.00218989	0
0.00221179	0
0.0022339	0
0.00225624	0
0.00227881	0
0.00230159	0
0.00232461	0
0.00234786	0
0.00237134	0
0.00239505	0
0.002419	0
0.00244319	0
0.00246762	0
0.0024923	0
0.00251722	0
0.00254239	0
0.00256782	0
0.00259349	0
0.00261943	0
0.00264562	0
0.00267208	0
0.0026988	0
0.00272579	0
0.00275305	0
0.00278058	0
0.00280838	0
0.00283647	0
0.00286483	0
0.00289348	0
0.00292241	0
0.00295164	0
0.00298115	0
0.00301097	0
0.00304108	0
0.00307149	0
0.0031022	0
0.00313322	0
0.00316456	0
0.0031962	0
0.00322816	0
0.00326045	0
0.00329305	0
0.00332598	0
0.00335924	0
0.00339283	0
0.00342676	0
0.00346103	0
0.00349564	0
0.00353059	0
0.0035659	0
0.00360156	0
0.00363758	0
0.00367395	0
0.00371069	0
0.0037478	0
0.00378528	0
0.00382313	0
0.00386136	0
0.00389997	0
0.00393897	0
0.00397836	0
0.00401815	0
0.00405833	0
0.00409891	0
0.0041399	0
0.0041813	0
0.00422311	0
0.00426534	0
0.004308	0
0.00435108	0
0.00439459	0
0.00443853	0
0.00448292	0
0.00452775	0
0.00457303	0
0.00461876	0
0.00466494	0
0.00471159	0
0.00475871	0
0.0048063	0
0.00485436	0
0.0049029	0
0.00495193	0
0.00500145	0
0.00505146	0
0.00510198	0
0.005153	0
0.00520453	0
0.00525657	0
0.00530914	0
0.00536223	0
0.00541585	0
0.00547001	0
0.00552471	0
0.00557996	0
0.00563576	0
0.00569212	0
0.00574904	0
0.00580653	0
0.00586459	0
0.00592324	0
0.00598247	0
0.0060423	0
0.00610272	0
0.00616375	0
0.00622538	0
0.00628764	0
0.00635051	0
0.00641402	0
0.00647816	0
0.00654294	0
0.00660837	0
0.00667445	0
0.0067412	0
0.00680861	0
0.0068767	0
0.00694546	0
0.00701492	0
0.00708507	0
0.00715592	0
0.00722748	0
0.00729975	0
0.00737275	0
0.00744648	0
0.00752094	0
0.00759615	0
0.00767211	0
0.00774883	0
0.00782632	0
0.00790459	0
0.00798363	0
0.00806347	0
0.0081441	0
0.00822554	0
0.0083078	0
0.00839088	0
0.00847479	0
0.00855953	0
0.00864513	0
0.00873158	0
0.0088189	0
0.00890709	0
0.00899616	0
0.00908612	0
0.00917698	0
0.00926875	0
0.00936144	0
0.00945505	0
0.0095496	0
0.0096451	0
0.00974155	0
0.00983896	0
0.00993735	0
0.0100367	0
0.0101371	0
0.0102385	0
0.0103409	0
0.0104443	0
0.0105487	0
0.0106542	0
0.0107607	0
0.0108683	0
0.010977	0
0.0110868	0
0.0111977	0
0.0113096	0
0.0114227	0
0.011537	0
0.0116523	0
0.0117689	0
0.0118865	0
0.0120054	0
0.0121255	0
0.0122467	0
0.0123692	0
0.0124929	0
0.0126178	0
0.012744	0
0.0128714	0
0.0130001	0
0.0131301	0
0.0132614	0
0.0133941	0
0.013528	0
0.0136633	0
0.0137999	0
0.0139379	0
0.0140773	0
0.0142181	0
0.0143602	0
0.0145038	0
0.0146489	0
0.0147954	0
0.0149433	0
0.0150928	0
0.0152437	0
0.0153961	0
0.0155501	0
0.0157056	0
0.0158626	0
0.0160213	0
0.0161815	0
0.0163433	0
0.0165067	0
0.0166718	0
0.0168385	0
0.0170069	0
0.017177	0
0.0173487	0
0.0175222	0
0.0176974	0
0.0178744	0
0.0180532	0
0.0182337	0
0.018416	0
0.0186002	0
0.0187862	0
0.0189741	0
0.0191638	0
0.0193554	0
0.019549	0
0.0197445	0
0.0199419	0
0.0201413	0
0.0203427	0
0.0205462	0
0.0207516	0
0.0209592	0
0.0211687	0
0.0213804	0
0.0215942	0
0.0218102	0
0.0220283	0
0.0222486	0
0.0224711	0
0.0226958	0
0.0229227	0
0.0231519	0
0.0233835	0
0.0236173	0
0.0238535	0
0.024092	0
0.0243329	0
0.0245763	0
0.024822	0
0.0250702	0
0.0253209	0
0.0255742	0
0.0258299	0
0.0260882	0
0.0263491	0
0.0266126	0
0.0268787	0
0.0271475	0
0.027419	0
0.0276931	0
0.0279701	0
0.0282498	0
0.0285323	0
0.0288176	0
0.0291058	0
0.0293968	0
0.0296908	0
0.0299877	0
0.0302876	0
0.0305905	0
0.0308964	0
0.0312053	0
0.0315174	0
0.0318326	0
0.0321509	0
0.0324724	0
0.0327971	0
0.0331251	0
0.0334563	0
0.0337909	0
0.0341288	0
0.0344701	0
0.0348148	0
0.0351629	0
0.0355146	0
0.0358697	0
0.0362284	0
0.0365907	0
0.0369566	0
0.0373262	0
0.0376994	0
0.0380764	0
0.0384572	0
0.0388418	0
0.0392302	0
0.0396225	0
0.0400187	0
0.0404189	0
0.0408231	0
0.0412313	0
0.0416436	0
0.0420601	0
0.0424807	0
0.0429055	0
0.0433345	0
0.0437679	0
0.0442056	0
0.0446476	0
0.0450941	0
0.045545	0
0.0460005	0
0.0464605	0
0.0469251	0
0.0473943	0
0.0478683	0
0.048347	0
0.0488304	0
0.0493187	0
0.0498119	0
0.05031	0
0.0508131	0
0.0513213	0
0.0518345	0
0.0523528	0
0.0528764	0
0.0534051	0
0.0539392	0
0.0544786	0
0.0550234	0
0.0555736	0
0.0561293	0
0.0566906	0
0.0572575	0
0.0578301	0
0.0584084	0
0.0589925	0
0.0595824	0
0.0601782	0
0.06078	0
0.0613878	0
0.0620017	0
0.0626217	0
0.0632479	0
0.0638804	0
0.0645192	0
0.0651644	0
0.065816	0
0.0664742	0
0.0671389	0
0.0678103	0
0.0684884	0
0.0691733	0
0.0698651	0
0.0705637	0
0.0712693	0
0.071982	0
0.0727019	0
0.0734289	0
0.0741632	0
0.0749048	0
0.0756538	0
0.0764104	0
0.0771745	0
0.0779462	0
0.0787257	0
0.079513	0
0.0803081	0
0.0811112	0
0.0819223	0
0.0827415	0
0.0835689	0
0.0844046	0
0.0852486	0
0.0861011	0
0.0869621	0
0.0878318	0
0.0887101	0
0.0895972	0
0.0904932	0
0.0913981	0
0.0923121	0
0.0932352	0
0.0941675	0
0.0951092	0
0.0960603	0
0.0970209	0
0.0979911	0
0.098971	0
0.0999607	0
0.10096	0
0.10197	0
0.10299	0
0.10402	0
0.10506	0
0.10611	0
0.107171	0
0.108243	0
0.109326	0
0.110419	0
0.111523	0
0.112638	0
0.113765	0
0.114902	0
0.116051	0
0.117212	0
0.118384	0
0.119568	0
0.120763	0
0.121971	0
0.123191	0
0.124423	0
0.125667	0
0.126924	0
0.128193	0
0.129475	0
0.13077	0
0.132077	0
0.133398	0
0.134732	0
0.136079	0
0.13744	0
0.138814	0
0.140203	0
0.141605	0
0.143021	0
0.144451	0
0.145895	0
0.147354	0
0.148828	0
0.150316	0
0.151819	0
0.153338	0
0.154871	0
0.15642	0
0.157984	0
0.159564	0
0.161159	0
0.162771	0
0.164399	0
0.166043	0
0.167703	0
0.16938	0
0.171074	0
0.172785	0
0.174512	0
0.176258	0
0.17802	0
0.1798	0
0.181598	0
0.183414	0
0.185248	0
0.187101	0
0.188972	0
0.190862	0
0.19277	0
0.194698	0
0.196645	0
0.198611	0
0.200598	0
0.202604	0
0.20463	0
0.206676	0
0.208743	0
0.21083	0
0.212938	0
0.215068	0
0.217218	0
0.219391	0
0.221584	0
0.2238	0
0.226038	0
0.228299	0
0.230582	0
0.232888	0
0.235216	0
0.237569	0
0.239944	0
0.242344	0
0.244767	0
0.247215	0
0.249687	0
0.252184	0
0.254706	0
0.257253	0
0.259825	0
0.262423	0
0.265048	0
0.267698	0
0.270375	0
0.273079	0
0.27581	0
0.278568	0
0.281354	0
0.284167	0
0.287009	0
0.289879	0
0.292778	0
0.295705	0
0.298662	0
0.301649	0
0.304666	0
0.307712	0
0.310789	0
0.313897	0
0.317036	0
0.320207	0
0.323409	0
0.326643	0
0.329909	0
0.333208	0
0.33654	0
0.339906	0
0.343305	0
0.346738	0
0.350205	0
0.353707	0
0.357244	0
0.360817	0
0.364425	0
0.368069	0
0.37175	0
0.375467	0
0.379222	0
0.383014	0
0.386844	0
0.390713	0
0.39462	0
0.398566	0
0.402552	0
0.406577	0
0.410643	0
0.41475	0
0.418897	0
0.423086	0
0.427317	0
0.43159	0
0.435906	0
0.440265	0
0.444668	0
0.449114	0
0.453605	0
0.458142	0
0.462723	0
0.46735	0
0.472024	0
0.476744	0
0.481511	0
0.486326	0
0.49119	0
0.496102	0
0.501063	0
0.506073	0
0.511134	0
0.516245	0
0.521408	0
0.526622	0
0.531888	0
0.537207	0
0.542579	0
0.548005	0
0.553485	0
0.55902	0
0.56461	0
0.570256	0
0.575959	0
0.581718	0
0.587535	0
0.593411	0
0.599345	0
0.605338	0
0.611392	0
0.617506	0
0.623681	0
0.629917	0
0.636217	0
0.642579	0
0.649005	0
0.655495	0
0.66205	0
0.66867	0
0.675357	0
0.68211	0
0.688931	0
0.695821	0
0.702779	0
0.709807	0
0.716905	0
0.724074	0
0.731315	0
0.738628	-1.93688e+52
0.746014	-1.95504e+52
0.753474	-1.97335e+52
0.761009	-1.98959e+52
0.768619	-2.0082e+52
0.776305	-2.02698e+52
0.784068	-2.04591e+52
0.791909	-2.06245e+52
0.799828	-2.08169e+52
0.807826	-2.10109e+52
0.815905	-2.11777e+52
0.824064	-2.13748e+52
0.832304	-2.15736e+52
0.840627	-2.17415e+52
0.849034	-2.19434e+52
0.857524	-2.2147e+52
0.866099	-2.23158e+52
0.87476	-2.25225e+52
0.883508	-2.2731e+52
0.892343	-2.29003e+52
0.901266	-2.31119e+52
0.910279	-2.33253e+52
0.919382	-2.34947e+52
0.928575	-2.37113e+52
0.937861	-2.38792e+52
0.94724	-2.40989e+52
0.956712	-2.43204e+52
0.966279	-2.44877e+52
0.975942	-2.47124e+52
0.985702	-2.49389e+52
0.995559	-2.51052e+52
1.00551	-2.53348e+52
1.01557	-2.54983e+52
1.02572	-2.57311e+52
1.03598	-2.59658e+52
1.04634	-2.61273e+52
1.05681	-2.63651e+52
1.06737	-2.65228e+52
1.07805	-2.67637e+52
1.08883	-2.69172e+52
1.09972	-2.71612e+52
1.11071	-2.73099e+52
1.12182	-2.75568e+52
1.13304	-2.78057e+52
1.14437	-2.795e+52
1.15581	-2.82019e+52
1.16737	-2.83401e+52
1.17904	-2.85949e+52
1.19083	-2.87265e+52
1.20274	-2.89841e+52
1.21477	-2.91084e+52
1.22692	-2.93687e+52
1.23919	-2.94851e+52
1.25158	-2.9748e+52
1.2641	-2.98557e+52
1.27674	-3.01212e+52
1.2895	-3.02194e+52
1.3024	-3.03069e+52
1.31542	-3.05752e+52
1.32858	-3.06516e+52
1.34186	-3.09221e+52
1.35528	-3.09867e+52
1.36883	-3.12592e+52
1.38252	-3.13109e+52
1.39635	-3.1349e+52
1.41031	-3.16233e+52
1.42441	-3.16467e+52
1.43866	-3.19225e+52
1.45304	-3.19303e+52
1.46758	-3.19219e+52
1.48225	-3.21984e+52
1.49707	-3.21722e+52
1.51204	-3.21282e+52
1.52716	-3.24047e+52
1.54244	-3.23407e+52
1.55786	-3.22569e+52
1.57344	-3.25324e+52
1.58917	-3.24262e+52
1.60507	-3.22983e+52
1.62112	-3.21474e+52
1.63733	-3.24188e+52
1.6537	-3.22416e+52
1.67024	-3.20395e+52
1.68694	-3.18113e+52
1.70381	-3.20763e+52
1.72085	-3.18176e+52
1.73806	-3.15303e+52
1.75544	-3.12133e+52
1.77299	-3.14691e+52
1.79072	-3.11169e+52
1.80863	-3.07323e+52
1.82671	-3.0314e+52
1.84498	-2.98607e+52
1.86343	-2.93709e+52
1.88207	-2.88434e+52
1.90089	-2.907e+52
1.9199	-2.84969e+52
1.93909	-2.78829e+52
1.95848	-2.72263e+52
1.97807	-2.65259e+52
1.99785	-2.57797e+52
2.01783	-2.49867e+52
2.03801	-2.41448e+52
2.05839	-2.32523e+52
2.07897	-2.23076e+52
2.09976	-2.1309e+52
2.12076	-2.02545e+52
2.14197	-1.91424e+52
2.16339	-1.79706e+52
2.18502	-1.67373e+52
2.20687	-1.54405e+52
2.22894	-1.40782e+52
2.25123	-1.26477e+52
2.27374	-1.11475e+52
2.29648	-7.92439e+51
2.31944	-6.21849e+51
2.34264	-4.43444e+51
2.36606	-2.56984e+51
2.38972	-6.22129e+50
2.41362	1.41085e+51
2.43776	5.61187e+51
2.46213	7.89436e+51
2.48676	1.02719e+52
2.51162	1.27477e+52
2.53674	1.7752e+52
2.56211	2.05117e+52
2.58773	2.33805e+52
2.61361	2.63613e+52
2.63974	3.22737e+52
2.66614	3.55762e+52
2.6928	3.90026e+52
2.71973	4.57115e+52
2.74693	4.94909e+52
2.7744	5.68265e+52
2.80214	6.09871e+52
2.83016	6.89924e+52
2.85846	7.35613e+52
2.88705	7.82857e+52
2.91592	8.72837e+52
2.94508	9.24508e+52
2.97453	1.02229e+53
3.00427	1.12518e+53
3.03432	1.18473e+53
3.06466	1.29624e+53
3.0953	1.36107e+53
3.12626	1.48166e+53
3.15752	1.60822e+53
3.1891	1.68237e+53
3.22099	1.81892e+53
3.2532	1.96204e+53
3.28573	2.04639e+53
3.31859	2.2005e+53
3.35177	2.36173e+53
3.38529	2.53038e+53
3.41914	2.63061e+53
3.45333	2.81171e+53
3.48787	3.00089e+53
3.52275	3.1984e+53
3.55797	3.4045e+53
3.59355	3.61951e+53
3.62949	3.84366e+53
3.66578	3.97877e+53
3.70244	4.21844e+53
3.73947	4.46807e+53
3.77686	4.8381e+53
3.81463	5.11262e+53
3.85277	5.39822e+53
3.8913	5.69518e+53
3.93022	6.00378e+53
3.96952	6.32457e+53
4.00921	6.65778e+53
4.04931	7.00378e+53
4.0898	7.36292e+53
4.1307	7.88911e+53
4.172	8.28108e+53
4.21372	8.68748e+53
4.25586	9.10883e+53
4.29842	9.72289e+53
4.3414	1.01812e+54
4.38482	1.06559e+54
4.42867	1.13451e+54
4.47295	1.18603e+54
4.51768	1.26062e+54
4.56286	1.31645e+54
4.60849	1.39708e+54
4.65457	1.45749e+54
4.70112	1.54452e+54
4.74813	1.60979e+54
4.79561	1.7036e+54
4.84357	1.8015e+54
4.892	1.87504e+54
4.94092	1.98035e+54
4.99033	2.09012e+54
5.04023	2.17273e+54
5.09064	2.2906e+54
5.14154	2.41333e+54
5.19296	2.54104e+54
5.24489	2.67392e+54
5.29734	2.77423e+54
5.35031	2.91649e+54
5.40381	3.06436e+54
5.45785	3.21799e+54
5.51243	3.37755e+54
5.56755	3.54324e+54
5.62323	3.71522e+54
5.67946	3.94215e+54
5.73626	4.12897e+54
5.79362	4.32267e+54
5.85156	4.52348e+54
5.91007	4.73161e+54
5.96917	4.94722e+54
6.02886	5.2302e+54
6.08915	5.46344e+54
6.15004	5.70489e+54
6.21154	6.02091e+54
6.27366	6.28155e+54
6.3364	6.62208e+54
6.39976	6.90309e+54
6.46376	7.26957e+54
6.5284	7.57217e+54
6.59368	7.9661e+54
6.65962	8.29155e+54
6.72621	8.71449e+54
6.79347	9.06407e+54
6.86141	9.51767e+54
6.93002	9.9889e+54
6.99932	1.04783e+55
7.06932	1.08833e+55
7.14001	1.1407e+55
7.21141	1.19504e+55
7.28352	1.2514e+55
7.35636	1.30984e+55
7.42992	1.37043e+55
7.50422	1.43322e+55
7.57926	1.49827e+55
7.65506	1.56565e+55
7.73161	1.63542e+55
7.80892	1.70765e+55
7.88701	1.7824e+55
7.96588	1.87504e+55
8.04554	1.95552e+55
8.126	2.03875e+55
8.20726	2.12478e+55
8.28933	2.23112e+55
8.37222	2.32354e+55
8.45595	2.43761e+55
8.5405	2.53677e+55
8.62591	2.63916e+55
8.71217	2.76527e+55
8.79929	2.89608e+55
8.88728	3.00989e+55
8.97616	3.14974e+55
9.06592	3.27146e+55
9.15658	3.42087e+55
9.24814	3.57556e+55
9.34062	3.73575e+55
9.43403	3.87526e+55
9.52837	4.04606e+55
9.62365	4.22275e+55
9.71989	4.40552e+55
9.81709	4.59452e+55
9.91526	4.78991e+55
10.0144	4.99183e+55
10.1146	5.20049e+55
10.2157	5.41607e+55
10.3179	5.63872e+55
10.421	5.86861e+55
10.5252	6.1059e+55
10.6305	6.3886e+55
10.7368	6.6424e+55
10.8442	6.90421e+55
10.9526	7.17428e+55
11.0621	7.45298e+55
11.1728	7.7406e+55
11.2845	8.03744e+55
11.3973	8.34388e+55
11.5113	8.66025e+55
11.6264	8.98692e+55
11.7427	9.32424e+55
11.8601	9.6202e+55
11.9787	9.97833e+55
12.0985	1.03482e+56
12.2195	1.07302e+56
12.3417	1.10658e+56
12.4651	1.14716e+56
12.5898	1.18907e+56
12.7156	1.22592e+56
12.8428	1.27045e+56
12.9712	1.3096e+56
13.1009	1.3569e+56
13.232	1.39851e+56
13.3643	1.44876e+56
13.4979	1.50069e+56
13.6329	1.54639e+56
13.7692	1.60157e+56
13.9069	1.65014e+56
14.046	1.70878e+56
14.1864	1.76042e+56
14.3283	1.81354e+56
14.4716	1.87764e+56
14.6163	1.93411e+56
14.7625	2.00225e+56
14.9101	2.06229e+56
15.0592	2.13472e+56
15.2098	2.19857e+56
15.3619	2.26424e+56
15.5155	2.34345e+56
15.6707	2.41328e+56
15.8274	2.48512e+56
15.9856	2.57176e+56
16.1455	2.64815e+56
16.307	2.72675e+56
16.47	2.82151e+56
16.6347	2.9051e+56
16.8011	2.99109e+56
16.9691	3.09477e+56
17.1388	3.18623e+56
17.3102	3.28033e+56
17.4833	3.37713e+56
17.6581	3.49384e+56
17.8347	3.59681e+56
18.013	3.70275e+56
18.1932	3.81176e+56
18.3751	3.92393e+56
18.5588	4.05913e+56
18.7444	4.17843e+56
18.9319	4.30119e+56
19.1212	4.4275e+56
19.3124	4.55747e+56
19.5055	4.71413e+56
19.7006	4.85241e+56
19.8976	4.99469e+56
20.0966	5.1411e+56
20.2975	5.29175e+56
20.5005	5.44676e+56
20.7055	5.60628e+56
20.9126	5.79857e+56
21.1217	5.96831e+56
21.3329	6.14298e+56
21.5462	6.32273e+56
21.7617	6.50771e+56
21.9793	6.69806e+56
22.1991	6.89395e+56
22.4211	7.09555e+56
22.6453	7.30301e+56
22.8718	7.51652e+56
23.1005	7.73625e+56
23.3315	7.96239e+56
23.5648	8.19511e+56
23.8004	8.43462e+56
24.0384	8.68112e+56
24.2788	8.93482e+56
24.5216	9.19592e+56
24.7668	9.46464e+56
25.0145	9.74122e+56
25.2647	1.00259e+57
25.5173	1.03189e+57
25.7725	1.06204e+57
26.0302	1.09308e+57
26.2905	1.12502e+57
26.5534	1.15791e+57
26.8189	1.19175e+57
27.0871	1.22658e+57
27.358	1.26244e+57
27.6316	1.29934e+57
27.9079	1.33733e+57
28.187	1.37644e+57
28.4688	1.41669e+57
28.7535	1.45811e+57
29.0411	1.49346e+57
29.3315	1.53715e+57
29.6248	1.58211e+57
29.921	1.6284e+57
30.2202	1.67605e+57
30.5225	1.7251e+57
30.8277	1.7756e+57
31.136	1.81866e+57
31.4473	1.87191e+57
31.7618	1.92673e+57
32.0794	1.98316e+57
32.4002	2.04124e+57
32.7242	2.09078e+57
33.0514	2.15203e+57
33.382	2.21509e+57
33.7158	2.28001e+57
34.0529	2.34684e+57
34.3935	2.40382e+57
34.7374	2.47431e+57
35.0848	2.54688e+57
35.4356	2.62159e+57
35.79	2.68526e+57
36.1479	2.76404e+57
36.5094	2.84515e+57
36.8744	2.92866e+57
37.2432	2.99983e+57
37.6156	3.08788e+57
37.9918	3.17853e+57
38.3717	3.27186e+57
38.7554	3.35139e+57
39.143	3.44982e+57
39.5344	3.55116e+57
39.9297	3.63751e+57
40.329	3.74438e+57
40.7323	3.85442e+57
41.1397	3.94815e+57
41.551	4.0642e+57
41.9666	4.18367e+57
42.3862	4.28542e+57
42.8101	4.41141e+57
43.2382	4.54113e+57
43.6706	4.6516e+57
44.1073	4.7884e+57
44.5483	4.92923e+57
44.9938	5.04914e+57
45.4438	5.19766e+57
45.8982	5.35057e+57
46.3572	5.48074e+57
46.8208	5.64198e+57
47.289	5.77923e+57
47.7619	5.94926e+57
48.2395	6.12428e+57
48.7219	6.27326e+57
49.2091	6.45782e+57
49.7012	6.61489e+57
50.1982	6.8095e+57
50.7002	7.00983e+57
51.2072	7.1803e+57
51.7192	7.39152e+57
52.2364	7.57122e+57
52.7588	7.79391e+57
53.2864	7.98335e+57
53.8193	8.21812e+57
54.3574	8.45979e+57
54.901	8.66534e+57
55.45	8.92008e+57
56.0045	9.13675e+57
56.5646	9.40525e+57
57.1302	9.63361e+57
57.7015	9.91661e+57
58.2785	1.01573e+58
58.8613	1.04556e+58
59.4499	1.07625e+58
60.0444	1.10235e+58
60.6449	1.1347e+58
61.2513	1.1622e+58
61.8638	1.19629e+58
62.4825	1.22526e+58
63.1073	1.26117e+58
63.7384	1.2917e+58
64.3758	1.32953e+58
65.0195	1.36169e+58
65.6697	1.40154e+58
66.3264	1.43541e+58
66.9897	1.47738e+58
67.6596	1.51305e+58
68.3362	1.55725e+58
69.0195	1.59481e+58
69.7097	1.64136e+58
70.4068	1.6809e+58
71.1109	1.72991e+58
71.822	1.77154e+58
72.5402	1.82312e+58
73.2656	1.86694e+58
73.9983	1.92124e+58
74.7383	1.96736e+58
75.4857	2.02449e+58
76.2405	2.07301e+58
77.0029	2.13312e+58
77.7729	2.18418e+58
78.5507	2.24741e+58
79.3362	2.30112e+58
80.1295	2.36762e+58
80.9308	2.4241e+58
81.7401	2.49403e+58
82.5575	2.5659e+58
83.3831	2.62693e+58
84.217	2.70247e+58
85.0591	2.76662e+58
85.9097	2.84601e+58
86.7688	2.91342e+58
87.6365	2.99684e+58
88.5129	3.06766e+58
89.398	3.15527e+58
90.292	3.22965e+58
91.1949	3.32164e+58
92.1068	3.39975e+58
93.0279	3.49631e+58
93.9582	3.57832e+58
94.8978	3.67968e+58
95.8467	3.76572e+58
96.8052	3.87205e+58
97.7733	3.98117e+58
98.751	4.07383e+58
99.7385	4.18826e+58
100.736	4.28542e+58
101.743	4.40537e+58
102.761	4.5284e+58
103.788	4.63288e+58
104.826	4.76178e+58
105.874	4.87124e+58
106.933	5.00622e+58
108.003	5.14463e+58
109.083	5.26216e+58
110.173	5.40696e+58
111.275	5.55535e+58
112.388	5.68139e+58
113.512	5.83658e+58
114.647	5.99556e+58
115.793	6.13061e+58
116.951	6.29674e+58
118.121	6.46686e+58
119.302	6.61139e+58
120.495	6.78901e+58
121.7	6.97082e+58
122.917	7.15687e+58
124.146	7.31504e+58
125.388	7.50909e+58
126.641	7.7076e+58
127.908	7.91061e+58
129.187	8.1182e+58
130.479	8.29475e+58
131.784	8.51094e+58
133.101	8.73189e+58
134.432	8.95764e+58
135.777	9.18829e+58
137.135	9.42386e+58
138.506	9.66445e+58
139.891	9.91007e+58
141.29	1.01608e+59
142.703	1.04167e+59
144.13	1.06777e+59
145.571	1.09441e+59
147.027	1.12157e+59
148.497	1.14927e+59
149.982	1.1775e+59
151.482	1.20628e+59
152.997	1.23561e+59
154.527	1.26548e+59
156.072	1.2959e+59
157.633	1.32688e+59
159.209	1.3635e+59
160.801	1.39567e+59
162.409	1.4284e+59
164.033	1.46168e+59
165.673	1.50092e+59
167.33	1.5354e+59
169.003	1.57045e+59
170.694	1.61165e+59
172.4	1.64788e+59
174.124	1.69041e+59
175.866	1.72781e+59
177.624	1.77163e+59
179.401	1.8102e+59
181.195	1.85529e+59
183.007	1.89499e+59
184.837	1.94131e+59
186.685	1.98826e+59
188.552	2.02963e+59
190.437	2.07775e+59
192.342	2.12644e+59
194.265	2.17569e+59
196.208	2.22549e+59
198.17	2.26947e+59
200.152	2.32027e+59
202.153	2.37156e+59
204.175	2.42331e+59
206.216	2.4755e+59
208.279	2.53448e+59
210.361	2.58745e+59
212.465	2.64077e+59
214.59	2.69442e+59
216.735	2.74835e+59
218.903	2.80881e+59
221.092	2.86319e+59
223.303	2.92391e+59
225.536	2.97858e+59
227.791	3.03938e+59
230.069	3.09417e+59
232.37	3.15483e+59
234.693	3.2153e+59
237.04	3.2755e+59
239.411	3.33539e+59
241.805	3.39489e+59
244.223	3.45394e+59
246.665	3.5125e+59
249.132	3.57049e+59
251.623	3.63248e+59
254.139	3.68898e+59
256.681	3.74895e+59
259.248	3.80769e+59
261.84	3.86513e+59
264.458	3.92122e+59
267.103	3.97904e+59
269.774	4.03199e+59
272.472	4.08861e+59
275.197	4.1425e+59
277.949	4.19371e+59
280.728	4.24383e+59
283.535	4.29306e+59
286.371	4.33952e+59
289.234	4.38294e+59
292.127	4.41995e+59
295.048	4.4546e+59
297.998	4.48943e+59
300.978	4.52443e+59
303.988	4.5596e+59
307.028	4.59495e+59
310.098	4.63046e+59
313.199	4.66614e+59
316.331	4.70199e+59
319.495	4.73801e+59
322.69	4.77419e+59
325.917	4.81053e+59
329.176	4.84703e+59
332.467	4.88369e+59
335.792	4.92051e+59
339.15	4.95748e+59
342.542	4.99461e+59
345.967	5.03189e+59
349.427	5.06932e+59
352.921	5.10689e+59
356.45	5.14461e+59
360.015	5.18248e+59
363.615	5.22048e+59
367.251	5.25862e+59
370.923	5.2969e+59
374.633	5.33531e+59
378.379	5.37385e+59
382.163	5.41252e+59
385.984	5.45131e+59
389.844	5.49023e+59
393.743	5.52926e+59
397.68	5.56841e+59
401.657	5.60767e+59
405.673	5.64704e+59
409.73	5.68652e+59
413.827	5.7261e+59
417.966	5.76578e+59
422.145	5.80555e+59
426.367	5.84542e+59
430.631	5.88538e+59
434.937	5.92542e+59
439.286	5.96554e+59
443.679	6.00573e+59
448.116	6.046e+59
452.597	6.08634e+59
457.123	6.12674e+59
461.694	6.1672e+59
466.311	6.20771e+59
470.974	6.24828e+59
475.684	6.28889e+59
480.441	6.32954e+59
485.245	6.37023e+59
490.098	6.41094e+59
494.999	6.45169e+59
499.949	6.49245e+59
504.948	6.53322e+59
509.998	6.57401e+59
515.098	6.6148e+59
520.249	6.65559e+59
525.451	6.69637e+59
530.706	6.73714e+59
536.013	6.77788e+59
541.373	6.8186e+59
546.787	6.85929e+59
552.254	6.89994e+59
557.777	6.94055e+59
563.355	6.9811e+59
568.988	7.0216e+59
574.678	7.06203e+59
580.425	7.10239e+59
586.229	7.14267e+59
592.091	7.18286e+59
598.012	7.22296e+59
603.992	7.26296e+59
610.032	7.30285e+59
616.133	7.34263e+59
622.294	7.38228e+59
628.517	7.4218e+59
634.802	7.46118e+59
641.15	7.50041e+59
647.562	7.53949e+59
654.037	7.5784e+59
660.578	7.61714e+59
667.183	7.6557e+59
673.855	7.69406e+59
680.594	7.73223e+59
687.4	7.77019e+59
694.274	7.80794e+59
701.217	7.84546e+59
708.229	7.88274e+59
715.311	7.91978e+59
722.464	7.95657e+59
729.689	7.99309e+59
736.986	8.02934e+59
744.355	8.06531e+59
751.799	8.10098e+59
759.317	8.13635e+59
766.91	8.17141e+59
774.579	8.20614e+59
782.325	8.24054e+59
790.148	8.2746e+59
798.05	8.30831e+59
806.03	8.34165e+59
814.091	8.37461e+59
822.232	8.40719e+59
830.454	8.43937e+59
838.758	8.47114e+59
847.146	8.5025e+59
855.617	8.53342e+59
864.174	8.5639e+59
872.815	8.59394e+59
881.543	8.6235e+59
890.359	8.6526e+59
899.262	8.6812e+59
908.255	8.70931e+59
917.338	8.73691e+59
926.511	8.76399e+59
935.776	8.79054e+59
945.134	8.81654e+59
954.585	8.84199e+59
964.131	8.86687e+59
973.772	8.89117e+59
983.51	8.91489e+59
993.345	8.93799e+59
1003.28	8.96049e+59
1013.31	8.98236e+59
1023.44	9.00359e+59
1033.68	9.02417e+59
1044.02	9.04409e+59
1054.46	9.06333e+59
1065	9.08189e+59
1075.65	9.09976e+59
1086.41	9.11691e+59
1097.27	9.13335e+59
1108.24	9.14905e+59
1119.33	9.16401e+59
1130.52	9.17821e+59
1141.82	9.19165e+59
1153.24	9.20431e+59
1164.78	9.21618e+59
1176.42	9.22725e+59
1188.19	9.23751e+59
1200.07	9.24695e+59
1212.07	9.25555e+59
1224.19	9.26331e+59
1236.43	9.27022e+59
1248.8	9.27625e+59
1261.28	9.28142e+59
1273.9	9.28569e+59
1286.64	9.28907e+59
1299.5	9.29154e+59
1312.5	9.2931e+59
1325.62	9.29373e+59
1338.88	9.29342e+59
1352.27	9.29217e+59
1365.79	9.28996e+59
1379.45	9.28679e+59
1393.24	9.28265e+59
1407.18	9.27753e+59
1421.25	9.27142e+59
1435.46	9.26432e+59
1449.81	9.25621e+59
1464.31	9.24709e+59
1478.96	9.23695e+59
1493.75	9.22578e+59
1508.68	9.21359e+59
1523.77	9.20035e+59
1539.01	9.18607e+59
1554.4	9.17074e+59
1569.94	9.15436e+59
1585.64	9.13691e+59
1601.5	9.1184e+59
1617.51	9.09882e+59
1633.69	9.07817e+59
1650.02	9.05644e+59
1666.52	9.03363e+59
1683.19	9.00973e+59
1700.02	8.98475e+59
1717.02	8.95868e+59
1734.19	8.93153e+59
1751.53	8.90328e+59
1769.05	8.87394e+59
1786.74	8.84352e+59
1804.61	8.812e+59
1822.65	8.77938e+59
1840.88	8.74568e+59
1859.29	8.71089e+59
1877.88	8.67502e+59
1896.66	8.63806e+59
1915.63	8.60002e+59
1934.78	8.5609e+59
1954.13	8.52071e+59
1973.67	8.47945e+59
1993.41	8.43712e+59
2013.34	8.39374e+59
2033.48	8.3493e+59
2053.81	8.30382e+59
2074.35	8.2573e+59
2095.09	8.20974e+59
2116.04	8.16116e+59
2137.2	8.11157e+59
2158.58	8.06097e+59
2180.16	8.00937e+59
2201.96	7.95679e+59
2223.98	7.90323e+59
2246.22	7.84871e+59
2268.69	7.79324e+59
2291.37	7.73682e+59
2314.29	7.67948e+59
2337.43	7.62123e+59
2360.8	7.56208e+59
2384.41	7.50204e+59
2408.26	7.44113e+59
2432.34	7.37937e+59
2456.66	7.31677e+59
2481.23	7.25335e+59
2506.04	7.18913e+59
2531.1	7.12412e+59
2556.41	7.05835e+59
2581.98	6.99182e+59
2607.8	6.92457e+59
2633.87	6.8566e+59
2660.21	6.78795e+59
2686.81	6.71863e+59
2713.68	6.64866e+59
2740.82	6.57807e+59
2768.23	6.50687e+59
2795.91	6.43509e+59
2823.87	6.36275e+59
2852.11	6.28988e+59
2880.63	6.2165e+59
2909.43	6.14263e+59
2938.53	6.0683e+59
2967.91	5.99354e+59
2997.59	5.91836e+59
3027.57	5.84279e+59
3057.84	5.76687e+59
3088.42	5.69061e+59
3119.31	5.61404e+59
3150.5	5.5372e+59
3182.01	5.4601e+59
3213.83	5.38277e+59
3245.96	5.30524e+59
3278.42	5.22755e+59
3311.21	5.14971e+59
3344.32	5.07175e+59
3377.76	4.9937e+59
3411.54	4.9156e+59
3445.66	4.83746e+59
3480.11	4.75933e+59
3514.91	4.68121e+59
3550.06	4.60315e+59
3585.56	4.52517e+59
3621.42	4.4473e+59
3657.63	4.36957e+59
3694.21	4.29201e+59
3731.15	4.21464e+59
3768.46	4.13749e+59
3806.15	4.06059e+59
3844.21	3.98396e+59
3882.65	3.90765e+59
3921.48	3.83166e+59
3960.69	3.75603e+59
4000.3	3.68079e+59
4040.3	3.60595e+59
4080.71	3.53156e+59
4121.51	3.45762e+59
4162.73	3.38418e+59
4204.36	3.31124e+59
4246.4	3.23884e+59
4288.86	3.16701e+59
4331.75	3.09575e+59
4375.07	3.0251e+59
4418.82	2.95509e+59
4463.01	2.88572e+59
4507.64	2.81702e+59
4552.71	2.74902e+59
4598.24	2.68173e+59
4644.22	2.61517e+59
4690.67	2.54936e+59
4737.57	2.48433e+59
4784.95	2.42007e+59
4832.8	2.35663e+59
4881.13	2.294e+59
4929.94	2.23221e+59
4979.24	2.17126e+59
5029.03	2.11119e+59
5079.32	2.05198e+59
5130.11	1.99367e+59
5181.41	1.93626e+59
5233.23	1.87976e+59
5285.56	1.82418e+59
5338.42	1.76954e+59
5391.8	1.71583e+59
5445.72	1.66307e+59
5500.17	1.61127e+59
5555.18	1.56042e+59
5610.73	1.51055e+59
5666.84	1.46164e+59
5723.5	1.4137e+59
5780.74	1.36675e+59
5838.55	1.32077e+59
5896.93	1.27577e+59
5955.9	1.23175e+59
6015.46	1.18871e+59
6075.61	1.14665e+59
6136.37	1.10557e+59
6197.73	1.06546e+59
6259.71	1.02632e+59
6322.31	9.88153e+58
6385.53	9.50945e+58
6449.39	9.14694e+58
6513.88	8.79393e+58
6579.02	8.45036e+58
6644.81	8.11616e+58
6711.26	7.79123e+58
6778.37	7.4755e+58
6846.16	7.16887e+58
6914.62	6.87123e+58
6983.76	6.5825e+58
7053.6	6.30255e+58
7124.14	6.03128e+58
7195.38	5.76856e+58
7267.33	5.51427e+58
7340	5.26828e+58
7413.4	5.03046e+58
7487.54	4.80067e+58
7562.41	4.57878e+58
7638.04	4.36463e+58
7714.42	4.15809e+58
7791.56	3.95901e+58
7869.48	3.76723e+58
7948.17	3.5826e+58
8027.66	3.40497e+58
8107.93	3.23417e+58
8189.01	3.07005e+58
8270.9	2.91246e+58
8353.61	2.76122e+58
8437.15	2.61618e+58
8521.52	2.47717e+58
8606.73	2.34404e+58
8692.8	2.21661e+58
8779.73	2.09474e+58
8867.53	1.97824e+58
8956.2	1.86698e+58
9045.76	1.76078e+58
9136.22	1.65948e+58
9227.58	1.56293e+58
9319.86	1.47097e+58
9413.06	1.38345e+58
9507.19	1.30021e+58
9602.26	1.22109e+58
9698.28	1.14596e+58
9795.26	1.07467e+58
9893.22	1.00707e+58
9992.15	9.43009e+57
10092.1	8.82361e+57
10193	8.24984e+57
10294.9	7.70745e+57
10397.9	7.19513e+57
10501.8	6.7116e+57
10606.9	6.2556e+57
10712.9	5.82593e+57
10820.1	5.42138e+57
10928.3	5.04081e+57
11037.5	4.6831e+57
11147.9	4.34716e+57
11259.4	4.03193e+57
11372	3.73638e+57
11485.7	3.45954e+57
11600.6	3.20044e+57
11716.6	2.95816e+57
11833.7	2.73181e+57
11952.1	2.52053e+57
12071.6	2.32351e+57
12192.3	2.13994e+57
12314.2	1.96907e+57
12437.4	1.81016e+57
12561.8	1.66253e+57
12687.4	1.52549e+57
12814.3	1.39842e+57
12942.4	1.28069e+57
13071.8	1.17174e+57
13202.5	1.071e+57
13334.6	9.77959e+56
13467.9	8.92104e+56
13602.6	8.12964e+56
13738.6	7.40088e+56
13876	6.73051e+56
14014.8	6.11449e+56
14154.9	5.54902e+56
14296.5	5.03049e+56
14439.4	4.55554e+56
14583.8	4.12096e+56
14729.7	3.72377e+56
14876.9	3.36115e+56
15025.7	3.03046e+56
15176	2.72923e+56
15327.7	2.45515e+56
15481	2.20606e+56
15635.8	1.97994e+56
15792.2	1.77492e+56
15950.1	1.58925e+56
16109.6	1.42131e+56
16270.7	1.26958e+56
16433.4	1.13266e+56
16597.7	1.00928e+56
16763.7	8.98212e+55
16931.4	7.98368e+55
17100.7	7.08725e+55
17271.7	6.28343e+55
17444.4	5.56358e+55
17618.8	4.91979e+55
17795	4.34476e+55
17973	3.83184e+55
18152.7	3.37494e+55
18334.2	2.96849e+55
18517.6	2.60741e+55
18702.8	2.28709e+55
18889.8	2.00332e+55
19078.7	1.75228e+55
19269.5	1.53052e+55
19462.2	1.3349e+55
19656.8	1.16259e+55
19853.3	1.01104e+55
20051.9	8.77943e+54
20252.4	7.61227e+54
20454.9	6.5903e+54
20659.5	5.69683e+54
20866.1	4.91691e+54
21074.7	4.23715e+54
21285.5	3.64564e+54
21498.3	3.13172e+54
21713.3	2.68594e+54
21930.4	2.29989e+54
22149.8	1.9661e+54
22371.2	1.67799e+54
22595	1.42971e+54
22820.9	1.21611e+54
23049.1	1.03267e+54
23279.6	8.75388e+53
23512.4	7.40778e+53
23747.5	6.25769e+53
23985	5.27681e+53
24224.9	4.44173e+53
24467.1	3.73207e+53
24711.8	3.13008e+53
24958.9	2.62036e+53
25208.5	2.18957e+53
25460.6	1.82617e+53
25715.2	1.5202e+53
25972.3	1.26307e+53
26232	1.0474e+53
26494.4	8.66866e+52
26759.3	7.16034e+52
27026.9	5.90268e+52
27297.2	4.85615e+52
27570.1	3.98704e+52
27845.8	3.26677e+52
28124.3	2.67108e+52
28405.5	2.17944e+52
28689.6	1.77454e+52
28976.5	1.44178e+52
29266.3	1.16889e+52
29558.9	9.45592e+51
29854.5	7.6327e+51
30153.1	6.14736e+51
30454.6	4.93996e+51
30759.1	3.96073e+51
31066.7	3.16834e+51
31377.4	2.52863e+51
31691.2	2.01338e+51
32008.1	1.59934e+51
32328.2	1.26743e+51
32651.4	1.00198e+51
32978	7.90211e+50
33307.7	6.21671e+50
33640.8	4.87868e+50
33977.2	3.81907e+50
34317	2.98205e+50
34660.2	2.32254e+50
35006.8	1.80424e+50
35356.8	1.39796e+50
35710.4	1.08032e+50
36067.5	8.32637e+49
36428.2	6.40024e+49
36792.5	4.90636e+49
37160.4	3.7509e+49
37532	2.85964e+49
37907.3	2.17409e+49
38286.4	1.64823e+49
38669.3	1.24601e+49
39055.9	9.39245e+48
39446.5	7.05951e+48
39841	5.29051e+48
40239.4	3.95307e+48
40641.8	2.94491e+48
41048.2	2.18725e+48
41458.7	1.61957e+48
41873.3	1.19554e+48
42292	8.79782e+47
42714.9	6.4539e+47
43142.1	4.71945e+47
43573.5	3.44008e+47
44009.2	2.49942e+47
44449.3	1.81005e+47
44893.8	1.30649e+47
45342.7	9.39884e+46
45796.2	6.73875e+46
46254.1	4.81512e+46
46716.7	3.4288e+46
47183.8	2.43316e+46
47655.7	1.72059e+46
48132.2	1.2124e+46
48613.6	8.51257e+45
49099.7	5.95537e+45
49590.7	4.15119e+45
50086.6	2.88295e+45
50587.5	1.99474e+45
51093.3	1.375e+45
51604.3	9.44216e+44
52120.3	6.45916e+44
52641.5	4.40149e+44
53167.9	2.98762e+44
53699.6	2.01993e+44
54236.6	1.36024e+44
54779	9.12315e+43
55326.8	6.09408e+43
55880	4.05403e+43
56438.8	2.68574e+43
57003.2	1.77183e+43
57573.2	1.16397e+43
58149	7.61381e+42
58730.5	4.95895e+42
59317.8	3.21575e+42
59911	2.07617e+42
60510.1	1.33448e+42
61115.2	8.53906e+41
61726.3	5.43923e+41
62343.6	3.44885e+41
62967	2.17671e+41
63596.7	1.36741e+41
64232.6	8.54956e+40
64875	5.32009e+40
65523.7	3.2946e+40
66179	2.03037e+40
66840.8	1.24512e+40
67509.2	7.59792e+39
68184.3	4.61319e+39
68866.1	2.78682e+39
69554.8	1.67493e+39
70250.3	1.00148e+39
70952.8	5.95696e+38
71662.3	3.52467e+38
72379	2.07445e+38
73102.7	1.21438e+38
73833.8	7.07045e+37
74572.1	4.09413e+37
75317.8	2.35761e+37
76071	1.35006e+37
76831.7	7.68749e+36
77600	4.3525e+36
78376	2.45014e+36
79159.8	1.37125e+36
79951.4	7.62943e+35
80750.9	4.21978e+35
81558.4	2.31998e+35
82374	1.2678e+35
83197.7	6.88593e+34
84029.7	3.717e+34
84870	1.99395e+34
85718.7	1.06292e+34
86575.9	5.63019e+33
87441.7	2.96316e+33
88316.1	1.54942e+33
89199.2	8.04894e+32
90091.2	4.15367e+32
90992.1	2.12923e+32
91902.1	1.08413e+32
92821.1	5.48246e+31
93749.3	2.75346e+31
94686.8	1.37329e+31
95633.7	6.80132e+30
96590	3.34459e+30
97555.9	1.63297e+30
98531.5	7.91538e+29
99516.8	3.80881e+29
