5.29056e+12	1.84789e+20
7.05408e+12	1.84795e+20
8.8176e+12	1.84805e+20
1.05811e+13	1.84667e+20
1.23446e+13	1.84684e+20
1.41082e+13	1.84554e+20
1.58717e+13	1.84288e+20
1.76352e+13	1.84162e+20
1.93987e+13	1.84187e+20
2.11622e+13	1.84066e+20
2.29258e+13	1.84095e+20
2.46893e+13	1.8398e+20
2.64528e+13	1.83581e+20
2.82163e+13	1.8347e+20
2.99798e+13	1.83366e+20
3.17434e+13	1.83259e+20
3.35069e+13	1.8287e+20
3.52704e+13	1.82769e+20
3.70339e+13	1.8267e+20
3.87974e+13	1.82289e+20
4.0561e+13	1.82199e+20
4.23245e+13	1.81676e+20
4.4088e+13	1.81585e+20
4.58515e+13	1.81496e+20
4.7615e+13	1.80982e+20
4.93785e+13	1.80897e+20
5.11421e+13	1.80387e+20
5.29056e+13	1.80166e+20
5.46691e+13	1.79809e+20
5.64326e+13	1.79591e+20
5.81961e+13	1.79092e+20
5.99597e+13	1.79021e+20
6.17232e+13	1.78526e+20
6.34867e+13	1.78313e+20
6.52502e+13	1.77823e+20
6.70137e+13	1.77339e+20
6.87773e+13	1.77135e+20
7.05408e+13	1.76658e+20
7.23043e+13	1.76457e+20
7.40678e+13	1.75833e+20
7.58313e+13	1.75359e+20
7.75949e+13	1.75164e+20
7.93584e+13	1.74692e+20
8.11219e+13	1.74093e+20
8.28854e+13	1.73629e+20
8.46489e+13	1.73292e+20
8.64125e+13	1.72835e+20
8.8176e+13	1.72234e+20
8.99395e+13	1.71779e+20
9.1703e+13	1.71193e+20
9.34665e+13	1.70869e+20
9.52301e+13	1.70421e+20
9.69936e+13	1.69832e+20
9.87571e+13	1.69245e+20
1.00521e+14	1.68671e+20
1.02284e+14	1.68236e+20
1.04048e+14	1.67654e+20
1.05811e+14	1.67344e+20
1.07575e+14	1.66769e+20
1.09338e+14	1.66202e+20
1.11102e+14	1.65637e+20
1.12865e+14	1.65069e+20
1.14629e+14	1.64504e+20
1.16392e+14	1.63945e+20
1.18156e+14	1.63249e+20
1.19919e+14	1.6269e+20
1.21683e+14	1.62133e+20
1.23446e+14	1.6158e+20
1.2521e+14	1.60891e+20
1.26973e+14	1.60094e+20
1.28737e+14	1.59545e+20
1.305e+14	1.58864e+20
1.32264e+14	1.58323e+20
1.34027e+14	1.57782e+20
1.35791e+14	1.57107e+20
1.37555e+14	1.56572e+20
1.39318e+14	1.55903e+20
1.41082e+14	1.55121e+20
1.42845e+14	1.54458e+20
1.44609e+14	1.53793e+20
1.46372e+14	1.53267e+20
1.48136e+14	1.52605e+20
1.49899e+14	1.51842e+20
1.51663e+14	1.51188e+20
1.53426e+14	1.50532e+20
1.5519e+14	1.49882e+20
1.56953e+14	1.4913e+20
1.58717e+14	1.4848e+20
1.6048e+14	1.47832e+20
1.62244e+14	1.46954e+20
1.64007e+14	1.46448e+20
1.65771e+14	1.45808e+20
1.67534e+14	1.44933e+20
1.69298e+14	1.44304e+20
1.71061e+14	1.43667e+20
1.72825e+14	1.428e+20
1.74588e+14	1.42177e+20
1.76352e+14	1.41681e+20
1.78115e+14	1.40822e+20
1.79879e+14	1.40196e+20
1.81643e+14	1.39351e+20
1.83406e+14	1.3873e+20
1.8517e+14	1.37881e+20
1.86933e+14	1.37266e+20
1.88697e+14	1.36655e+20
1.9046e+14	1.35815e+20
1.92224e+14	1.35206e+20
1.93987e+14	1.34377e+20
1.95751e+14	1.33766e+20
1.97514e+14	1.32941e+20
1.99278e+14	1.32339e+20
2.01041e+14	1.31516e+20
2.02805e+14	1.30572e+20
2.04568e+14	1.29975e+20
2.06332e+14	1.29161e+20
2.08095e+14	1.28567e+20
2.09859e+14	1.27758e+20
2.11622e+14	1.27169e+20
2.13386e+14	1.26367e+20
2.15149e+14	1.25776e+20
2.16913e+14	1.24983e+20
2.18676e+14	1.24191e+20
2.2044e+14	1.23604e+20
2.22203e+14	1.22694e+20
2.23967e+14	1.21906e+20
2.25731e+14	1.21325e+20
2.27494e+14	1.20551e+20
2.29258e+14	1.19971e+20
2.31021e+14	1.19192e+20
2.32785e+14	1.18426e+20
2.34548e+14	1.17851e+20
2.36312e+14	1.16957e+20
2.38075e+14	1.16197e+20
2.39839e+14	1.15627e+20
2.41602e+14	1.14864e+20
2.43366e+14	1.14112e+20
2.45129e+14	1.13355e+20
2.46893e+14	1.12794e+20
2.48656e+14	1.12045e+20
2.5042e+14	1.11173e+20
2.52183e+14	1.10619e+20
2.53947e+14	1.09877e+20
2.5571e+14	1.09134e+20
2.57474e+14	1.08399e+20
2.59237e+14	1.07848e+20
2.61001e+14	1.07117e+20
2.62764e+14	1.06382e+20
2.64528e+14	1.05656e+20
2.66291e+14	1.05113e+20
2.68055e+14	1.04268e+20
2.69819e+14	1.03551e+20
2.71582e+14	1.0283e+20
2.73346e+14	1.02112e+20
2.75109e+14	1.0158e+20
2.76873e+14	1.00866e+20
2.78636e+14	1.00153e+20
2.804e+14	9.9452e+19
2.82163e+14	9.87454e+19
2.83927e+14	9.80446e+19
2.8569e+14	9.75171e+19
2.87454e+14	9.68173e+19
2.89217e+14	9.61241e+19
2.90981e+14	9.54328e+19
2.92744e+14	9.474e+19
2.94508e+14	9.40684e+19
2.96271e+14	9.3546e+19
2.98035e+14	9.28746e+19
2.99798e+14	9.21946e+19
3.01562e+14	9.15259e+19
3.03325e+14	9.08495e+19
3.05089e+14	9.01877e+19
3.06852e+14	8.95284e+19
3.08616e+14	8.9028e+19
3.10379e+14	8.83728e+19
3.12143e+14	8.77196e+19
3.13906e+14	8.7066e+19
3.1567e+14	8.64317e+19
3.17434e+14	8.57839e+19
3.19197e+14	8.5151e+19
3.20961e+14	8.45098e+19
3.22724e+14	8.38792e+19
3.24488e+14	8.32561e+19
3.26251e+14	8.27807e+19
3.28015e+14	8.21548e+19
3.29778e+14	8.15383e+19
3.31542e+14	8.09181e+19
3.33305e+14	8.03143e+19
3.35069e+14	7.97019e+19
3.36832e+14	7.90991e+19
3.38596e+14	7.85042e+19
3.40359e+14	7.78954e+19
3.42123e+14	7.73033e+19
3.43886e+14	7.67113e+19
3.4565e+14	7.61209e+19
3.47413e+14	7.55448e+19
3.49177e+14	7.5098e+19
3.5094e+14	7.45162e+19
3.52704e+14	7.39432e+19
3.54467e+14	7.33747e+19
3.56231e+14	7.27985e+19
3.57994e+14	7.22354e+19
3.59758e+14	7.16731e+19
3.61522e+14	7.11117e+19
3.63285e+14	7.05647e+19
3.65049e+14	7.00096e+19
3.66812e+14	6.94638e+19
3.68576e+14	6.89154e+19
3.70339e+14	6.83743e+19
3.72103e+14	6.78351e+19
3.73866e+14	6.73035e+19
3.7563e+14	6.6768e+19
3.77393e+14	6.62401e+19
3.79157e+14	6.57104e+19
3.8092e+14	6.51916e+19
3.82684e+14	6.46697e+19
3.84447e+14	6.41552e+19
3.86211e+14	6.37575e+19
3.87974e+14	6.32485e+19
3.89738e+14	6.27387e+19
3.91501e+14	6.22338e+19
3.93265e+14	6.17412e+19
3.95028e+14	6.12404e+19
3.96792e+14	6.0742e+19
3.98555e+14	6.02525e+19
4.00319e+14	5.97669e+19
4.02082e+14	5.92745e+19
4.03846e+14	5.87934e+19
4.0561e+14	5.83125e+19
4.07373e+14	5.78437e+19
4.09137e+14	5.73685e+19
4.109e+14	5.68959e+19
4.12664e+14	5.64338e+19
4.14427e+14	5.59623e+19
4.16191e+14	5.55041e+19
4.17954e+14	5.50477e+19
4.19718e+14	5.45913e+19
4.21481e+14	5.41408e+19
4.23245e+14	5.36885e+19
4.25008e+14	5.32379e+19
4.26772e+14	5.28026e+19
4.28535e+14	5.23555e+19
4.30299e+14	5.1924e+19
4.32062e+14	5.14899e+19
4.33826e+14	5.10596e+19
4.35589e+14	5.06313e+19
4.37353e+14	5.02024e+19
4.39116e+14	4.97784e+19
4.4088e+14	4.93564e+19
4.42643e+14	4.89435e+19
4.44407e+14	4.8623e+19
4.4617e+14	4.82113e+19
4.47934e+14	4.78038e+19
4.49698e+14	4.73906e+19
4.51461e+14	4.69869e+19
4.53225e+14	4.65913e+19
4.54988e+14	4.61914e+19
4.56752e+14	4.5793e+19
4.58515e+14	4.54032e+19
4.60279e+14	4.50104e+19
4.62042e+14	4.46235e+19
4.63806e+14	4.42327e+19
4.65569e+14	4.38522e+19
4.67333e+14	4.34712e+19
4.69096e+14	4.30954e+19
4.7086e+14	4.2726e+19
4.72623e+14	4.23504e+19
4.74387e+14	4.198e+19
4.7615e+14	4.16158e+19
4.77914e+14	4.12493e+19
4.79677e+14	4.08887e+19
4.81441e+14	4.05293e+19
4.83204e+14	4.02595e+19
4.84968e+14	3.99031e+19
4.86731e+14	3.95507e+19
4.88495e+14	3.91996e+19
4.90258e+14	3.88564e+19
4.92022e+14	3.85088e+19
4.93785e+14	3.81705e+19
4.95549e+14	3.78263e+19
4.97313e+14	3.74911e+19
4.99076e+14	3.71563e+19
5.0084e+14	3.6825e+19
5.02603e+14	3.64945e+19
5.04367e+14	3.61666e+19
5.0613e+14	3.58385e+19
5.07894e+14	3.55205e+19
5.09657e+14	3.52729e+19
5.11421e+14	3.49562e+19
5.13184e+14	3.46366e+19
5.14948e+14	3.43237e+19
5.16711e+14	3.40146e+19
5.18475e+14	3.37045e+19
5.20238e+14	3.33964e+19
5.22002e+14	3.30922e+19
5.23765e+14	3.27868e+19
5.25529e+14	3.24913e+19
5.27292e+14	3.21909e+19
5.29056e+14	3.19672e+19
5.30819e+14	3.16702e+19
5.32583e+14	3.13792e+19
5.34346e+14	3.10913e+19
5.3611e+14	3.08046e+19
5.37873e+14	3.05184e+19
5.39637e+14	3.02348e+19
5.41401e+14	2.99526e+19
5.43164e+14	2.96723e+19
5.44928e+14	2.94642e+19
5.46691e+14	2.91862e+19
5.48455e+14	2.89163e+19
5.50218e+14	2.86413e+19
5.51982e+14	2.83731e+19
5.53745e+14	2.81077e+19
5.55509e+14	2.78439e+19
5.57272e+14	2.76435e+19
5.59036e+14	2.73806e+19
5.60799e+14	2.71206e+19
5.62563e+14	2.68618e+19
5.64326e+14	2.66097e+19
5.6609e+14	2.63553e+19
5.67853e+14	2.61061e+19
5.69617e+14	2.59108e+19
5.7138e+14	2.56662e+19
5.73144e+14	2.5421e+19
5.74907e+14	2.5179e+19
5.76671e+14	2.49302e+19
5.78434e+14	2.46954e+19
5.80198e+14	2.45137e+19
5.81961e+14	2.42747e+19
5.83725e+14	2.40384e+19
5.85489e+14	2.38091e+19
5.87252e+14	2.35745e+19
5.89016e+14	2.34021e+19
5.90779e+14	2.31708e+19
5.92543e+14	2.29464e+19
5.94306e+14	2.27224e+19
5.9607e+14	2.2501e+19
5.97833e+14	2.23329e+19
5.99597e+14	2.21133e+19
6.0136e+14	2.18952e+19
6.03124e+14	2.16777e+19
6.04887e+14	2.14621e+19
6.06651e+14	2.13036e+19
6.08414e+14	2.10895e+19
6.10178e+14	2.08839e+19
6.11941e+14	2.06722e+19
6.13705e+14	2.05159e+19
6.15468e+14	2.03138e+19
6.17232e+14	2.0111e+19
6.18995e+14	1.99094e+19
6.20759e+14	1.97109e+19
6.22522e+14	1.95585e+19
6.24286e+14	1.93621e+19
6.26049e+14	1.91653e+19
6.27813e+14	1.89746e+19
6.29577e+14	1.88273e+19
6.3134e+14	1.86386e+19
6.33104e+14	1.84606e+19
6.34867e+14	1.82841e+19
6.36631e+14	1.81121e+19
6.38394e+14	1.79368e+19
6.40158e+14	1.77677e+19
6.41921e+14	1.7595e+19
6.43685e+14	1.7427e+19
6.45448e+14	1.72609e+19
6.47212e+14	1.71004e+19
6.48975e+14	1.69352e+19
6.50739e+14	1.67716e+19
6.52502e+14	1.6614e+19
6.54266e+14	1.64524e+19
6.56029e+14	1.62964e+19
6.57793e+14	1.6136e+19
6.59556e+14	1.5982e+19
6.6132e+14	1.58288e+19
6.63083e+14	1.56798e+19
6.64847e+14	1.55291e+19
6.6661e+14	1.53778e+19
6.68374e+14	1.52275e+19
6.70137e+14	1.50832e+19
6.71901e+14	1.49345e+19
6.73664e+14	1.47952e+19
6.75428e+14	1.46497e+19
6.77192e+14	1.45038e+19
6.78955e+14	1.43673e+19
6.80719e+14	1.42238e+19
6.82482e+14	1.40883e+19
6.84246e+14	1.39545e+19
6.86009e+14	1.38177e+19
6.87773e+14	1.36849e+19
6.89536e+14	1.35532e+19
6.913e+14	1.34188e+19
6.93063e+14	1.32887e+19
6.94827e+14	1.31588e+19
6.9659e+14	1.30304e+19
6.98354e+14	1.28992e+19
7.00117e+14	1.27764e+19
7.01881e+14	1.26496e+19
7.03644e+14	1.25283e+19
7.05408e+14	1.24037e+19
7.07171e+14	1.22836e+19
7.08935e+14	1.2164e+19
7.10698e+14	1.20415e+19
7.12462e+14	1.19237e+19
7.14225e+14	1.18062e+19
7.15989e+14	1.1693e+19
7.17752e+14	1.15773e+19
7.19516e+14	1.14619e+19
7.2128e+14	1.13522e+19
7.23043e+14	1.12411e+19
7.24807e+14	1.11277e+19
7.2657e+14	1.102e+19
7.28334e+14	1.09109e+19
7.30097e+14	1.08035e+19
7.31861e+14	1.06966e+19
7.33624e+14	1.05904e+19
7.35388e+14	1.04883e+19
7.37151e+14	1.03801e+19
7.38915e+14	1.02786e+19
7.40678e+14	1.01755e+19
7.42442e+14	1.00757e+19
7.44205e+14	9.9762e+18
7.45969e+14	9.87495e+18
7.47732e+14	9.78075e+18
7.49496e+14	9.68287e+18
7.51259e+14	9.58611e+18
7.53023e+14	9.49358e+18
7.54786e+14	9.39795e+18
7.5655e+14	9.30358e+18
7.58313e+14	9.20908e+18
7.60077e+14	9.11892e+18
7.6184e+14	9.02876e+18
7.63604e+14	8.936e+18
7.65368e+14	8.84972e+18
7.67131e+14	8.76129e+18
7.68895e+14	8.67372e+18
7.70658e+14	8.58663e+18
7.72422e+14	8.49976e+18
7.74185e+14	8.41429e+18
7.75949e+14	8.33076e+18
7.77712e+14	8.24883e+18
7.79476e+14	8.16444e+18
7.81239e+14	8.08285e+18
7.83003e+14	8.00253e+18
7.84766e+14	7.92189e+18
7.8653e+14	7.84285e+18
7.88293e+14	7.76408e+18
7.90057e+14	7.68494e+18
7.9182e+14	7.6095e+18
7.93584e+14	7.53211e+18
7.95347e+14	7.4576e+18
7.97111e+14	7.3815e+18
7.98874e+14	7.30762e+18
8.00638e+14	7.23456e+18
8.02401e+14	7.16184e+18
8.04165e+14	7.0873e+18
8.05928e+14	7.01551e+18
8.07692e+14	6.94733e+18
8.09456e+14	6.87655e+18
8.11219e+14	6.80571e+18
8.12983e+14	6.73886e+18
8.14746e+14	6.67233e+18
8.1651e+14	6.6028e+18
8.18273e+14	6.53684e+18
8.20037e+14	6.46882e+18
8.218e+14	6.4037e+18
8.23564e+14	6.33894e+18
8.25327e+14	6.27516e+18
8.27091e+14	6.21118e+18
8.28854e+14	6.14773e+18
8.30618e+14	6.08695e+18
8.32381e+14	6.02416e+18
8.34145e+14	5.96171e+18
8.35908e+14	5.90502e+18
8.37672e+14	5.84338e+18
8.39435e+14	5.78221e+18
8.41199e+14	5.72623e+18
8.42962e+14	5.66603e+18
8.44726e+14	5.61047e+18
8.46489e+14	5.55095e+18
8.48253e+14	5.4964e+18
8.50016e+14	5.44026e+18
8.5178e+14	5.38351e+18
8.53543e+14	5.32987e+18
8.55307e+14	5.27476e+18
8.57071e+14	5.22184e+18
8.58834e+14	5.16924e+18
8.60598e+14	5.1151e+18
8.62361e+14	5.06321e+18
8.64125e+14	5.01128e+18
8.65888e+14	4.95993e+18
8.67652e+14	4.90901e+18
8.69415e+14	4.86072e+18
8.71179e+14	4.8103e+18
8.72942e+14	4.7629e+18
8.74706e+14	4.71292e+18
8.76469e+14	4.66612e+18
8.78233e+14	4.61694e+18
8.79996e+14	4.57044e+18
8.8176e+14	4.52172e+18
8.83523e+14	4.47626e+18
8.85287e+14	4.43067e+18
8.8705e+14	4.38535e+18
8.88814e+14	4.34068e+18
8.90577e+14	4.29478e+18
8.92341e+14	4.25029e+18
8.94104e+14	4.20635e+18
8.95868e+14	4.16641e+18
8.97631e+14	4.12275e+18
8.99395e+14	4.0796e+18
9.01159e+14	4.03799e+18
9.02922e+14	3.99511e+18
9.04686e+14	3.95621e+18
9.06449e+14	3.91414e+18
9.08213e+14	3.87593e+18
9.09976e+14	3.83411e+18
9.1174e+14	3.79641e+18
9.13503e+14	3.75652e+18
9.15267e+14	3.71786e+18
9.1703e+14	3.6808e+18
9.18794e+14	3.64152e+18
9.20557e+14	3.60378e+18
9.22321e+14	3.56742e+18
9.24084e+14	3.5311e+18
9.25848e+14	3.49516e+18
9.27611e+14	3.45949e+18
9.29375e+14	3.42274e+18
9.31138e+14	3.3873e+18
9.32902e+14	3.35231e+18
9.34665e+14	3.31751e+18
9.36429e+14	3.28496e+18
9.38192e+14	3.2506e+18
9.39956e+14	3.21641e+18
9.41719e+14	3.1823e+18
9.43483e+14	3.15059e+18
9.45247e+14	3.11823e+18
9.4701e+14	3.08689e+18
9.48774e+14	3.0536e+18
9.50537e+14	3.02265e+18
9.52301e+14	2.99225e+18
9.54064e+14	2.9596e+18
9.55828e+14	2.93019e+18
9.57591e+14	2.90033e+18
9.59355e+14	2.87035e+18
9.61118e+14	2.8415e+18
9.62882e+14	2.81199e+18
9.64645e+14	2.78364e+18
9.66409e+14	2.75441e+18
9.68172e+14	2.72535e+18
9.69936e+14	2.69753e+18
9.71699e+14	2.66898e+18
9.73463e+14	2.64133e+18
9.75226e+14	2.61402e+18
9.7699e+14	2.58784e+18
9.78753e+14	2.56086e+18
9.80517e+14	2.53303e+18
9.8228e+14	2.50834e+18
9.84044e+14	2.48187e+18
9.85807e+14	2.45647e+18
9.87571e+14	2.43032e+18
9.89335e+14	2.40612e+18
9.91098e+14	2.38025e+18
9.92862e+14	2.35635e+18
9.94625e+14	2.33267e+18
9.96389e+14	2.3064e+18
9.98152e+14	2.28304e+18
9.99916e+14	2.25985e+18
1.00168e+15	2.23665e+18
1.00344e+15	2.21363e+18
1.00521e+15	2.19084e+18
1.00697e+15	2.16821e+18
1.00873e+15	2.14559e+18
1.0105e+15	2.12314e+18
1.01226e+15	2.10102e+18
1.01402e+15	2.07956e+18
1.01579e+15	2.0575e+18
1.01755e+15	2.03735e+18
1.01931e+15	2.01579e+18
1.02108e+15	1.99414e+18
1.02284e+15	1.97505e+18
1.0246e+15	1.95369e+18
1.02637e+15	1.93264e+18
1.02813e+15	1.91324e+18
1.0299e+15	1.89465e+18
1.03166e+15	1.87389e+18
1.03342e+15	1.8556e+18
1.03519e+15	1.83499e+18
1.03695e+15	1.8162e+18
1.03871e+15	1.79825e+18
1.04048e+15	1.77813e+18
1.04224e+15	1.76032e+18
1.044e+15	1.7426e+18
1.04577e+15	1.72448e+18
1.04753e+15	1.70708e+18
1.04929e+15	1.68909e+18
1.05106e+15	1.67191e+18
1.05282e+15	1.65473e+18
1.05458e+15	1.63717e+18
1.05635e+15	1.62022e+18
1.05811e+15	1.60345e+18
1.05988e+15	1.58611e+18
1.06164e+15	1.56956e+18
1.0634e+15	1.55457e+18
1.06517e+15	1.53819e+18
1.06693e+15	1.52185e+18
1.06869e+15	1.50715e+18
1.07046e+15	1.49107e+18
1.07222e+15	1.47455e+18
1.07398e+15	1.46014e+18
1.07575e+15	1.44428e+18
1.07751e+15	1.43012e+18
1.07927e+15	1.41452e+18
1.08104e+15	1.40044e+18
1.0828e+15	1.38646e+18
1.08456e+15	1.37166e+18
1.08633e+15	1.35793e+18
1.08809e+15	1.34419e+18
1.08986e+15	1.33054e+18
1.09162e+15	1.31552e+18
1.09338e+15	1.30218e+18
1.09515e+15	1.28927e+18
1.09691e+15	1.27595e+18
1.09867e+15	1.26272e+18
1.10044e+15	1.2497e+18
1.1022e+15	1.2371e+18
1.10396e+15	1.2241e+18
1.10573e+15	1.2112e+18
1.10749e+15	1.19889e+18
1.10925e+15	1.1862e+18
1.11102e+15	1.17351e+18
1.11278e+15	1.16274e+18
1.11454e+15	1.15028e+18
1.11631e+15	1.13834e+18
1.11807e+15	1.12597e+18
1.11983e+15	1.1149e+18
1.1216e+15	1.10329e+18
1.12336e+15	1.09208e+18
1.12513e+15	1.08102e+18
1.12689e+15	1.06954e+18
1.12865e+15	1.05869e+18
1.13042e+15	1.04755e+18
1.13218e+15	1.03695e+18
1.13394e+15	1.02635e+18
1.13571e+15	1.01548e+18
1.13747e+15	1.00525e+18
1.13923e+15	9.94909e+17
1.141e+15	9.84804e+17
1.14276e+15	9.74702e+17
1.14452e+15	9.64484e+17
1.14629e+15	9.54629e+17
1.14805e+15	9.4484e+17
1.14981e+15	9.35165e+17
1.15158e+15	9.25613e+17
1.15334e+15	9.16172e+17
1.15511e+15	9.06733e+17
1.15687e+15	8.97359e+17
1.15863e+15	8.88215e+17
1.1604e+15	8.78777e+17
1.16216e+15	8.69807e+17
1.16392e+15	8.61117e+17
1.16569e+15	8.52254e+17
1.16745e+15	8.4349e+17
1.16921e+15	8.34903e+17
1.17098e+15	8.26318e+17
1.17274e+15	8.17791e+17
1.1745e+15	8.0931e+17
1.17627e+15	8.00972e+17
1.17803e+15	7.92709e+17
1.17979e+15	7.84804e+17
1.18156e+15	7.76755e+17
1.18332e+15	7.68646e+17
1.18509e+15	7.60778e+17
1.18685e+15	7.53181e+17
1.18861e+15	7.45437e+17
1.19038e+15	7.37624e+17
1.19214e+15	7.30306e+17
1.1939e+15	7.22746e+17
1.19567e+15	7.15299e+17
1.19743e+15	7.08178e+17
1.19919e+15	7.00711e+17
1.20096e+15	6.9383e+17
1.20272e+15	6.86588e+17
1.20448e+15	6.7975e+17
1.20625e+15	6.72674e+17
1.20801e+15	6.65909e+17
1.20977e+15	6.58954e+17
1.21154e+15	6.52374e+17
1.2133e+15	6.45609e+17
1.21507e+15	6.39108e+17
1.21683e+15	6.32389e+17
1.21859e+15	6.26103e+17
1.22036e+15	6.19823e+17
1.22212e+15	6.13356e+17
1.22388e+15	6.07151e+17
1.22565e+15	6.01081e+17
1.22741e+15	5.94836e+17
1.22917e+15	5.88837e+17
1.23094e+15	5.82882e+17
1.2327e+15	5.76741e+17
1.23446e+15	5.70949e+17
1.23623e+15	5.65224e+17
1.23799e+15	5.59499e+17
1.23975e+15	5.53804e+17
1.24152e+15	5.48281e+17
1.24328e+15	5.42523e+17
1.24504e+15	5.37059e+17
1.24681e+15	5.31605e+17
1.24857e+15	5.26269e+17
1.25034e+15	5.20872e+17
1.2521e+15	5.15626e+17
1.25386e+15	5.10421e+17
1.25563e+15	5.05304e+17
1.25739e+15	5.00127e+17
1.25915e+15	4.95074e+17
1.26092e+15	4.90047e+17
1.26268e+15	4.85105e+17
1.26444e+15	4.80145e+17
1.26621e+15	4.75302e+17
1.26797e+15	4.70487e+17
1.26973e+15	4.65698e+17
1.2715e+15	4.60991e+17
1.27326e+15	4.56453e+17
1.27502e+15	4.51841e+17
1.27679e+15	4.47256e+17
1.27855e+15	4.42696e+17
1.28032e+15	4.38171e+17
1.28208e+15	4.33712e+17
1.28384e+15	4.29507e+17
1.28561e+15	4.25143e+17
1.28737e+15	4.20803e+17
1.28913e+15	4.16491e+17
1.2909e+15	4.12403e+17
1.29266e+15	4.08249e+17
1.29442e+15	4.04012e+17
1.29619e+15	4.00058e+17
1.29795e+15	3.95955e+17
1.29971e+15	3.9213e+17
1.30148e+15	3.88097e+17
1.30324e+15	3.8415e+17
1.305e+15	3.80412e+17
1.30677e+15	3.76511e+17
1.30853e+15	3.72793e+17
1.3103e+15	3.68935e+17
1.31206e+15	3.65366e+17
1.31382e+15	3.61554e+17
1.31559e+15	3.58026e+17
1.31735e+15	3.54341e+17
1.31911e+15	3.50913e+17
1.32088e+15	3.4729e+17
1.32264e+15	3.43898e+17
1.3244e+15	3.40297e+17
1.32617e+15	3.36968e+17
1.32793e+15	3.33639e+17
1.32969e+15	3.30258e+17
1.33146e+15	3.26985e+17
1.33322e+15	3.23785e+17
1.33498e+15	3.20463e+17
1.33675e+15	3.17229e+17
1.33851e+15	3.14181e+17
1.34027e+15	3.10919e+17
1.34204e+15	3.07832e+17
1.3438e+15	3.04816e+17
1.34557e+15	3.01823e+17
1.34733e+15	2.98637e+17
1.34909e+15	2.95767e+17
1.35086e+15	2.92822e+17
1.35262e+15	2.89913e+17
1.35438e+15	2.87076e+17
1.35615e+15	2.84184e+17
1.35791e+15	2.8125e+17
1.35967e+15	2.78463e+17
1.36144e+15	2.75708e+17
1.3632e+15	2.73037e+17
1.36496e+15	2.70297e+17
1.36673e+15	2.67646e+17
1.36849e+15	2.64939e+17
1.37025e+15	2.62313e+17
1.37202e+15	2.59707e+17
1.37378e+15	2.5713e+17
1.37555e+15	2.54632e+17
1.37731e+15	2.52071e+17
1.37907e+15	2.49593e+17
1.38084e+15	2.47125e+17
1.3826e+15	2.44607e+17
1.38436e+15	2.42241e+17
1.38613e+15	2.3984e+17
1.38789e+15	2.37433e+17
1.38965e+15	2.35039e+17
1.39142e+15	2.32722e+17
1.39318e+15	2.30532e+17
1.39494e+15	2.28242e+17
1.39671e+15	2.25967e+17
1.39847e+15	2.2373e+17
1.40023e+15	2.2148e+17
1.402e+15	2.19246e+17
1.40376e+15	2.17191e+17
1.40553e+15	2.15044e+17
1.40729e+15	2.12847e+17
1.40905e+15	2.10735e+17
1.41082e+15	2.08726e+17
1.41258e+15	2.06642e+17
1.41434e+15	2.04618e+17
1.41611e+15	2.02643e+17
1.41787e+15	2.00643e+17
1.41963e+15	1.98593e+17
1.4214e+15	1.96721e+17
1.42316e+15	1.94758e+17
1.42492e+15	1.92815e+17
1.42669e+15	1.90964e+17
1.42845e+15	1.89096e+17
1.43021e+15	1.87175e+17
1.43198e+15	1.85417e+17
1.43374e+15	1.83527e+17
1.4355e+15	1.81789e+17
1.43727e+15	1.7997e+17
1.43903e+15	1.78261e+17
1.4408e+15	1.76464e+17
1.44256e+15	1.74765e+17
1.44432e+15	1.73048e+17
1.44609e+15	1.71374e+17
1.44785e+15	1.69678e+17
1.44961e+15	1.68013e+17
1.45138e+15	1.66336e+17
1.45314e+15	1.64757e+17
1.4549e+15	1.631e+17
1.45667e+15	1.61528e+17
1.45843e+15	1.60026e+17
1.46019e+15	1.58403e+17
1.46196e+15	1.56857e+17
1.46372e+15	1.55379e+17
1.46548e+15	1.53831e+17
1.46725e+15	1.52322e+17
1.46901e+15	1.50865e+17
1.47078e+15	1.49346e+17
1.47254e+15	1.47915e+17
1.4743e+15	1.46541e+17
1.47607e+15	1.45044e+17
1.47783e+15	1.4363e+17
1.47959e+15	1.42277e+17
1.48136e+15	1.40932e+17
1.48312e+15	1.39477e+17
1.48488e+15	1.38147e+17
1.48665e+15	1.36832e+17
1.48841e+15	1.35515e+17
1.49017e+15	1.34208e+17
1.49194e+15	1.32839e+17
1.4937e+15	1.31599e+17
1.49546e+15	1.30311e+17
1.49723e+15	1.29089e+17
1.49899e+15	1.27818e+17
1.50076e+15	1.2661e+17
1.50252e+15	1.25402e+17
1.50428e+15	1.24138e+17
1.50605e+15	1.22943e+17
1.50781e+15	1.21757e+17
1.50957e+15	1.20575e+17
1.51134e+15	1.19402e+17
1.5131e+15	1.1824e+17
1.51486e+15	1.17134e+17
1.51663e+15	1.1598e+17
1.51839e+15	1.14879e+17
1.52015e+15	1.13787e+17
1.52192e+15	1.127e+17
1.52368e+15	1.11569e+17
1.52544e+15	1.10494e+17
1.52721e+15	1.09473e+17
1.52897e+15	1.08421e+17
1.53074e+15	1.07365e+17
1.5325e+15	1.06312e+17
1.53426e+15	1.05369e+17
1.53603e+15	1.04328e+17
1.53779e+15	1.03341e+17
1.53955e+15	1.02313e+17
1.54132e+15	1.01335e+17
1.54308e+15	1.00369e+17
1.54484e+15	9.94097e+16
1.54661e+15	9.84491e+16
1.54837e+15	9.75442e+16
1.55013e+15	9.65951e+16
1.5519e+15	9.56501e+16
1.55366e+15	9.47561e+16
1.55542e+15	9.38229e+16
1.55719e+15	9.29418e+16
1.55895e+15	9.20672e+16
1.56071e+15	9.1194e+16
1.56248e+15	9.02843e+16
1.56424e+15	8.9467e+16
1.56601e+15	8.86074e+16
1.56777e+15	8.77519e+16
1.56953e+15	8.69014e+16
1.5713e+15	8.61025e+16
1.57306e+15	8.52611e+16
1.57482e+15	8.44283e+16
1.57659e+15	8.36853e+16
1.57835e+15	8.28575e+16
1.58011e+15	8.20816e+16
1.58188e+15	8.13072e+16
1.58364e+15	8.05355e+16
1.5854e+15	7.97685e+16
1.58717e+15	7.90053e+16
1.58893e+15	7.82475e+16
1.59069e+15	7.75381e+16
1.59246e+15	7.67874e+16
1.59422e+15	7.6083e+16
1.59599e+15	7.53404e+16
1.59775e+15	7.46463e+16
1.59951e+15	7.39123e+16
1.60128e+15	7.3182e+16
1.60304e+15	7.2536e+16
1.6048e+15	7.18136e+16
1.60657e+15	7.11791e+16
1.60833e+15	7.0464e+16
1.61009e+15	6.98316e+16
1.61186e+15	6.91656e+16
1.61362e+15	6.85002e+16
1.61538e+15	6.78813e+16
1.61715e+15	6.72256e+16
1.61891e+15	6.66097e+16
1.62067e+15	6.59607e+16
1.62244e+15	6.53515e+16
1.6242e+15	6.47139e+16
1.62597e+15	6.41112e+16
1.62773e+15	6.35495e+16
1.62949e+15	6.29188e+16
1.63126e+15	6.23255e+16
1.63302e+15	6.1739e+16
1.63478e+15	6.11551e+16
1.63655e+15	6.06091e+16
1.63831e+15	6.00321e+16
1.64007e+15	5.94542e+16
1.64184e+15	5.89195e+16
1.6436e+15	5.83528e+16
1.64536e+15	5.78204e+16
1.64713e+15	5.72912e+16
1.64889e+15	5.67655e+16
1.65065e+15	5.62102e+16
1.65242e+15	5.56893e+16
1.65418e+15	5.51736e+16
1.65594e+15	5.46281e+16
1.65771e+15	5.41156e+16
1.65947e+15	5.36442e+16
1.66124e+15	5.31369e+16
1.663e+15	5.26031e+16
1.66476e+15	5.21363e+16
1.66653e+15	5.1637e+16
1.66829e+15	5.11755e+16
1.67005e+15	5.0717e+16
1.67182e+15	5.01967e+16
1.67358e+15	4.97425e+16
1.67534e+15	4.92929e+16
1.67711e+15	4.88441e+16
1.67887e+15	4.83994e+16
1.68063e+15	4.79545e+16
1.6824e+15	4.7512e+16
1.68416e+15	4.70454e+16
1.68592e+15	4.66073e+16
1.68769e+15	4.61719e+16
1.68945e+15	4.57388e+16
1.69122e+15	4.53086e+16
1.69298e+15	4.49131e+16
1.69474e+15	4.44864e+16
1.69651e+15	4.40645e+16
1.69827e+15	4.36781e+16
1.70003e+15	4.32583e+16
1.7018e+15	4.28733e+16
1.70356e+15	4.24902e+16
1.70532e+15	4.20772e+16
1.70709e+15	4.16981e+16
1.70885e+15	4.13211e+16
1.71061e+15	4.09142e+16
1.71238e+15	4.05418e+16
1.71414e+15	4.01708e+16
1.7159e+15	3.98015e+16
1.71767e+15	3.94383e+16
1.71943e+15	3.90731e+16
1.7212e+15	3.87104e+16
1.72296e+15	3.8349e+16
1.72472e+15	3.79893e+16
1.72649e+15	3.76625e+16
1.72825e+15	3.73073e+16
1.73001e+15	3.69535e+16
1.73178e+15	3.66016e+16
1.73354e+15	3.62818e+16
1.7353e+15	3.59339e+16
1.73707e+15	3.56175e+16
1.73883e+15	3.52747e+16
1.74059e+15	3.49843e+16
1.74236e+15	3.46432e+16
1.74412e+15	3.43338e+16
1.74588e+15	3.40254e+16
1.74765e+15	3.36896e+16
1.74941e+15	3.33848e+16
1.75117e+15	3.30821e+16
1.75294e+15	3.28002e+16
1.7547e+15	3.25001e+16
1.75647e+15	3.21726e+16
1.75823e+15	3.18762e+16
1.75999e+15	3.15826e+16
1.76176e+15	3.12889e+16
1.76352e+15	3.10156e+16
1.76528e+15	3.07548e+16
1.76705e+15	3.04656e+16
1.76881e+15	3.0178e+16
1.77057e+15	2.99101e+16
1.77234e+15	2.96254e+16
1.7741e+15	2.93703e+16
1.77586e+15	2.90884e+16
1.77763e+15	2.88259e+16
1.77939e+15	2.85744e+16
1.78115e+15	2.82975e+16
1.78292e+15	2.80502e+16
1.78468e+15	2.77927e+16
1.78645e+15	2.75465e+16
1.78821e+15	2.72753e+16
1.78997e+15	2.70499e+16
1.79174e+15	2.68076e+16
1.7935e+15	2.654e+16
1.79526e+15	2.63171e+16
1.79703e+15	2.60786e+16
1.79879e+15	2.58415e+16
1.80055e+15	2.56215e+16
1.80232e+15	2.53612e+16
1.80408e+15	2.51276e+16
1.80584e+15	2.49123e+16
1.80761e+15	2.46813e+16
1.80937e+15	2.4452e+16
1.81113e+15	2.42387e+16
1.8129e+15	2.40112e+16
1.81466e+15	2.38e+16
1.81643e+15	2.36014e+16
1.81819e+15	2.33779e+16
1.81995e+15	2.31699e+16
1.82172e+15	2.29484e+16
1.82348e+15	2.27423e+16
1.82524e+15	2.25482e+16
1.82701e+15	2.23443e+16
1.82877e+15	2.21274e+16
1.83053e+15	2.19371e+16
1.8323e+15	2.17365e+16
1.83406e+15	2.15471e+16
1.83582e+15	2.13483e+16
1.83759e+15	2.1161e+16
1.83935e+15	2.09645e+16
1.84111e+15	2.0779e+16
1.84288e+15	2.05851e+16
1.84464e+15	2.04018e+16
1.84641e+15	2.02326e+16
1.84817e+15	2.00278e+16
1.84993e+15	1.986e+16
1.8517e+15	1.96804e+16
1.85346e+15	1.95145e+16
1.85522e+15	1.9315e+16
1.85699e+15	1.91508e+16
1.85875e+15	1.89872e+16
1.86051e+15	1.88123e+16
1.86228e+15	1.86508e+16
1.86404e+15	1.84755e+16
1.8658e+15	1.83154e+16
1.86757e+15	1.81442e+16
1.86933e+15	1.7988e+16
1.87109e+15	1.78195e+16
1.87286e+15	1.76648e+16
1.87462e+15	1.75108e+16
1.87638e+15	1.73487e+16
1.87815e+15	1.71962e+16
1.87991e+15	1.70356e+16
1.88168e+15	1.68878e+16
1.88344e+15	1.67422e+16
1.8852e+15	1.65863e+16
1.88697e+15	1.64418e+16
1.88873e+15	1.62983e+16
1.89049e+15	1.6145e+16
1.89226e+15	1.6005e+16
1.89402e+15	1.58657e+16
1.89578e+15	1.57165e+16
1.89755e+15	1.55808e+16
1.89931e+15	1.54438e+16
1.90107e+15	1.5302e+16
1.90284e+15	1.51683e+16
1.9046e+15	1.50351e+16
1.90636e+15	1.48951e+16
1.90813e+15	1.47654e+16
1.90989e+15	1.46371e+16
1.91166e+15	1.45011e+16
1.91342e+15	1.43735e+16
1.91518e+15	1.42485e+16
1.91695e+15	1.41146e+16
1.91871e+15	1.39928e+16
1.92047e+15	1.38699e+16
1.92224e+15	1.37494e+16
1.924e+15	1.36201e+16
1.92576e+15	1.35028e+16
1.92753e+15	1.33841e+16
1.92929e+15	1.32682e+16
1.93105e+15	1.31437e+16
1.93282e+15	1.30293e+16
1.93458e+15	1.29149e+16
1.93634e+15	1.28032e+16
1.93811e+15	1.26838e+16
1.93987e+15	1.25731e+16
1.94164e+15	1.24628e+16
1.9434e+15	1.23553e+16
1.94516e+15	1.22481e+16
1.94693e+15	1.21312e+16
1.94869e+15	1.2027e+16
1.95045e+15	1.19215e+16
1.95222e+15	1.18165e+16
1.95398e+15	1.17139e+16
1.95574e+15	1.16037e+16
1.95751e+15	1.15023e+16
1.95927e+15	1.1403e+16
1.96103e+15	1.13024e+16
1.9628e+15	1.12042e+16
1.96456e+15	1.11064e+16
1.96632e+15	1.10022e+16
1.96809e+15	1.09078e+16
1.96985e+15	1.08115e+16
1.97161e+15	1.07175e+16
1.97338e+15	1.06242e+16
1.97514e+15	1.05311e+16
1.97691e+15	1.04385e+16
1.97867e+15	1.03481e+16
1.98043e+15	1.02512e+16
1.9822e+15	1.016e+16
1.98396e+15	1.00711e+16
1.98572e+15	9.98421e+15
1.98749e+15	9.89615e+15
1.98925e+15	9.81038e+15
1.99101e+15	9.72491e+15
1.99278e+15	9.63986e+15
1.99454e+15	9.55525e+15
1.9963e+15	9.4643e+15
1.99807e+15	9.38241e+15
1.99983e+15	9.30079e+15
2.00159e+15	9.21884e+15
2.00336e+15	9.13805e+15
2.00512e+15	9.05938e+15
2.00689e+15	8.97941e+15
2.00865e+15	8.90147e+15
2.01041e+15	8.82394e+15
2.01218e+15	8.74679e+15
2.01394e+15	8.67015e+15
2.0157e+15	8.59373e+15
2.01747e+15	8.51776e+15
2.01923e+15	8.44377e+15
2.02099e+15	8.37017e+15
2.02276e+15	8.29705e+15
2.02452e+15	8.22419e+15
2.02628e+15	8.15165e+15
2.02805e+15	8.0811e+15
2.02981e+15	8.00935e+15
2.03157e+15	7.93953e+15
2.03334e+15	7.87017e+15
2.0351e+15	7.80145e+15
2.03687e+15	7.73264e+15
2.03863e+15	7.66615e+15
2.04039e+15	7.59809e+15
2.04216e+15	7.53201e+15
2.04392e+15	7.46615e+15
2.04568e+15	7.40064e+15
2.04745e+15	7.33547e+15
2.04921e+15	7.27058e+15
2.05097e+15	7.20757e+15
2.05274e+15	7.1435e+15
2.0545e+15	7.08114e+15
2.05626e+15	7.0191e+15
2.05803e+15	6.95738e+15
2.05979e+15	6.89598e+15
2.06155e+15	6.83631e+15
2.06332e+15	6.77553e+15
2.06508e+15	6.71662e+15
2.06684e+15	6.65792e+15
2.06861e+15	6.59952e+15
2.07037e+15	6.54175e+15
2.07214e+15	6.48396e+15
2.0739e+15	6.42788e+15
2.07566e+15	6.37068e+15
2.07743e+15	6.31554e+15
2.07919e+15	6.25893e+15
2.08095e+15	6.20867e+15
2.08272e+15	6.154e+15
2.08448e+15	6.101e+15
2.08624e+15	6.0469e+15
2.08801e+15	5.99308e+15
2.08977e+15	5.94099e+15
2.09153e+15	5.8891e+15
2.0933e+15	5.83612e+15
2.09506e+15	5.78472e+15
2.09682e+15	5.73499e+15
2.09859e+15	5.68417e+15
2.10035e+15	5.6379e+15
2.10212e+15	5.58891e+15
2.10388e+15	5.53885e+15
2.10564e+15	5.49038e+15
2.10741e+15	5.44243e+15
2.10917e+15	5.39447e+15
2.11093e+15	5.34676e+15
2.1127e+15	5.2993e+15
2.11446e+15	5.25741e+15
2.11622e+15	5.21049e+15
2.11799e+15	5.16503e+15
2.11975e+15	5.12006e+15
2.12151e+15	5.0738e+15
2.12328e+15	5.02905e+15
2.12504e+15	4.98581e+15
2.1268e+15	4.94153e+15
2.12857e+15	4.90129e+15
2.13033e+15	4.8587e+15
2.1321e+15	4.81503e+15
2.13386e+15	4.7729e+15
2.13562e+15	4.73098e+15
2.13739e+15	4.6893e+15
2.13915e+15	4.65146e+15
2.14091e+15	4.61019e+15
2.14268e+15	4.56914e+15
2.14444e+15	4.52951e+15
2.1462e+15	4.48889e+15
2.14797e+15	4.44991e+15
2.14973e+15	4.40972e+15
2.15149e+15	4.37442e+15
2.15326e+15	4.33582e+15
2.15502e+15	4.29742e+15
2.15678e+15	4.25923e+15
2.15855e+15	4.22125e+15
2.16031e+15	4.18789e+15
2.16208e+15	4.15029e+15
2.16384e+15	4.11404e+15
2.1656e+15	4.07819e+15
2.16737e+15	4.04122e+15
2.16913e+15	4.00555e+15
2.17089e+15	3.9732e+15
2.17266e+15	3.9379e+15
2.17442e+15	3.90278e+15
2.17618e+15	3.86898e+15
2.17795e+15	3.83424e+15
2.17971e+15	3.80389e+15
2.18147e+15	3.76945e+15
2.18324e+15	3.73636e+15
2.185e+15	3.70344e+15
2.18676e+15	3.67072e+15
2.18853e+15	3.64106e+15
2.19029e+15	3.60865e+15
2.19205e+15	3.5766e+15
2.19382e+15	3.54455e+15
2.19558e+15	3.51371e+15
2.19735e+15	3.48484e+15
2.19911e+15	3.45435e+15
2.20087e+15	3.42294e+15
2.20264e+15	3.39278e+15
2.2044e+15	3.36278e+15
2.20616e+15	3.33564e+15
2.20793e+15	3.30597e+15
2.20969e+15	3.27644e+15
2.21145e+15	3.24703e+15
2.21322e+15	3.21888e+15
2.21498e+15	3.19263e+15
2.21674e+15	3.16368e+15
2.21851e+15	3.13595e+15
2.22027e+15	3.1084e+15
2.22203e+15	3.07992e+15
2.2238e+15	3.05518e+15
2.22556e+15	3.02806e+15
2.22733e+15	3.00103e+15
2.22909e+15	2.97418e+15
2.23085e+15	2.94751e+15
2.23262e+15	2.92435e+15
2.23438e+15	2.89793e+15
2.23614e+15	2.87263e+15
2.23791e+15	2.84662e+15
2.23967e+15	2.82397e+15
2.24143e+15	2.79811e+15
2.2432e+15	2.77333e+15
2.24496e+15	2.74871e+15
2.24672e+15	2.72422e+15
2.24849e+15	2.70212e+15
2.25025e+15	2.67791e+15
2.25201e+15	2.65381e+15
2.25378e+15	2.62981e+15
2.25554e+15	2.60692e+15
2.25731e+15	2.58542e+15
2.25907e+15	2.56277e+15
2.26083e+15	2.5393e+15
2.2626e+15	2.51689e+15
2.26436e+15	2.49462e+15
2.26612e+15	2.47458e+15
2.26789e+15	2.45176e+15
2.26965e+15	2.42984e+15
2.27141e+15	2.40804e+15
2.27318e+15	2.38842e+15
2.27494e+15	2.36773e+15
2.2767e+15	2.34628e+15
2.27847e+15	2.32495e+15
2.28023e+15	2.30461e+15
2.28199e+15	2.28549e+15
2.28376e+15	2.26538e+15
2.28552e+15	2.24454e+15
2.28728e+15	2.22475e+15
2.28905e+15	2.20497e+15
2.29081e+15	2.18723e+15
2.29258e+15	2.16681e+15
2.29434e+15	2.14737e+15
2.2961e+15	2.12888e+15
2.29787e+15	2.10963e+15
2.29963e+15	2.09236e+15
2.30139e+15	2.07333e+15
2.30316e+15	2.05442e+15
2.30492e+15	2.03644e+15
2.30668e+15	2.01774e+15
2.30845e+15	1.99996e+15
2.31021e+15	1.98323e+15
2.31197e+15	1.96566e+15
2.31374e+15	1.94818e+15
2.3155e+15	1.93081e+15
2.31726e+15	1.91273e+15
2.31903e+15	1.89553e+15
2.32079e+15	1.88015e+15
2.32256e+15	1.86316e+15
2.32432e+15	1.84638e+15
2.32608e+15	1.83035e+15
2.32785e+15	1.81365e+15
2.32961e+15	1.79706e+15
2.33137e+15	1.78215e+15
2.33314e+15	1.7665e+15
2.3349e+15	1.75018e+15
2.33666e+15	1.73472e+15
2.33843e+15	1.71857e+15
2.34019e+15	1.70331e+15
2.34195e+15	1.68821e+15
2.34372e+15	1.67309e+15
2.34548e+15	1.65959e+15
2.34724e+15	1.6439e+15
2.34901e+15	1.62907e+15
2.35077e+15	1.61429e+15
2.35254e+15	1.59963e+15
2.3543e+15	1.58577e+15
2.35606e+15	1.57127e+15
2.35783e+15	1.55684e+15
2.35959e+15	1.5425e+15
2.36135e+15	1.52898e+15
2.36312e+15	1.51622e+15
2.36488e+15	1.50284e+15
2.36664e+15	1.48883e+15
2.36841e+15	1.47562e+15
2.37017e+15	1.46178e+15
2.37193e+15	1.44873e+15
2.3737e+15	1.43573e+15
2.37546e+15	1.42284e+15
2.37722e+15	1.41e+15
2.37899e+15	1.39656e+15
2.38075e+15	1.38391e+15
2.38251e+15	1.3713e+15
2.38428e+15	1.35946e+15
2.38604e+15	1.34701e+15
2.38781e+15	1.33464e+15
2.38957e+15	1.32241e+15
2.39133e+15	1.31018e+15
2.3931e+15	1.29869e+15
2.39486e+15	1.28662e+15
2.39662e+15	1.27526e+15
2.39839e+15	1.26334e+15
2.40015e+15	1.25211e+15
2.40191e+15	1.24038e+15
2.40368e+15	1.22931e+15
2.40544e+15	1.21767e+15
2.4072e+15	1.20673e+15
2.40897e+15	1.19584e+15
2.41073e+15	1.18504e+15
2.41249e+15	1.17428e+15
2.41426e+15	1.16361e+15
2.41602e+15	1.15186e+15
2.41779e+15	1.14131e+15
2.41955e+15	1.13083e+15
2.42131e+15	1.12042e+15
2.42308e+15	1.11007e+15
2.42484e+15	1.09977e+15
2.4266e+15	1.08954e+15
2.42837e+15	1.07997e+15
2.43013e+15	1.06986e+15
2.43189e+15	1.06041e+15
2.43366e+15	1.04939e+15
2.43542e+15	1.04005e+15
2.43718e+15	1.0302e+15
2.43895e+15	1.02098e+15
2.44071e+15	1.01124e+15
2.44247e+15	1.00213e+15
2.44424e+15	9.93077e+14
2.446e+15	9.831e+14
2.44777e+15	9.73605e+14
2.44953e+15	9.64713e+14
2.45129e+15	9.559e+14
2.45306e+15	9.47127e+14
2.45482e+15	9.37452e+14
2.45658e+15	9.28802e+14
2.45835e+15	9.20205e+14
2.46011e+15	9.11704e+14
2.46187e+15	9.03746e+14
2.46364e+15	8.94375e+14
2.4654e+15	8.8598e+14
2.46716e+15	8.77698e+14
2.46893e+15	8.69052e+14
2.47069e+15	8.6082e+14
2.47245e+15	8.53164e+14
2.47422e+15	8.45035e+14
2.47598e+15	8.36612e+14
2.47775e+15	8.28575e+14
2.47951e+15	8.2112e+14
2.48127e+15	8.12859e+14
2.48304e+15	8.04983e+14
2.4848e+15	7.97664e+14
2.48656e+15	7.89567e+14
2.48833e+15	7.82342e+14
2.49009e+15	7.7435e+14
2.49185e+15	7.67222e+14
2.49362e+15	7.60142e+14
2.49538e+15	7.523e+14
2.49714e+15	7.45306e+14
2.49891e+15	7.37577e+14
2.50067e+15	7.30674e+14
2.50243e+15	7.23048e+14
2.5042e+15	7.16717e+14
2.50596e+15	7.09191e+14
2.50772e+15	7.02469e+14
2.50949e+15	6.95517e+14
2.51125e+15	6.88882e+14
2.51302e+15	6.82022e+14
2.51478e+15	6.75482e+14
2.51654e+15	6.68709e+14
2.51831e+15	6.6153e+14
2.52007e+15	6.55571e+14
2.52183e+15	6.48943e+14
2.5236e+15	6.41904e+14
2.52536e+15	6.36073e+14
2.52712e+15	6.29575e+14
2.52889e+15	6.23129e+14
2.53065e+15	6.16731e+14
2.53241e+15	6.11051e+14
2.53418e+15	6.04738e+14
2.53594e+15	5.9847e+14
2.5377e+15	5.92242e+14
2.53947e+15	5.86067e+14
2.54123e+15	5.79936e+14
2.543e+15	5.74991e+14
2.54476e+15	5.68939e+14
2.54652e+15	5.62927e+14
2.54829e+15	5.56963e+14
2.55005e+15	5.51451e+14
2.55181e+15	5.45559e+14
2.55358e+15	5.40122e+14
2.55534e+15	5.34714e+14
2.5571e+15	5.28245e+14
2.55887e+15	5.22834e+14
2.56063e+15	5.17462e+14
2.56239e+15	5.12129e+14
2.56416e+15	5.06835e+14
2.56592e+15	5.0158e+14
2.56768e+15	4.96363e+14
2.56945e+15	4.91184e+14
2.57121e+15	4.86044e+14
2.57298e+15	4.80942e+14
2.57474e+15	4.75877e+14
2.5765e+15	4.70851e+14
2.57827e+15	4.65861e+14
2.58003e+15	4.61274e+14
2.58179e+15	4.56356e+14
2.58356e+15	4.51476e+14
2.58532e+15	4.46633e+14
2.58708e+15	4.41826e+14
2.58885e+15	4.37056e+14
2.59061e+15	4.32322e+14
2.59237e+15	4.27972e+14
2.59414e+15	4.23308e+14
2.5959e+15	4.1868e+14
2.59766e+15	4.14087e+14
2.59943e+15	4.10371e+14
2.60119e+15	4.05843e+14
2.60295e+15	4.01351e+14
2.60472e+15	3.97224e+14
2.60648e+15	3.92799e+14
2.60825e+15	3.88409e+14
2.61001e+15	3.84377e+14
2.61177e+15	3.80053e+14
2.61354e+15	3.75764e+14
2.6153e+15	3.72294e+14
2.61706e+15	3.68066e+14
2.61883e+15	3.64186e+14
2.62059e+15	3.60023e+14
2.62235e+15	3.55895e+14
2.62412e+15	3.52106e+14
2.62588e+15	3.48041e+14
2.62764e+15	3.44753e+14
2.62941e+15	3.40775e+14
2.63117e+15	3.37101e+14
2.63293e+15	3.33159e+14
2.6347e+15	3.29544e+14
2.63646e+15	3.2638e+14
2.63823e+15	3.22552e+14
2.63999e+15	3.19019e+14
2.64175e+15	3.15228e+14
2.64352e+15	3.11751e+14
2.64528e+15	3.08709e+14
2.64704e+15	3.05004e+14
2.64881e+15	3.01609e+14
2.65057e+15	2.9824e+14
2.65233e+15	2.95017e+14
2.6541e+15	2.91701e+14
2.65586e+15	2.8841e+14
2.65762e+15	2.85147e+14
2.65939e+15	2.82024e+14
2.66115e+15	2.78812e+14
2.66291e+15	2.75626e+14
2.66468e+15	2.72836e+14
2.66644e+15	2.6944e+14
2.66821e+15	2.6633e+14
2.66997e+15	2.63607e+14
2.67173e+15	2.60545e+14
2.6735e+15	2.57508e+14
2.67526e+15	2.54848e+14
2.67702e+15	2.51859e+14
2.67879e+15	2.4865e+14
2.68055e+15	2.46055e+14
2.68231e+15	2.43139e+14
2.68408e+15	2.40248e+14
2.68584e+15	2.37714e+14
2.6876e+15	2.34869e+14
2.68937e+15	2.32048e+14
2.69113e+15	2.29576e+14
2.69289e+15	2.268e+14
2.69466e+15	2.24367e+14
2.69642e+15	2.21636e+14
2.69819e+15	2.18929e+14
2.69995e+15	2.16556e+14
2.70171e+15	2.13893e+14
2.70348e+15	2.11558e+14
2.70524e+15	2.09157e+14
2.707e+15	2.06559e+14
2.70877e+15	2.04281e+14
2.71053e+15	2.01726e+14
2.71229e+15	1.99486e+14
2.71406e+15	1.96973e+14
2.71582e+15	1.9477e+14
2.71758e+15	1.92507e+14
2.71935e+15	1.90357e+14
2.72111e+15	1.87926e+14
2.72287e+15	1.85795e+14
2.72464e+15	1.83406e+14
2.7264e+15	1.8151e+14
2.72816e+15	1.7916e+14
2.72993e+15	1.77099e+14
2.73169e+15	1.74985e+14
2.73346e+15	1.72958e+14
2.73522e+15	1.70687e+14
2.73698e+15	1.68711e+14
2.73875e+15	1.66669e+14
2.74051e+15	1.6471e+14
2.74227e+15	1.62702e+14
2.74404e+15	1.60776e+14
2.7458e+15	1.5862e+14
2.74756e+15	1.5691e+14
2.74933e+15	1.54791e+14
2.75109e+15	1.5311e+14
2.75285e+15	1.51264e+14
2.75462e+15	1.49199e+14
2.75638e+15	1.47562e+14
2.75814e+15	1.45533e+14
2.75991e+15	1.43924e+14
2.76167e+15	1.42157e+14
2.76344e+15	1.4035e+14
2.7652e+15	1.38681e+14
2.76696e+15	1.36822e+14
2.76873e+15	1.35216e+14
2.77049e+15	1.33607e+14
2.77225e+15	1.31813e+14
2.77402e+15	1.30248e+14
2.77578e+15	1.28697e+14
2.77754e+15	1.2695e+14
2.77931e+15	1.25427e+14
2.78107e+15	1.23712e+14
2.78283e+15	1.22231e+14
2.7846e+15	1.20748e+14
2.78636e+15	1.19094e+14
2.78812e+15	1.17653e+14
2.78989e+15	1.16224e+14
2.79165e+15	1.14807e+14
2.79342e+15	1.13212e+14
2.79518e+15	1.11821e+14
2.79694e+15	1.10457e+14
2.79871e+15	1.08905e+14
2.80047e+15	1.07566e+14
2.80223e+15	1.06239e+14
2.804e+15	1.04729e+14
2.80576e+15	1.03426e+14
2.80752e+15	1.02149e+14
2.80929e+15	1.0087e+14
2.81105e+15	9.9428e+13
2.81281e+15	9.8197e+13
2.81458e+15	9.69526e+13
2.81634e+15	9.57326e+13
2.8181e+15	9.43568e+13
2.81987e+15	9.3147e+13
2.82163e+15	9.1961e+13
2.82339e+15	9.07984e+13
2.82516e+15	8.96336e+13
2.82692e+15	8.83209e+13
2.82869e+15	8.71911e+13
2.83045e+15	8.60592e+13
2.83221e+15	8.49499e+13
2.83398e+15	8.38508e+13
2.83574e+15	8.2611e+13
2.8375e+15	8.15334e+13
2.83927e+15	8.04658e+13
2.84103e+15	7.94176e+13
2.84279e+15	7.83696e+13
2.84456e+15	7.71997e+13
2.84632e+15	7.6184e+13
2.84808e+15	7.51664e+13
2.84985e+15	7.41696e+13
2.85161e+15	7.31822e+13
2.85337e+15	7.22041e+13
2.85514e+15	7.12353e+13
2.8569e+15	7.01424e+13
2.85867e+15	6.9204e+13
2.86043e+15	6.82639e+13
2.86219e+15	6.73434e+13
2.86396e+15	6.64316e+13
2.86572e+15	6.55183e+13
2.86748e+15	6.46241e+13
2.86925e+15	6.37386e+13
2.87101e+15	6.28616e+13
2.87277e+15	6.20032e+13
2.87454e+15	6.10233e+13
2.8763e+15	6.01731e+13
2.87806e+15	5.93409e+13
2.87983e+15	5.85073e+13
2.88159e+15	5.76915e+13
2.88335e+15	5.68838e+13
2.88512e+15	5.60842e+13
2.88688e+15	5.52925e+13
2.88865e+15	5.45087e+13
2.89041e+15	5.37419e+13
2.89217e+15	5.29738e+13
2.89394e+15	5.22224e+13
2.8957e+15	5.14697e+13
2.89746e+15	5.07335e+13
2.89923e+15	5.00048e+13
2.90099e+15	4.92835e+13
2.90275e+15	4.85696e+13
2.90452e+15	4.7863e+13
2.90628e+15	4.71705e+13
2.90804e+15	4.64867e+13
2.90981e+15	4.58018e+13
2.91157e+15	4.51322e+13
2.91333e+15	4.44615e+13
2.9151e+15	4.38059e+13
2.91686e+15	4.31571e+13
2.91862e+15	4.25152e+13
2.92039e+15	4.188e+13
2.92215e+15	4.12593e+13
2.92392e+15	4.06376e+13
2.92568e+15	4.00225e+13
2.92744e+15	3.94214e+13
2.92921e+15	3.88195e+13
2.93097e+15	3.82314e+13
2.93273e+15	3.76496e+13
2.9345e+15	3.70741e+13
2.93626e+15	3.65049e+13
2.93802e+15	3.60224e+13
2.93979e+15	3.54646e+13
2.94155e+15	3.4913e+13
2.94331e+15	3.43744e+13
2.94508e+15	3.38402e+13
2.94684e+15	3.33134e+13
2.9486e+15	3.27924e+13
2.95037e+15	3.22772e+13
2.95213e+15	3.17678e+13
2.9539e+15	3.12642e+13
2.95566e+15	3.08378e+13
2.95742e+15	3.03446e+13
2.95919e+15	2.98571e+13
2.96095e+15	2.93812e+13
2.96271e+15	2.89048e+13
2.96448e+15	2.84398e+13
2.96624e+15	2.79802e+13
2.968e+15	2.75858e+13
2.96977e+15	2.7136e+13
2.97153e+15	2.66915e+13
2.97329e+15	2.62521e+13
2.97506e+15	2.58361e+13
2.97682e+15	2.54192e+13
2.97858e+15	2.50071e+13
2.98035e+15	2.46052e+13
2.98211e+15	2.4208e+13
2.98388e+15	2.38099e+13
2.98564e+15	2.34218e+13
2.9874e+15	2.30382e+13
2.98917e+15	2.2659e+13
2.99093e+15	2.22843e+13
2.99269e+15	2.19141e+13
2.99446e+15	2.15532e+13
2.99622e+15	2.11916e+13
2.99798e+15	2.08396e+13
2.99975e+15	2.04915e+13
3.00151e+15	2.01474e+13
3.00327e+15	1.98115e+13
3.00504e+15	1.94757e+13
3.0068e+15	1.91488e+13
3.00856e+15	1.8821e+13
3.01033e+15	1.8502e+13
3.01209e+15	1.81866e+13
3.01386e+15	1.78753e+13
3.01562e+15	1.75722e+13
3.01738e+15	1.72638e+13
3.01915e+15	1.69681e+13
3.02091e+15	1.66718e+13
3.02267e+15	1.63833e+13
3.02444e+15	1.60984e+13
3.0262e+15	1.58128e+13
3.02796e+15	1.5535e+13
3.02973e+15	1.52689e+13
3.03149e+15	1.49979e+13
3.03325e+15	1.47304e+13
3.03502e+15	1.44701e+13
3.03678e+15	1.42093e+13
3.03854e+15	1.39556e+13
3.04031e+15	1.37052e+13
3.04207e+15	1.34581e+13
3.04383e+15	1.3214e+13
3.0456e+15	1.29731e+13
3.04736e+15	1.27426e+13
3.04913e+15	1.25079e+13
3.05089e+15	1.22824e+13
3.05265e+15	1.20537e+13
3.05442e+15	1.1835e+13
3.05618e+15	1.16191e+13
3.05794e+15	1.13992e+13
3.05971e+15	1.1189e+13
3.06147e+15	1.09815e+13
3.06323e+15	1.07768e+13
3.065e+15	1.05716e+13
3.06676e+15	1.03724e+13
3.06852e+15	1.01758e+13
3.07029e+15	9.98491e+12
3.07205e+15	9.79358e+12
3.07381e+15	9.60785e+12
3.07558e+15	9.42169e+12
3.07734e+15	9.241e+12
3.07911e+15	9.0628e+12
3.08087e+15	8.88704e+12
3.08263e+15	8.71368e+12
3.0844e+15	8.54277e+12
3.08616e+15	8.37699e+12
3.08792e+15	8.21345e+12
3.08969e+15	8.04958e+12
3.09145e+15	7.89068e+12
3.09321e+15	7.73395e+12
3.09498e+15	7.57951e+12
3.09674e+15	7.4272e+12
3.0985e+15	7.27715e+12
3.10027e+15	7.13344e+12
3.10203e+15	6.98999e+12
3.10379e+15	6.8463e+12
3.10556e+15	6.70698e+12
3.10732e+15	6.56969e+12
3.10909e+15	6.43221e+12
3.11085e+15	6.30121e+12
3.11261e+15	6.16988e+12
3.11438e+15	6.04272e+12
3.11614e+15	5.91742e+12
3.1179e+15	5.79184e+12
3.11967e+15	5.67027e+12
3.12143e+15	5.55053e+12
3.12319e+15	5.4326e+12
3.12496e+15	5.31646e+12
3.12672e+15	5.20209e+12
3.12848e+15	5.09329e+12
3.13025e+15	4.98237e+12
3.13201e+15	4.87316e+12
3.13377e+15	4.76757e+12
3.13554e+15	4.66346e+12
3.1373e+15	4.56113e+12
3.13906e+15	4.46206e+12
3.14083e+15	4.3629e+12
3.14259e+15	4.26692e+12
3.14436e+15	4.17087e+12
3.14612e+15	4.07792e+12
3.14788e+15	3.98492e+12
3.14965e+15	3.89495e+12
3.15141e+15	3.80805e+12
3.15317e+15	3.71949e+12
3.15494e+15	3.63541e+12
3.1567e+15	3.55269e+12
3.15846e+15	3.47087e+12
3.16023e+15	3.39084e+12
3.16199e+15	3.31081e+12
3.16375e+15	3.23473e+12
3.16552e+15	3.15735e+12
3.16728e+15	3.08255e+12
3.16904e+15	3.01165e+12
3.17081e+15	2.93933e+12
3.17257e+15	2.86825e+12
3.17434e+15	2.79973e+12
3.1761e+15	2.73108e+12
3.17786e+15	2.66492e+12
3.17963e+15	2.59991e+12
3.18139e+15	2.53713e+12
3.18315e+15	2.47436e+12
3.18492e+15	2.41376e+12
3.18668e+15	2.35318e+12
3.18844e+15	2.2937e+12
3.19021e+15	2.23628e+12
3.19197e+15	2.18006e+12
3.19373e+15	2.12469e+12
3.1955e+15	2.07218e+12
3.19726e+15	2.01786e+12
3.19902e+15	1.96652e+12
3.20079e+15	1.91612e+12
3.20255e+15	1.86476e+12
3.20432e+15	1.81623e+12
3.20608e+15	1.76861e+12
3.20784e+15	1.72286e+12
3.20961e+15	1.677e+12
3.21137e+15	1.63124e+12
3.21313e+15	1.58713e+12
3.2149e+15	1.54554e+12
3.21666e+15	1.50237e+12
3.21842e+15	1.46166e+12
3.22019e+15	1.42244e+12
3.22195e+15	1.38329e+12
3.22371e+15	1.34491e+12
3.22548e+15	1.3073e+12
3.22724e+15	1.27044e+12
3.229e+15	1.23496e+12
3.23077e+15	1.19957e+12
3.23253e+15	1.16491e+12
3.23429e+15	1.1323e+12
3.23606e+15	1.09904e+12
3.23782e+15	1.0672e+12
3.23959e+15	1.03586e+12
3.24135e+15	1.00534e+12
3.24311e+15	9.75994e+11
3.24488e+15	9.46745e+11
3.24664e+15	9.1863e+11
3.2484e+15	8.91113e+11
3.25017e+15	8.63708e+11
3.25193e+15	8.37378e+11
3.25369e+15	8.11623e+11
3.25546e+15	7.87025e+11
3.25722e+15	7.6195e+11
3.25898e+15	7.38439e+11
3.26075e+15	7.15451e+11
3.26251e+15	6.92786e+11
3.26427e+15	6.70825e+11
3.26604e+15	6.49366e+11
3.2678e+15	6.28399e+11
3.26957e+15	6.0792e+11
3.27133e+15	5.8792e+11
3.27309e+15	5.6887e+11
3.27486e+15	5.49799e+11
3.27662e+15	5.31519e+11
3.27838e+15	5.13798e+11
3.28015e+15	4.96066e+11
3.28191e+15	4.792e+11
3.28367e+15	4.63047e+11
3.28544e+15	4.46994e+11
3.2872e+15	4.30944e+11
3.28896e+15	4.15972e+11
3.29073e+15	4.01486e+11
3.29249e+15	3.87255e+11
3.29425e+15	3.73132e+11
3.29602e+15	3.59627e+11
3.29778e+15	3.46579e+11
3.29955e+15	3.33769e+11
3.30131e+15	3.21628e+11
3.30307e+15	3.09806e+11
3.30484e+15	2.97769e+11
3.3066e+15	2.86583e+11
3.30836e+15	2.75699e+11
3.31013e+15	2.65113e+11
3.31189e+15	2.54629e+11
3.31365e+15	2.4463e+11
3.31542e+15	2.35181e+11
3.31718e+15	2.25736e+11
3.31894e+15	2.1669e+11
3.32071e+15	2.07907e+11
3.32247e+15	1.99562e+11
3.32423e+15	1.91329e+11
3.326e+15	1.83363e+11
3.32776e+15	1.7566e+11
3.32953e+15	1.6819e+11
3.33129e+15	1.61126e+11
3.33305e+15	1.54146e+11
3.33482e+15	1.47404e+11
3.33658e+15	1.40895e+11
3.33834e+15	1.34729e+11
3.34011e+15	1.28663e+11
3.34187e+15	1.22921e+11
3.34363e+15	1.17259e+11
3.3454e+15	1.11921e+11
3.34716e+15	1.06676e+11
3.34892e+15	1.01703e+11
3.35069e+15	9.69136e+10
3.35245e+15	9.22135e+10
3.35421e+15	8.77633e+10
3.35598e+15	8.34957e+10
3.35774e+15	7.93915e+10
3.3595e+15	7.53578e+10
3.36127e+15	7.15577e+10
3.36303e+15	6.79202e+10
3.3648e+15	6.44167e+10
3.36656e+15	6.10553e+10
3.36832e+15	5.78317e+10
3.37009e+15	5.47419e+10
3.37185e+15	5.18285e+10
3.37361e+15	4.89922e+10
3.37538e+15	4.62684e+10
3.37714e+15	4.36726e+10
3.3789e+15	4.12388e+10
3.38067e+15	3.88576e+10
3.38243e+15	3.66279e+10
3.38419e+15	3.44569e+10
3.38596e+15	3.24266e+10
3.38772e+15	3.04522e+10
3.38948e+15	2.86082e+10
3.39125e+15	2.68174e+10
3.39301e+15	2.51408e+10
3.39478e+15	2.35524e+10
3.39654e+15	2.20426e+10
3.3983e+15	2.06032e+10
3.40007e+15	1.92426e+10
3.40183e+15	1.79473e+10
3.40359e+15	1.67252e+10
3.40536e+15	1.55635e+10
3.40712e+15	1.44909e+10
3.40888e+15	1.34516e+10
3.41065e+15	1.24706e+10
3.41241e+15	1.15635e+10
3.41417e+15	1.06947e+10
3.41594e+15	9.88942e+09
3.4177e+15	9.13151e+09
3.41946e+15	8.42211e+09
3.42123e+15	7.75279e+09
3.42299e+15	7.12497e+09
3.42476e+15	6.5395e+09
3.42652e+15	5.98906e+09
3.42828e+15	5.48731e+09
3.43005e+15	5.00659e+09
3.43181e+15	4.56964e+09
3.43357e+15	4.16039e+09
3.43534e+15	3.77393e+09
3.4371e+15	3.4243e+09
3.43886e+15	3.09824e+09
3.44063e+15	2.80238e+09
3.44239e+15	2.52436e+09
3.44415e+15	2.26782e+09
3.44592e+15	2.03628e+09
3.44768e+15	1.81878e+09
3.44944e+15	1.62047e+09
3.45121e+15	1.44259e+09
3.45297e+15	1.28086e+09
3.45473e+15	1.13024e+09
3.4565e+15	9.95872e+08
3.45826e+15	8.737e+08
3.46003e+15	7.62978e+08
3.46179e+15	6.64482e+08
3.46355e+15	5.74965e+08
3.46532e+15	4.9578e+08
3.46708e+15	4.24986e+08
3.46884e+15	3.62245e+08
3.47061e+15	3.06889e+08
3.47237e+15	2.58287e+08
3.47413e+15	2.15888e+08
