1e-06	0
1.01e-06	0
1.0201e-06	0
1.0303e-06	0
1.0406e-06	0
1.05101e-06	0
1.06152e-06	0
1.07214e-06	0
1.08286e-06	0
1.09369e-06	0
1.10462e-06	0
1.11567e-06	0
1.12683e-06	0
1.13809e-06	0
1.14947e-06	0
1.16097e-06	0
1.17258e-06	0
1.1843e-06	0
1.19615e-06	0
1.20811e-06	0
1.22019e-06	0
1.23239e-06	0
1.24472e-06	0
1.25716e-06	0
1.26973e-06	0
1.28243e-06	0
1.29526e-06	0
1.30821e-06	0
1.32129e-06	0
1.3345e-06	0
1.34785e-06	0
1.36133e-06	0
1.37494e-06	0
1.38869e-06	0
1.40258e-06	0
1.4166e-06	0
1.43077e-06	0
1.44508e-06	0
1.45953e-06	0
1.47412e-06	0
1.48886e-06	0
1.50375e-06	0
1.51879e-06	0
1.53398e-06	0
1.54932e-06	0
1.56481e-06	0
1.58046e-06	0
1.59626e-06	0
1.61223e-06	0
1.62835e-06	0
1.64463e-06	0
1.66108e-06	0
1.67769e-06	0
1.69447e-06	0
1.71141e-06	0
1.72852e-06	0
1.74581e-06	0
1.76327e-06	0
1.7809e-06	0
1.79871e-06	0
1.8167e-06	0
1.83486e-06	0
1.85321e-06	0
1.87174e-06	0
1.89046e-06	0
1.90937e-06	0
1.92846e-06	0
1.94774e-06	0
1.96722e-06	0
1.98689e-06	0
2.00676e-06	0
2.02683e-06	0
2.0471e-06	0
2.06757e-06	0
2.08825e-06	0
2.10913e-06	0
2.13022e-06	0
2.15152e-06	0
2.17304e-06	0
2.19477e-06	0
2.21672e-06	0
2.23888e-06	0
2.26127e-06	0
2.28388e-06	0
2.30672e-06	0
2.32979e-06	0
2.35309e-06	0
2.37662e-06	0
2.40038e-06	0
2.42439e-06	0
2.44863e-06	0
2.47312e-06	0
2.49785e-06	0
2.52283e-06	0
2.54806e-06	0
2.57354e-06	0
2.59927e-06	0
2.62527e-06	0
2.65152e-06	0
2.67803e-06	0
2.70481e-06	0
2.73186e-06	0
2.75918e-06	0
2.78677e-06	0
2.81464e-06	0
2.84279e-06	0
2.87121e-06	0
2.89993e-06	0
2.92893e-06	0
2.95822e-06	0
2.9878e-06	0
3.01768e-06	0
3.04785e-06	0
3.07833e-06	0
3.10911e-06	0
3.1402e-06	0
3.17161e-06	0
3.20332e-06	0
3.23536e-06	0
3.26771e-06	0
3.30039e-06	0
3.33339e-06	0
3.36672e-06	0
3.40039e-06	0
3.4344e-06	0
3.46874e-06	0
3.50343e-06	0
3.53846e-06	0
3.57385e-06	0
3.60958e-06	0
3.64568e-06	0
3.68214e-06	0
3.71896e-06	0
3.75615e-06	0
3.79371e-06	0
3.83165e-06	0
3.86996e-06	0
3.90866e-06	0
3.94775e-06	0
3.98723e-06	0
4.0271e-06	0
4.06737e-06	0
4.10804e-06	0
4.14912e-06	0
4.19062e-06	0
4.23252e-06	0
4.27485e-06	0
4.3176e-06	0
4.36077e-06	0
4.40438e-06	0
4.44842e-06	0
4.49291e-06	0
4.53784e-06	0
4.58321e-06	0
4.62905e-06	0
4.67534e-06	0
4.72209e-06	0
4.76931e-06	0
4.817e-06	0
4.86517e-06	0
4.91383e-06	0
4.96296e-06	0
5.01259e-06	0
5.06272e-06	0
5.11335e-06	0
5.16448e-06	0
5.21613e-06	0
5.26829e-06	0
5.32097e-06	0
5.37418e-06	0
5.42792e-06	0
5.4822e-06	0
5.53702e-06	0
5.59239e-06	0
5.64832e-06	0
5.7048e-06	0
5.76185e-06	0
5.81947e-06	0
5.87766e-06	0
5.93644e-06	0
5.9958e-06	0
6.05576e-06	0
6.11632e-06	0
6.17748e-06	0
6.23926e-06	0
6.30165e-06	0
6.36466e-06	0
6.42831e-06	0
6.49259e-06	0
6.55752e-06	0
6.6231e-06	0
6.68933e-06	0
6.75622e-06	0
6.82378e-06	0
6.89202e-06	0
6.96094e-06	0
7.03055e-06	0
7.10085e-06	0
7.17186e-06	0
7.24358e-06	0
7.31602e-06	0
7.38918e-06	0
7.46307e-06	0
7.5377e-06	0
7.61308e-06	0
7.68921e-06	0
7.7661e-06	0
7.84376e-06	0
7.9222e-06	0
8.00142e-06	0
8.08144e-06	0
8.16225e-06	0
8.24387e-06	0
8.32631e-06	0
8.40957e-06	0
8.49367e-06	0
8.57861e-06	0
8.66439e-06	0
8.75104e-06	0
8.83855e-06	0
8.92693e-06	0
9.0162e-06	0
9.10636e-06	0
9.19743e-06	0
9.2894e-06	0
9.3823e-06	0
9.47612e-06	0
9.57088e-06	0
9.66659e-06	0
9.76325e-06	0
9.86089e-06	0
9.9595e-06	0
1.00591e-05	0
1.01597e-05	0
1.02613e-05	0
1.03639e-05	0
1.04675e-05	0
1.05722e-05	0
1.06779e-05	0
1.07847e-05	0
1.08926e-05	0
1.10015e-05	0
1.11115e-05	0
1.12226e-05	0
1.13348e-05	0
1.14482e-05	0
1.15627e-05	0
1.16783e-05	0
1.17951e-05	0
1.1913e-05	0
1.20322e-05	0
1.21525e-05	0
1.2274e-05	0
1.23967e-05	0
1.25207e-05	0
1.26459e-05	0
1.27724e-05	0
1.29001e-05	0
1.30291e-05	0
1.31594e-05	0
1.3291e-05	0
1.34239e-05	0
1.35581e-05	0
1.36937e-05	0
1.38307e-05	0
1.3969e-05	0
1.41086e-05	0
1.42497e-05	0
1.43922e-05	0
1.45362e-05	0
1.46815e-05	0
1.48283e-05	0
1.49766e-05	0
1.51264e-05	0
1.52776e-05	0
1.54304e-05	0
1.55847e-05	0
1.57406e-05	0
1.5898e-05	0
1.6057e-05	0
1.62175e-05	0
1.63797e-05	0
1.65435e-05	0
1.67089e-05	0
1.6876e-05	0
1.70448e-05	0
1.72152e-05	0
1.73874e-05	0
1.75613e-05	0
1.77369e-05	0
1.79142e-05	0
1.80934e-05	0
1.82743e-05	0
1.84571e-05	0
1.86416e-05	0
1.8828e-05	0
1.90163e-05	0
1.92065e-05	0
1.93986e-05	0
1.95925e-05	0
1.97885e-05	0
1.99864e-05	0
2.01862e-05	0
2.03881e-05	0
2.0592e-05	0
2.07979e-05	0
2.10059e-05	0
2.12159e-05	0
2.14281e-05	0
2.16424e-05	0
2.18588e-05	0
2.20774e-05	0
2.22981e-05	0
2.25211e-05	0
2.27463e-05	0
2.29738e-05	0
2.32035e-05	0
2.34356e-05	0
2.36699e-05	0
2.39066e-05	0
2.41457e-05	0
2.43871e-05	0
2.4631e-05	0
2.48773e-05	0
2.51261e-05	0
2.53774e-05	0
2.56311e-05	0
2.58874e-05	0
2.61463e-05	0
2.64078e-05	0
2.66719e-05	0
2.69386e-05	0
2.7208e-05	0
2.748e-05	0
2.77548e-05	0
2.80324e-05	0
2.83127e-05	0
2.85958e-05	0
2.88818e-05	0
2.91706e-05	0
2.94623e-05	0
2.9757e-05	0
3.00545e-05	0
3.03551e-05	0
3.06586e-05	0
3.09652e-05	0
3.12749e-05	0
3.15876e-05	0
3.19035e-05	0
3.22225e-05	0
3.25447e-05	0
3.28702e-05	0
3.31989e-05	0
3.35309e-05	0
3.38662e-05	0
3.42049e-05	0
3.45469e-05	0
3.48924e-05	0
3.52413e-05	0
3.55937e-05	0
3.59496e-05	0
3.63091e-05	0
3.66722e-05	0
3.7039e-05	0
3.74093e-05	0
3.77834e-05	0
3.81613e-05	0
3.85429e-05	0
3.89283e-05	0
3.93176e-05	0
3.97108e-05	0
4.01079e-05	0
4.0509e-05	0
4.0914e-05	0
4.13232e-05	0
4.17364e-05	0
4.21538e-05	0
4.25753e-05	0
4.30011e-05	0
4.34311e-05	0
4.38654e-05	0
4.4304e-05	0
4.47471e-05	0
4.51946e-05	0
4.56465e-05	0
4.6103e-05	0
4.6564e-05	0
4.70296e-05	0
4.74999e-05	0
4.79749e-05	0
4.84547e-05	0
4.89392e-05	0
4.94286e-05	0
4.99229e-05	0
5.04221e-05	0
5.09264e-05	0
5.14356e-05	0
5.195e-05	0
5.24695e-05	0
5.29942e-05	0
5.35241e-05	0
5.40594e-05	0
5.46e-05	0
5.5146e-05	0
5.56974e-05	0
5.62544e-05	0
5.68169e-05	0
5.73851e-05	0
5.79589e-05	0
5.85385e-05	0
5.91239e-05	0
5.97152e-05	0
6.03123e-05	0
6.09154e-05	0
6.15246e-05	0
6.21398e-05	0
6.27612e-05	0
6.33888e-05	0
6.40227e-05	0
6.4663e-05	0
6.53096e-05	0
6.59627e-05	0
6.66223e-05	0
6.72885e-05	0
6.79614e-05	0
6.8641e-05	0
6.93275e-05	0
7.00207e-05	0
7.07209e-05	0
7.14281e-05	0
7.21424e-05	0
7.28638e-05	0
7.35925e-05	0
7.43284e-05	0
7.50717e-05	0
7.58224e-05	0
7.65806e-05	0
7.73464e-05	0
7.81199e-05	0
7.89011e-05	0
7.96901e-05	0
8.0487e-05	0
8.12919e-05	0
8.21048e-05	0
8.29259e-05	0
8.37551e-05	0
8.45927e-05	0
8.54386e-05	0
8.6293e-05	0
8.71559e-05	0
8.80275e-05	0
8.89077e-05	0
8.97968e-05	0
9.06948e-05	0
9.16017e-05	0
9.25178e-05	0
9.34429e-05	0
9.43774e-05	0
9.53211e-05	0
9.62743e-05	0
9.72371e-05	0
9.82095e-05	0
9.91916e-05	0
0.000100183	0
0.000101185	0
0.000102197	0
0.000103219	0
0.000104251	0
0.000105294	0
0.000106347	0
0.00010741	0
0.000108484	0
0.000109569	0
0.000110665	0
0.000111772	0
0.000112889	0
0.000114018	0
0.000115158	0
0.00011631	0
0.000117473	0
0.000118648	0
0.000119834	0
0.000121033	0
0.000122243	0
0.000123465	0
0.0001247	0
0.000125947	0
0.000127206	0
0.000128478	0
0.000129763	0
0.000131061	0
0.000132372	0
0.000133695	0
0.000135032	0
0.000136383	0
0.000137746	0
0.000139124	0
0.000140515	0
0.00014192	0
0.000143339	0
0.000144773	0
0.000146221	0
0.000147683	0
0.00014916	0
0.000150651	0
0.000152158	0
0.000153679	0
0.000155216	0
0.000156768	0
0.000158336	0
0.000159919	0
0.000161518	0
0.000163134	0
0.000164765	0
0.000166413	0
0.000168077	0
0.000169757	0
0.000171455	0
0.00017317	0
0.000174901	0
0.00017665	0
0.000178417	0
0.000180201	0
0.000182003	0
0.000183823	0
0.000185661	0
0.000187518	0
0.000189393	0
0.000191287	0
0.0001932	0
0.000195132	0
0.000197083	0
0.000199054	0
0.000201045	0
0.000203055	0
0.000205086	0
0.000207136	0
0.000209208	0
0.0002113	0
0.000213413	0
0.000215547	0
0.000217702	0
0.000219879	0
0.000222078	0
0.000224299	0
0.000226542	0
0.000228807	0
0.000231095	0
0.000233406	0
0.000235741	0
0.000238098	0
0.000240479	0
0.000242884	0
0.000245313	0
0.000247766	0
0.000250243	0
0.000252746	0
0.000255273	0
0.000257826	0
0.000260404	0
0.000263008	0
0.000265638	0
0.000268295	0
0.000270978	0
0.000273687	0
0.000276424	0
0.000279189	0
0.00028198	0
0.0002848	0
0.000287648	0
0.000290525	0
0.00029343	0
0.000296364	0
0.000299328	0
0.000302321	0
0.000305344	0
0.000308398	0
0.000311482	0
0.000314597	0
0.000317743	0
0.00032092	0
0.000324129	0
0.00032737	0
0.000330644	0
0.000333951	0
0.00033729	0
0.000340663	0
0.00034407	0
0.00034751	0
0.000350985	0
0.000354495	0
0.00035804	0
0.000361621	0
0.000365237	0
0.000368889	0
0.000372578	0
0.000376304	0
0.000380067	0
0.000383868	0
0.000387706	0
0.000391583	0
0.000395499	0
0.000399454	0
0.000403449	0
0.000407483	0
0.000411558	0
0.000415674	0
0.00041983	0
0.000424029	0
0.000428269	0
0.000432552	0
0.000436877	0
0.000441246	0
0.000445658	0
0.000450115	0
0.000454616	0
0.000459162	0
0.000463754	0
0.000468391	0
0.000473075	0
0.000477806	0
0.000482584	0
0.00048741	0
0.000492284	0
0.000497207	0
0.000502179	0
0.000507201	0
0.000512273	0
0.000517396	0
0.00052257	0
0.000527795	0
0.000533073	0
0.000538404	0
0.000543788	0
0.000549226	0
0.000554718	0
0.000560265	0
0.000565868	0
0.000571527	0
0.000577242	0
0.000583014	0
0.000588844	0
0.000594733	0
0.00060068	0
0.000606687	0
0.000612754	0
0.000618881	0
0.00062507	0
0.000631321	0
0.000637634	0
0.000644011	0
0.000650451	0
0.000656955	0
0.000663525	0
0.00067016	0
0.000676862	0
0.00068363	0
0.000690466	0
0.000697371	0
0.000704345	0
0.000711388	0
0.000718502	0
0.000725687	0
0.000732944	0
0.000740273	0
0.000747676	0
0.000755153	0
0.000762705	0
0.000770332	0
0.000778035	0
0.000785815	0
0.000793673	0
0.00080161	0
0.000809626	0
0.000817722	0
0.0008259	0
0.000834159	0
0.0008425	0
0.000850925	0
0.000859435	0
0.000868029	0
0.000876709	0
0.000885476	0
0.000894331	0
0.000903274	0
0.000912307	0
0.00092143	0
0.000930644	0
0.000939951	0
0.00094935	0
0.000958844	0
0.000968432	0
0.000978117	0
0.000987898	0
0.000997777	0
0.00100775	0
0.00101783	0
0.00102801	0
0.00103829	0
0.00104867	0
0.00105916	0
0.00106975	0
0.00108045	0
0.00109125	0
0.00110217	0
0.00111319	0
0.00112432	0
0.00113556	0
0.00114692	0
0.00115839	0
0.00116997	0
0.00118167	0
0.00119349	0
0.00120542	0
0.00121748	0
0.00122965	0
0.00124195	0
0.00125437	0
0.00126691	0
0.00127958	0
0.00129238	0
0.0013053	0
0.00131835	0
0.00133154	0
0.00134485	0
0.0013583	0
0.00137188	0
0.0013856	0
0.00139946	0
0.00141345	0
0.00142759	0
0.00144186	0
0.00145628	0
0.00147085	0
0.00148555	0
0.00150041	0
0.00151541	0
0.00153057	0
0.00154587	0
0.00156133	0
0.00157695	0
0.00159271	0
0.00160864	0
0.00162473	0
0.00164098	0
0.00165739	0
0.00167396	0
0.0016907	0
0.00170761	0
0.00172468	0
0.00174193	0
0.00175935	0
0.00177694	0
0.00179471	0
0.00181266	0
0.00183078	0
0.00184909	0
0.00186758	0
0.00188626	0
0.00190512	0
0.00192417	0
0.00194341	0
0.00196285	0
0.00198248	0
0.0020023	0
0.00202232	0
0.00204255	0
0.00206297	0
0.0020836	0
0.00210444	0
0.00212548	0
0.00214674	0
0.00216821	0
0.00218989	0
0.00221179	0
0.0022339	0
0.00225624	0
0.00227881	0
0.00230159	0
0.00232461	0
0.00234786	0
0.00237134	0
0.00239505	0
0.002419	0
0.00244319	0
0.00246762	0
0.0024923	0
0.00251722	0
0.00254239	0
0.00256782	0
0.00259349	0
0.00261943	0
0.00264562	0
0.00267208	0
0.0026988	0
0.00272579	0
0.00275305	0
0.00278058	0
0.00280838	0
0.00283647	0
0.00286483	0
0.00289348	0
0.00292241	0
0.00295164	0
0.00298115	0
0.00301097	0
0.00304108	0
0.00307149	0
0.0031022	0
0.00313322	0
0.00316456	0
0.0031962	0
0.00322816	0
0.00326045	0
0.00329305	0
0.00332598	0
0.00335924	0
0.00339283	0
0.00342676	0
0.00346103	0
0.00349564	0
0.00353059	0
0.0035659	0
0.00360156	0
0.00363758	0
0.00367395	0
0.00371069	0
0.0037478	0
0.00378528	0
0.00382313	0
0.00386136	0
0.00389997	0
0.00393897	0
0.00397836	0
0.00401815	0
0.00405833	0
0.00409891	0
0.0041399	0
0.0041813	0
0.00422311	0
0.00426534	0
0.004308	0
0.00435108	0
0.00439459	0
0.00443853	0
0.00448292	0
0.00452775	0
0.00457303	0
0.00461876	0
0.00466494	0
0.00471159	0
0.00475871	0
0.0048063	0
0.00485436	0
0.0049029	0
0.00495193	0
0.00500145	0
0.00505146	0
0.00510198	0
0.005153	0
0.00520453	0
0.00525657	0
0.00530914	0
0.00536223	0
0.00541585	0
0.00547001	0
0.00552471	0
0.00557996	0
0.00563576	0
0.00569212	0
0.00574904	0
0.00580653	0
0.00586459	0
0.00592324	0
0.00598247	0
0.0060423	0
0.00610272	0
0.00616375	0
0.00622538	0
0.00628764	0
0.00635051	0
0.00641402	0
0.00647816	0
0.00654294	0
0.00660837	0
0.00667445	0
0.0067412	0
0.00680861	0
0.0068767	0
0.00694546	0
0.00701492	0
0.00708507	0
0.00715592	0
0.00722748	0
0.00729975	0
0.00737275	0
0.00744648	0
0.00752094	0
0.00759615	0
0.00767211	0
0.00774883	0
0.00782632	0
0.00790459	0
0.00798363	0
0.00806347	0
0.0081441	0
0.00822554	0
0.0083078	0
0.00839088	0
0.00847479	0
0.00855953	0
0.00864513	0
0.00873158	0
0.0088189	0
0.00890709	0
0.00899616	0
0.00908612	0
0.00917698	0
0.00926875	0
0.00936144	0
0.00945505	0
0.0095496	0
0.0096451	0
0.00974155	0
0.00983896	0
0.00993735	0
0.0100367	0
0.0101371	0
0.0102385	0
0.0103409	0
0.0104443	0
0.0105487	0
0.0106542	0
0.0107607	0
0.0108683	0
0.010977	0
0.0110868	0
0.0111977	0
0.0113096	0
0.0114227	0
0.011537	0
0.0116523	0
0.0117689	0
0.0118865	0
0.0120054	0
0.0121255	0
0.0122467	0
0.0123692	0
0.0124929	0
0.0126178	0
0.012744	0
0.0128714	0
0.0130001	0
0.0131301	0
0.0132614	0
0.0133941	0
0.013528	0
0.0136633	0
0.0137999	0
0.0139379	0
0.0140773	0
0.0142181	0
0.0143602	0
0.0145038	0
0.0146489	0
0.0147954	0
0.0149433	0
0.0150928	0
0.0152437	0
0.0153961	0
0.0155501	0
0.0157056	0
0.0158626	0
0.0160213	0
0.0161815	0
0.0163433	0
0.0165067	0
0.0166718	0
0.0168385	0
0.0170069	0
0.017177	0
0.0173487	0
0.0175222	0
0.0176974	0
0.0178744	0
0.0180532	0
0.0182337	0
0.018416	0
0.0186002	0
0.0187862	0
0.0189741	0
0.0191638	0
0.0193554	0
0.019549	0
0.0197445	0
0.0199419	0
0.0201413	0
0.0203427	0
0.0205462	0
0.0207516	0
0.0209592	0
0.0211687	0
0.0213804	0
0.0215942	0
0.0218102	0
0.0220283	0
0.0222486	0
0.0224711	0
0.0226958	0
0.0229227	0
0.0231519	0
0.0233835	0
0.0236173	0
0.0238535	0
0.024092	0
0.0243329	0
0.0245763	0
0.024822	0
0.0250702	0
0.0253209	0
0.0255742	0
0.0258299	0
0.0260882	0
0.0263491	0
0.0266126	0
0.0268787	0
0.0271475	0
0.027419	0
0.0276931	0
0.0279701	0
0.0282498	0
0.0285323	0
0.0288176	0
0.0291058	0
0.0293968	0
0.0296908	0
0.0299877	0
0.0302876	0
0.0305905	0
0.0308964	0
0.0312053	0
0.0315174	0
0.0318326	0
0.0321509	0
0.0324724	0
0.0327971	0
0.0331251	0
0.0334563	0
0.0337909	0
0.0341288	0
0.0344701	0
0.0348148	0
0.0351629	0
0.0355146	0
0.0358697	0
0.0362284	0
0.0365907	0
0.0369566	0
0.0373262	0
0.0376994	0
0.0380764	0
0.0384572	0
0.0388418	0
0.0392302	0
0.0396225	0
0.0400187	0
0.0404189	0
0.0408231	0
0.0412313	0
0.0416436	0
0.0420601	0
0.0424807	0
0.0429055	0
0.0433345	0
0.0437679	0
0.0442056	0
0.0446476	0
0.0450941	0
0.045545	0
0.0460005	0
0.0464605	0
0.0469251	0
0.0473943	0
0.0478683	0
0.048347	0
0.0488304	0
0.0493187	0
0.0498119	0
0.05031	0
0.0508131	0
0.0513213	0
0.0518345	0
0.0523528	0
0.0528764	0
0.0534051	0
0.0539392	0
0.0544786	0
0.0550234	0
0.0555736	0
0.0561293	0
0.0566906	0
0.0572575	0
0.0578301	0
0.0584084	0
0.0589925	0
0.0595824	0
0.0601782	0
0.06078	0
0.0613878	0
0.0620017	0
0.0626217	0
0.0632479	0
0.0638804	0
0.0645192	0
0.0651644	0
0.065816	0
0.0664742	0
0.0671389	0
0.0678103	0
0.0684884	0
0.0691733	0
0.0698651	0
0.0705637	0
0.0712693	0
0.071982	0
0.0727019	0
0.0734289	0
0.0741632	0
0.0749048	0
0.0756538	0
0.0764104	0
0.0771745	0
0.0779462	0
0.0787257	0
0.079513	0
0.0803081	0
0.0811112	0
0.0819223	0
0.0827415	0
0.0835689	0
0.0844046	0
0.0852486	0
0.0861011	0
0.0869621	0
0.0878318	0
0.0887101	0
0.0895972	0
0.0904932	0
0.0913981	0
0.0923121	0
0.0932352	0
0.0941675	0
0.0951092	0
0.0960603	0
0.0970209	0
0.0979911	0
0.098971	0
0.0999607	0
0.10096	0
0.10197	0
0.10299	0
0.10402	0
0.10506	0
0.10611	0
0.107171	0
0.108243	0
0.109326	0
0.110419	0
0.111523	0
0.112638	0
0.113765	0
0.114902	0
0.116051	0
0.117212	0
0.118384	0
0.119568	0
0.120763	0
0.121971	0
0.123191	0
0.124423	0
0.125667	0
0.126924	0
0.128193	0
0.129475	0
0.13077	0
0.132077	0
0.133398	0
0.134732	0
0.136079	0
0.13744	0
0.138814	0
0.140203	0
0.141605	0
0.143021	0
0.144451	0
0.145895	0
0.147354	0
0.148828	0
0.150316	0
0.151819	0
0.153338	0
0.154871	0
0.15642	0
0.157984	0
0.159564	0
0.161159	0
0.162771	0
0.164399	0
0.166043	0
0.167703	0
0.16938	0
0.171074	0
0.172785	0
0.174512	0
0.176258	0
0.17802	0
0.1798	0
0.181598	0
0.183414	0
0.185248	0
0.187101	0
0.188972	0
0.190862	0
0.19277	0
0.194698	0
0.196645	0
0.198611	0
0.200598	0
0.202604	0
0.20463	0
0.206676	0
0.208743	0
0.21083	0
0.212938	0
0.215068	0
0.217218	0
0.219391	0
0.221584	0
0.2238	0
0.226038	0
0.228299	0
0.230582	0
0.232888	0
0.235216	0
0.237569	0
0.239944	0
0.242344	0
0.244767	0
0.247215	0
0.249687	0
0.252184	0
0.254706	0
0.257253	0
0.259825	0
0.262423	0
0.265048	0
0.267698	0
0.270375	0
0.273079	0
0.27581	0
0.278568	0
0.281354	0
0.284167	0
0.287009	0
0.289879	0
0.292778	0
0.295705	0
0.298662	0
0.301649	0
0.304666	0
0.307712	0
0.310789	0
0.313897	0
0.317036	0
0.320207	0
0.323409	0
0.326643	0
0.329909	0
0.333208	0
0.33654	0
0.339906	0
0.343305	0
0.346738	0
0.350205	0
0.353707	0
0.357244	0
0.360817	0
0.364425	0
0.368069	0
0.37175	0
0.375467	0
0.379222	0
0.383014	0
0.386844	0
0.390713	0
0.39462	0
0.398566	0
0.402552	0
0.406577	0
0.410643	0
0.41475	0
0.418897	0
0.423086	0
0.427317	0
0.43159	0
0.435906	0
0.440265	0
0.444668	0
0.449114	0
0.453605	0
0.458142	0
0.462723	0
0.46735	0
0.472024	0
0.476744	0
0.481511	0
0.486326	0
0.49119	0
0.496102	0
0.501063	0
0.506073	0
0.511134	0
0.516245	0
0.521408	0
0.526622	0
0.531888	0
0.537207	0
0.542579	0
0.548005	0
0.553485	0
0.55902	0
0.56461	0
0.570256	0
0.575959	0
0.581718	0
0.587535	0
0.593411	0
0.599345	0
0.605338	0
0.611392	0
0.617506	0
0.623681	0
0.629917	0
0.636217	0
0.642579	0
0.649005	0
0.655495	0
0.66205	0
0.66867	0
0.675357	0
0.68211	0
0.688931	0
0.695821	0
0.702779	0
0.709807	0
0.716905	0
0.724074	0
0.731315	0
0.738628	0
0.746014	0
0.753474	0
0.761009	0
0.768619	0
0.776305	0
0.784068	0
0.791909	0
0.799828	0
0.807826	0
0.815905	0
0.824064	0
0.832304	0
0.840627	0
0.849034	0
0.857524	0
0.866099	0
0.87476	0
0.883508	0
0.892343	0
0.901266	0
0.910279	0
0.919382	0
0.928575	0
0.937861	0
0.94724	0
0.956712	0
0.966279	0
0.975942	0
0.985702	0
0.995559	0
1.00551	0
1.01557	0
1.02572	0
1.03598	0
1.04634	0
1.05681	0
1.06737	0
1.07805	0
1.08883	0
1.09972	0
1.11071	0
1.12182	0
1.13304	0
1.14437	0
1.15581	0
1.16737	0
1.17904	0
1.19083	0
1.20274	0
1.21477	0
1.22692	0
1.23919	0
1.25158	0
1.2641	0
1.27674	0
1.2895	0
1.3024	0
1.31542	0
1.32858	0
1.34186	0
1.35528	0
1.36883	0
1.38252	0
1.39635	0
1.41031	0
1.42441	0
1.43866	0
1.45304	0
1.46758	0
1.48225	0
1.49707	0
1.51204	0
1.52716	0
1.54244	0
1.55786	0
1.57344	0
1.58917	0
1.60507	0
1.62112	0
1.63733	0
1.6537	0
1.67024	0
1.68694	0
1.70381	0
1.72085	0
1.73806	0
1.75544	0
1.77299	0
1.79072	0
1.80863	0
1.82671	0
1.84498	0
1.86343	0
1.88207	0
1.90089	0
1.9199	0
1.93909	0
1.95848	0
1.97807	0
1.99785	0
2.01783	0
2.03801	0
2.05839	0
2.07897	0
2.09976	0
2.12076	0
2.14197	0
2.16339	0
2.18502	0
2.20687	0
2.22894	0
2.25123	0
2.27374	0
2.29648	0
2.31944	0
2.34264	0
2.36606	0
2.38972	0
2.41362	0
2.43776	0
2.46213	0
2.48676	0
2.51162	0
2.53674	0
2.56211	0
2.58773	0
2.61361	0
2.63974	0
2.66614	0
2.6928	0
2.71973	0
2.74693	0
2.7744	0
2.80214	0
2.83016	0
2.85846	0
2.88705	0
2.91592	0
2.94508	0
2.97453	0
3.00427	0
3.03432	0
3.06466	0
3.0953	0
3.12626	0
3.15752	0
3.1891	0
3.22099	0
3.2532	0
3.28573	0
3.31859	0
3.35177	0
3.38529	0
3.41914	0
3.45333	0
3.48787	0
3.52275	0
3.55797	0
3.59355	0
3.62949	0
3.66578	0
3.70244	0
3.73947	0
3.77686	0
3.81463	0
3.85277	0
3.8913	0
3.93022	0
3.96952	0
4.00921	0
4.04931	0
4.0898	0
4.1307	0
4.172	0
4.21372	0
4.25586	0
4.29842	0
4.3414	0
4.38482	0
4.42867	0
4.47295	0
4.51768	0
4.56286	0
4.60849	0
4.65457	0
4.70112	0
4.74813	0
4.79561	-1.75757e+53
4.84357	-1.76725e+53
4.892	-1.77691e+53
4.94092	-1.78653e+53
4.99033	-1.7961e+53
5.04023	-1.80358e+53
5.09064	-1.81306e+53
5.14154	-1.8225e+53
5.19296	-1.83188e+53
5.24489	-1.84122e+53
5.29734	-1.84813e+53
5.35031	-1.85735e+53
5.40381	-1.8665e+53
5.45785	-1.87559e+53
5.51243	-1.88463e+53
5.56755	-1.89088e+53
5.62323	-1.89976e+53
5.67946	-1.90857e+53
5.73626	-1.9173e+53
5.79362	-1.92596e+53
5.85156	-1.93145e+53
5.91007	-1.93993e+53
5.96917	-1.94832e+53
6.02886	-1.95662e+53
6.08915	-1.96134e+53
6.15004	-1.96944e+53
6.21154	-1.97744e+53
6.27366	-1.98534e+53
6.3364	-1.98921e+53
6.39976	-1.99688e+53
6.46376	-2.00444e+53
6.5284	-2.01188e+53
6.59368	-2.01921e+53
6.65962	-2.02198e+53
6.72621	-2.02905e+53
6.79347	-2.03598e+53
6.86141	-2.04279e+53
6.93002	-2.04451e+53
6.99932	-2.05102e+53
7.06932	-2.05739e+53
7.14001	-2.06362e+53
7.21141	-2.06417e+53
7.28352	-2.07008e+53
7.35636	-2.07583e+53
7.42992	-2.08142e+53
7.50422	-2.0807e+53
7.57926	-2.08594e+53
7.65506	-2.09101e+53
7.73161	-2.08911e+53
7.80892	-2.09381e+53
7.88701	-2.09833e+53
7.96588	-2.10266e+53
8.04554	-2.09928e+53
8.126	-2.1032e+53
8.20726	-2.10694e+53
8.28933	-2.10219e+53
8.37222	-2.1055e+53
8.45595	-2.10859e+53
8.5405	-2.11149e+53
8.62591	-2.10504e+53
8.71217	-2.10747e+53
8.79929	-2.10968e+53
8.88728	-2.10168e+53
8.97616	-2.1034e+53
9.06592	-2.1049e+53
9.15658	-2.10616e+53
9.24814	-2.09622e+53
9.34062	-2.09697e+53
9.43403	-2.09747e+53
9.52837	-2.08577e+53
9.62365	-2.08574e+53
9.71989	-2.08545e+53
9.81709	-2.07188e+53
9.91526	-2.07104e+53
10.0144	-2.06994e+53
10.1146	-2.0544e+53
10.2157	-2.05272e+53
10.3179	-2.05077e+53
10.421	-2.03317e+53
10.5252	-2.03062e+53
10.6305	-2.02779e+53
10.7368	-2.00803e+53
10.8442	-2.00458e+53
10.9526	-1.98291e+53
11.0621	-1.97883e+53
11.1728	-1.97446e+53
11.2845	-1.95041e+53
11.3973	-1.94539e+53
11.5113	-1.94009e+53
11.6264	-1.91356e+53
11.7427	-1.90759e+53
11.8601	-1.90133e+53
11.9787	-1.87224e+53
12.0985	-1.86531e+53
12.2195	-1.83391e+53
12.3417	-1.82629e+53
12.4651	-1.81837e+53
12.5898	-1.78421e+53
12.7156	-1.77561e+53
12.8428	-1.73895e+53
12.9712	-1.72965e+53
13.1009	-1.72006e+53
13.232	-1.68042e+53
13.3643	-1.67013e+53
13.4979	-1.62781e+53
13.6329	-1.61682e+53
13.7692	-1.57171e+53
13.9069	-1.56003e+53
14.046	-1.54806e+53
14.1864	-1.49968e+53
14.3283	-1.48702e+53
14.4716	-1.43566e+53
14.6163	-1.42231e+53
14.7625	-1.36787e+53
14.9101	-1.35385e+53
15.0592	-1.29622e+53
15.2098	-1.28153e+53
15.3619	-1.22063e+53
15.5155	-1.20527e+53
15.6707	-1.14096e+53
15.8274	-1.12495e+53
15.9856	-1.05712e+53
16.1455	-1.04049e+53
16.307	-9.69083e+52
16.47	-9.51831e+52
16.6347	-8.76699e+52
16.8011	-8.5885e+52
16.9691	-7.79897e+52
17.1388	-7.61472e+52
17.3102	-6.78572e+52
17.4833	-6.59595e+52
17.6581	-5.72655e+52
17.8347	-5.53153e+52
18.013	-4.62042e+52
18.1932	-4.42044e+52
18.3751	-3.4667e+52
18.5588	-3.26206e+52
18.7444	-2.26456e+52
18.9319	-1.22544e+52
19.1212	-1.013e+52
19.3124	7.28247e+50
19.5055	2.89083e+51
19.7006	1.4223e+52
19.8976	2.6014e+52
20.0966	2.8243e+52
20.2975	4.05337e+52
20.5005	4.27908e+52
20.7055	5.55991e+52
20.9126	6.89028e+52
21.1217	7.12124e+52
21.3329	8.5061e+52
21.5462	8.73872e+52
21.7617	1.01785e+53
21.9793	1.16726e+53
22.1991	1.19089e+53
22.4211	1.34616e+53
22.6453	1.50719e+53
22.8718	1.53107e+53
23.1005	1.69819e+53
23.3315	1.87138e+53
23.5648	1.89541e+53
23.8004	2.07504e+53
24.0384	2.26108e+53
24.2788	2.28515e+53
24.5216	2.47794e+53
24.7668	2.67747e+53
25.0145	2.88393e+53
25.2647	2.90805e+53
25.5173	3.12186e+53
25.7725	3.34296e+53
26.0302	3.57152e+53
26.2905	3.59549e+53
26.5534	3.83185e+53
26.8189	4.07616e+53
27.0871	4.32854e+53
27.358	4.35214e+53
27.6316	4.61283e+53
27.9079	4.88206e+53
28.187	5.15993e+53
28.4688	5.18292e+53
28.7535	5.46981e+53
29.0411	5.76576e+53
29.3315	6.07111e+53
29.6248	6.38597e+53
29.921	6.71069e+53
30.2202	6.73273e+53
30.5225	7.06749e+53
30.8277	7.41258e+53
31.136	7.76805e+53
31.4473	8.13434e+53
31.7618	8.51163e+53
32.0794	8.90019e+53
32.4002	8.92062e+53
32.7242	9.32056e+53
33.0514	9.73212e+53
33.382	1.01557e+54
33.7158	1.05915e+54
34.0529	1.104e+54
34.3935	1.1501e+54
34.7374	1.1975e+54
35.0848	1.24626e+54
35.4356	1.29638e+54
35.79	1.34789e+54
36.1479	1.4008e+54
36.5094	1.45521e+54
36.8744	1.51107e+54
37.2432	1.56841e+54
37.6156	1.62731e+54
37.9918	1.68775e+54
38.3717	1.74979e+54
38.7554	1.81349e+54
39.143	1.87884e+54
39.5344	1.94583e+54
39.9297	2.01453e+54
40.329	2.08504e+54
40.7323	2.15733e+54
41.1397	2.2314e+54
41.551	2.3073e+54
41.9666	2.38512e+54
42.3862	2.46482e+54
42.8101	2.54647e+54
43.2382	2.63012e+54
43.6706	2.71574e+54
44.1073	2.89249e+54
44.5483	2.98445e+54
44.9938	3.07854e+54
45.4438	3.17481e+54
45.8982	3.27334e+54
46.3572	3.37409e+54
46.8208	3.58226e+54
47.289	3.69008e+54
47.7619	3.80031e+54
48.2395	3.91298e+54
48.7219	4.02815e+54
49.2091	4.26628e+54
49.7012	4.38923e+54
50.1982	4.51476e+54
50.7002	4.64294e+54
51.2072	4.90818e+54
51.7192	5.04482e+54
52.2364	5.18419e+54
52.7588	5.32643e+54
53.2864	5.62098e+54
53.8193	5.77226e+54
54.3574	5.92655e+54
54.901	6.24604e+54
55.45	6.40975e+54
56.0045	6.57659e+54
56.5646	6.92234e+54
57.1302	7.09924e+54
57.7015	7.27952e+54
58.2785	7.6532e+54
58.8613	7.84395e+54
59.4499	8.2395e+54
60.0444	8.44129e+54
60.6449	8.64663e+54
61.2513	9.07283e+54
61.8638	9.28973e+54
62.4825	9.73979e+54
63.1073	9.96863e+54
63.7384	1.04437e+55
64.3758	1.06849e+55
65.0195	1.11857e+55
65.6697	1.14396e+55
66.3264	1.19671e+55
66.9897	1.22343e+55
67.6596	1.27897e+55
68.3362	1.30704e+55
69.0195	1.36544e+55
69.7097	1.42582e+55
70.4068	1.45631e+55
71.1109	1.51973e+55
71.822	1.55169e+55
72.5402	1.61825e+55
73.2656	1.68698e+55
73.9983	1.72156e+55
74.7383	1.79361e+55
75.4857	1.86794e+55
76.2405	1.90525e+55
77.0029	1.98308e+55
77.7729	2.06332e+55
78.5507	2.14602e+55
79.3362	2.18742e+55
80.1295	2.27388e+55
80.9308	2.36294e+55
81.7401	2.45462e+55
82.5575	2.50038e+55
83.3831	2.59609e+55
84.217	2.69459e+55
85.0591	2.79592e+55
85.9097	2.90013e+55
86.7688	2.95194e+55
87.6365	3.06053e+55
88.5129	3.17215e+55
89.398	3.28683e+55
90.292	3.40467e+55
91.1949	3.5257e+55
92.1068	3.64999e+55
93.0279	3.77758e+55
93.9582	3.90855e+55
94.8978	4.04296e+55
95.8467	4.18084e+55
96.8052	4.3223e+55
97.7733	4.46734e+55
98.751	4.61609e+55
99.7385	4.76854e+55
100.736	4.9248e+55
101.743	5.08493e+55
102.761	5.249e+55
103.788	5.41707e+55
104.826	5.58914e+55
105.874	5.76535e+55
106.933	5.94573e+55
108.003	6.13037e+55
109.083	6.31931e+55
110.173	6.61522e+55
111.275	6.81539e+55
112.388	7.02013e+55
113.512	7.22946e+55
114.647	7.44348e+55
115.793	7.77877e+55
116.951	8.00502e+55
118.121	8.23621e+55
119.302	8.47234e+55
120.495	8.84236e+55
121.7	9.09165e+55
122.917	9.34599e+55
124.146	9.74475e+55
125.388	1.0013e+56
126.641	1.02865e+56
127.908	1.07155e+56
129.187	1.10035e+56
130.479	1.12973e+56
131.784	1.1758e+56
133.101	1.20667e+56
134.432	1.2551e+56
135.777	1.28754e+56
137.135	1.33843e+56
138.506	1.37247e+56
139.891	1.42591e+56
141.29	1.46161e+56
142.703	1.51766e+56
144.13	1.55508e+56
145.571	1.61383e+56
147.027	1.65299e+56
148.497	1.71451e+56
149.982	1.77776e+56
151.482	1.81988e+56
152.997	1.88609e+56
154.527	1.95412e+56
156.072	1.99932e+56
157.633	2.07042e+56
159.209	2.14343e+56
160.801	2.19186e+56
162.409	2.26811e+56
164.033	2.34636e+56
165.673	2.42666e+56
167.33	2.47982e+56
169.003	2.56354e+56
170.694	2.64941e+56
172.4	2.73744e+56
174.124	2.82768e+56
175.866	2.88727e+56
177.624	2.98123e+56
179.401	3.07751e+56
181.195	3.17612e+56
183.007	3.27712e+56
184.837	3.38057e+56
186.685	3.48648e+56
188.552	3.5949e+56
190.437	3.70583e+56
192.342	3.81938e+56
194.265	3.93558e+56
196.208	4.05442e+56
198.17	4.17596e+56
200.152	4.30028e+56
202.153	4.4274e+56
204.175	4.55729e+56
206.216	4.69011e+56
208.279	4.82579e+56
210.361	5.01491e+56
212.465	5.15765e+56
214.59	5.30349e+56
216.735	5.45242e+56
218.903	5.60449e+56
221.092	5.75977e+56
223.303	5.97627e+56
225.536	6.13931e+56
227.791	6.30569e+56
230.069	6.47547e+56
232.37	6.71213e+56
234.693	6.89013e+56
237.04	7.07173e+56
239.411	7.32482e+56
241.805	7.51497e+56
244.223	7.70884e+56
246.665	7.97925e+56
249.132	8.18214e+56
251.623	8.38891e+56
254.139	8.67732e+56
256.681	8.89338e+56
259.248	9.195e+56
261.84	9.42079e+56
264.458	9.7359e+56
267.103	9.97163e+56
269.774	1.03007e+57
272.472	1.05468e+57
275.197	1.07973e+57
277.949	1.11473e+57
280.728	1.14087e+57
283.535	1.16747e+57
286.371	1.19453e+57
289.234	1.2324e+57
292.127	1.26063e+57
295.048	1.28934e+57
297.998	1.31856e+57
300.978	1.34828e+57
303.988	1.37851e+57
307.028	1.40926e+57
310.098	1.44052e+57
313.199	1.47232e+57
316.331	1.51695e+57
319.495	1.55005e+57
322.69	1.5837e+57
325.917	1.61791e+57
329.176	1.65268e+57
332.467	1.68802e+57
335.792	1.72394e+57
339.15	1.76043e+57
342.542	1.79751e+57
345.967	1.83518e+57
349.427	1.87345e+57
352.921	1.91232e+57
356.45	1.95179e+57
360.015	1.99188e+57
363.615	2.03258e+57
367.251	2.0739e+57
370.923	2.11584e+57
374.633	2.15842e+57
378.379	2.20163e+57
382.163	2.24548e+57
385.984	2.28998e+57
389.844	2.33511e+57
393.743	2.38089e+57
397.68	2.42733e+57
401.657	2.47442e+57
405.673	2.52217e+57
409.73	2.57059e+57
413.827	2.61967e+57
417.966	2.66941e+57
422.145	2.69912e+57
426.367	2.74986e+57
430.631	2.80125e+57
434.937	2.85333e+57
439.286	2.90607e+57
443.679	2.95948e+57
448.116	3.01357e+57
452.597	3.06832e+57
457.123	3.12375e+57
461.694	3.17984e+57
466.311	3.23661e+57
470.974	3.29405e+57
475.684	3.35214e+57
480.441	3.38533e+57
485.245	3.44434e+57
490.098	3.50402e+57
494.999	3.56436e+57
499.949	3.62533e+57
504.948	3.68695e+57
509.998	3.74923e+57
515.098	3.81215e+57
520.249	3.84677e+57
525.451	3.9105e+57
530.706	3.97486e+57
536.013	4.03982e+57
541.373	4.1054e+57
546.787	4.17158e+57
552.254	4.23835e+57
557.777	4.27361e+57
563.355	4.34104e+57
568.988	4.40905e+57
574.678	4.47761e+57
580.425	4.54673e+57
586.229	4.61636e+57
592.091	4.65161e+57
598.012	4.7218e+57
603.992	4.79246e+57
610.032	4.86363e+57
616.133	4.93525e+57
622.294	4.96998e+57
628.517	5.04199e+57
634.802	5.11442e+57
641.15	5.18728e+57
647.562	5.2212e+57
654.037	5.29426e+57
660.578	5.36771e+57
667.183	5.44154e+57
673.855	5.51567e+57
680.594	5.54819e+57
687.4	5.62236e+57
694.274	5.69682e+57
701.217	5.77154e+57
708.229	5.80251e+57
715.311	5.87712e+57
722.464	5.95194e+57
729.689	6.02695e+57
736.986	6.05598e+57
744.355	6.13067e+57
751.799	6.20548e+57
759.317	6.28036e+57
766.91	6.30704e+57
774.579	6.38142e+57
782.325	6.45578e+57
790.148	6.48034e+57
798.05	6.55401e+57
806.03	6.62771e+57
814.091	6.70129e+57
822.232	6.72278e+57
830.454	6.79551e+57
838.758	6.86807e+57
847.146	6.88693e+57
855.617	6.95845e+57
864.174	7.02971e+57
872.815	7.0457e+57
881.543	7.11579e+57
890.359	7.18556e+57
899.262	7.19842e+57
908.255	7.26682e+57
917.338	7.33481e+57
926.511	7.34435e+57
935.776	7.41081e+57
945.134	7.47677e+57
954.585	7.48271e+57
964.131	7.54701e+57
973.772	7.61074e+57
983.51	7.61293e+57
993.345	7.67481e+57
1003.28	7.73602e+57
1013.31	7.73418e+57
1023.44	7.79335e+57
1033.68	7.78868e+57
1044.02	7.84574e+57
1054.46	7.90201e+57
1065	7.89301e+57
1075.65	7.94697e+57
1086.41	8.00013e+57
1097.27	7.98661e+57
1108.24	8.0373e+57
1119.33	8.02066e+57
1130.52	8.06889e+57
1141.82	8.11611e+57
1153.24	8.09471e+57
1164.78	8.1393e+57
1176.42	8.11467e+57
1188.19	8.1565e+57
1200.07	8.19725e+57
1212.07	8.16767e+57
1224.19	8.20569e+57
1236.43	8.17271e+57
1248.8	8.20781e+57
1261.28	8.17147e+57
1273.9	8.20365e+57
1286.64	8.23456e+57
1299.5	8.19311e+57
1312.5	8.22106e+57
1325.62	8.17612e+57
1338.88	8.20099e+57
1352.27	8.15279e+57
1365.79	8.17457e+57
1379.45	8.12299e+57
1393.24	8.14168e+57
1407.18	8.15895e+57
1421.25	8.10226e+57
1435.46	8.11647e+57
1449.81	8.0565e+57
1464.31	8.0676e+57
1478.96	8.00436e+57
1493.75	8.01234e+57
1508.68	7.94596e+57
1523.77	7.95071e+57
1539.01	7.88115e+57
1554.4	7.88273e+57
1569.94	7.81007e+57
1585.64	7.80872e+57
1601.5	7.73312e+57
1617.51	7.72856e+57
1633.69	7.65006e+57
1650.02	7.64247e+57
1666.52	7.56121e+57
1683.19	7.55072e+57
1700.02	7.46685e+57
1717.02	7.45346e+57
1734.19	7.36698e+57
1751.53	7.35072e+57
1769.05	7.26178e+57
1786.74	7.24277e+57
1804.61	7.15154e+57
1822.65	7.12983e+57
1840.88	7.03648e+57
1859.29	7.01211e+57
1877.88	6.91672e+57
1896.66	6.82067e+57
1915.63	6.79265e+57
1934.78	6.69489e+57
1954.13	6.66449e+57
1973.67	6.5651e+57
1993.41	6.53244e+57
2013.34	6.43155e+57
2033.48	6.39675e+57
2053.81	6.29459e+57
2074.35	6.25779e+57
2095.09	6.15452e+57
2116.04	6.05108e+57
2137.2	6.0116e+57
2158.58	5.90729e+57
2180.16	5.86608e+57
2201.96	5.76116e+57
2223.98	5.71838e+57
2246.22	5.61288e+57
2268.69	5.50757e+57
2291.37	5.4628e+57
2314.29	5.35727e+57
2337.43	5.31123e+57
2360.8	5.20561e+57
2384.41	5.15856e+57
2408.26	5.05309e+57
2432.34	4.94812e+57
2456.66	4.8998e+57
2481.23	4.79519e+57
2506.04	4.74613e+57
2531.1	4.642e+57
2556.41	4.53869e+57
2581.98	4.4889e+57
2607.8	4.38634e+57
2633.87	4.33614e+57
2660.21	4.23442e+57
2686.81	4.13368e+57
2713.68	4.08328e+57
2740.82	3.98369e+57
2768.23	3.93317e+57
2795.91	3.83482e+57
2823.87	3.73761e+57
2852.11	3.68735e+57
2880.63	3.59164e+57
2909.43	3.49713e+57
2938.53	3.4474e+57
2967.91	3.35452e+57
2997.59	3.30516e+57
3027.57	3.21398e+57
3057.84	3.12422e+57
3088.42	3.0758e+57
3119.31	2.98788e+57
3150.5	2.90143e+57
3182.01	2.85415e+57
3213.83	2.76972e+57
3245.96	2.72316e+57
3278.42	2.64082e+57
3311.21	2.55997e+57
3344.32	2.51481e+57
3377.76	2.43618e+57
3411.54	2.35907e+57
3445.66	2.31554e+57
3480.11	2.24068e+57
3514.91	2.16738e+57
3550.06	2.12561e+57
3585.56	2.05462e+57
3621.42	1.98522e+57
3657.63	1.94526e+57
3694.21	1.87821e+57
3731.15	1.81272e+57
3768.46	1.77475e+57
3806.15	1.71163e+57
3844.21	1.65005e+57
3882.65	1.61406e+57
3921.48	1.55484e+57
3960.69	1.52004e+57
4000.3	1.46321e+57
4040.3	1.40788e+57
4080.71	1.37517e+57
4121.51	1.32218e+57
4162.73	1.27068e+57
4204.36	1.24003e+57
4246.4	1.19083e+57
4288.86	1.14309e+57
4331.75	1.1145e+57
4375.07	1.06897e+57
4418.82	1.02484e+57
4463.01	9.983e+56
4507.64	9.56342e+56
4552.71	9.15737e+56
4598.24	8.91173e+56
4644.22	8.52655e+56
4690.67	8.15444e+56
4737.57	7.92808e+56
4784.95	7.57591e+56
4832.8	7.23607e+56
4881.13	7.02866e+56
4929.94	6.70777e+56
4979.24	6.39845e+56
5029.03	6.20892e+56
5079.32	5.91772e+56
5130.11	5.63751e+56
5181.41	5.46508e+56
5233.23	5.20192e+56
5285.56	4.94911e+56
5338.42	4.79324e+56
5391.8	4.5562e+56
5445.72	4.32901e+56
5500.17	4.18847e+56
5555.18	3.97608e+56
5610.73	3.77253e+56
5666.84	3.64634e+56
5723.5	3.45661e+56
5780.74	3.27518e+56
5838.55	3.16229e+56
5896.93	2.99369e+56
5955.9	2.83255e+56
6015.46	2.73209e+56
6075.61	2.5827e+56
6136.37	2.44026e+56
6197.73	2.35133e+56
6259.71	2.2196e+56
6322.31	2.09421e+56
6385.53	2.01572e+56
6449.39	1.90008e+56
6513.88	1.79008e+56
6579.02	1.7211e+56
6644.81	1.6199e+56
6711.26	1.52386e+56
6778.37	1.46368e+56
6846.16	1.37559e+56
6914.62	1.2921e+56
6983.76	1.2397e+56
7053.6	1.16336e+56
7124.14	1.11544e+56
7195.38	1.0457e+56
7267.33	9.79796e+55
7340	9.38378e+55
7413.4	8.78383e+55
7487.54	8.2175e+55
7562.41	7.86132e+55
7638.04	7.34735e+55
7714.42	6.86289e+55
7791.56	6.55784e+55
7869.48	6.11927e+55
7948.17	5.84303e+55
8027.66	5.44679e+55
8107.93	5.07448e+55
8189.01	4.83987e+55
8270.9	4.50438e+55
8353.61	4.29305e+55
8437.15	3.99133e+55
8521.52	3.70848e+55
8606.73	3.53043e+55
8692.8	3.27687e+55
8779.73	3.11709e+55
8867.53	2.88998e+55
8956.2	2.67785e+55
9045.76	2.54426e+55
9136.22	2.35487e+55
9227.58	2.23558e+55
9319.86	2.06692e+55
9413.06	1.96078e+55
9507.19	1.8109e+55
9602.26	1.6714e+55
9698.28	1.58356e+55
9795.26	1.45992e+55
9893.22	1.38208e+55
9992.15	1.27273e+55
10092.1	1.20389e+55
10193	1.10735e+55
10294.9	1.04657e+55
10397.9	9.61572e+54
10501.8	9.08111e+54
10606.9	8.33427e+54
10712.9	7.86445e+54
10820.1	7.20878e+54
10928.3	6.79588e+54
11037.5	6.22198e+54
11147.9	5.86082e+54
11259.4	5.35929e+54
11372	5.04375e+54
11485.7	4.60649e+54
11600.6	4.33156e+54
11716.6	3.95127e+54
11833.7	3.71194e+54
11952.1	3.38183e+54
12071.6	3.17443e+54
12192.3	2.88858e+54
12314.2	2.70887e+54
12437.4	2.4616e+54
12561.8	2.30635e+54
12687.4	2.15994e+54
12814.3	1.95929e+54
12942.4	1.8332e+54
13071.8	1.6607e+54
13202.5	1.55233e+54
13334.6	1.45039e+54
13467.9	1.31147e+54
13602.6	1.22416e+54
13738.6	1.10531e+54
13876	1.03076e+54
14014.8	9.60798e+53
14154.9	8.65856e+53
14296.5	8.06245e+53
14439.4	7.50432e+53
14583.8	6.7496e+53
14729.7	6.27572e+53
14876.9	5.83245e+53
15025.7	5.23529e+53
15176	4.85988e+53
15327.7	4.50954e+53
15481	4.03922e+53
15635.8	3.74392e+53
15792.2	3.46861e+53
15950.1	3.10049e+53
16109.6	2.86921e+53
16270.7	2.65362e+53
16433.4	2.45318e+53
16597.7	2.18642e+53
16763.7	2.01884e+53
16931.4	1.86292e+53
17100.7	1.71823e+53
17271.7	1.52691e+53
17444.4	1.4065e+53
17618.8	1.29489e+53
17795	1.19145e+53
17973	1.09545e+53
18152.7	9.69661e+52
18334.2	8.90228e+52
18517.6	8.17534e+52
18702.8	7.49753e+52
18889.8	6.87146e+52
19078.7	6.29814e+52
19269.5	5.76354e+52
19462.2	5.07681e+52
19656.8	4.6385e+52
19853.3	4.23718e+52
20051.9	3.86656e+52
20252.4	3.52708e+52
20454.9	3.2136e+52
20659.5	2.92884e+52
20866.1	2.66354e+52
21074.7	2.42271e+52
21285.5	2.11594e+52
21498.3	1.91957e+52
21713.3	1.74143e+52
21930.4	1.57832e+52
22149.8	1.42803e+52
22371.2	1.29181e+52
22595	1.16821e+52
22820.9	1.05431e+52
23049.1	9.50426e+51
23279.6	8.56392e+51
23512.4	7.71241e+51
23747.5	6.94097e+51
23985	6.23214e+51
24224.9	5.5876e+51
24467.1	5.0062e+51
24711.8	4.48167e+51
24958.9	4.00861e+51
25208.5	3.58204e+51
25460.6	3.19753e+51
25715.2	2.84887e+51
25972.3	2.53158e+51
26232	2.24738e+51
26494.4	2.07422e+51
26759.3	1.83736e+51
27026.9	1.62557e+51
27297.2	1.43636e+51
27570.1	1.26749e+51
27845.8	1.11693e+51
28124.3	9.82867e+50
28405.5	8.63621e+50
28689.6	7.56521e+50
28976.5	6.61288e+50
29266.3	6.00256e+50
29558.9	5.23223e+50
29854.5	4.55395e+50
30153.1	3.95752e+50
30454.6	3.43378e+50
30759.1	3.08305e+50
31066.7	2.66083e+50
31377.4	2.29292e+50
31691.2	1.97276e+50
32008.1	1.69077e+50
32328.2	1.50189e+50
32651.4	1.28333e+50
32978	1.0924e+50
33307.7	9.6302e+49
33640.8	8.15508e+49
33977.2	6.89573e+49
34317	6.01755e+49
34660.2	5.05897e+49
35006.8	4.24078e+49
35356.8	3.66772e+49
35710.4	3.15921e+49
36067.5	2.62311e+49
36428.2	2.24197e+49
36792.5	1.84929e+49
37160.4	1.56885e+49
37532	1.32366e+49
37907.3	1.07967e+49
38286.4	9.03576e+48
38669.3	7.51946e+48
39055.9	6.23146e+48
39446.5	5.13638e+48
39841	4.20719e+48
40239.4	3.51277e+48
40641.8	2.8424e+48
41048.2	2.33632e+48
41458.7	1.90467e+48
41873.3	1.53851e+48
42292	1.23127e+48
42714.9	9.76196e+47
43142.1	7.77955e+47
43573.5	6.18949e+47
44009.2	4.83791e+47
44449.3	3.7447e+47
44893.8	2.87692e+47
45342.7	2.15208e+47
45796.2	1.5482e+47
46254.1	1.10494e+47
46716.7	7.85889e+46
47183.8	5.57027e+46
47655.7	3.93433e+46
48132.2	2.76904e+46
48613.6	1.94194e+46
49099.7	1.35699e+46
49590.7	9.44791e+45
50086.6	6.55384e+45
50587.5	4.52941e+45
51093.3	3.11859e+45
51604.3	2.13908e+45
52120.3	1.46162e+45
52641.5	9.94859e+44
53167.9	6.74517e+44
53699.6	4.55523e+44
54236.6	3.06407e+44
54779	2.05277e+44
55326.8	1.36967e+44
55880	9.1014e+43
56438.8	6.02284e+43
57003.2	3.96895e+43
57573.2	2.60444e+43
58149	1.70176e+43
58730.5	1.10716e+43
59317.8	7.17179e+42
59911	4.62525e+42
60510.1	2.96971e+42
61115.2	1.8982e+42
61726.3	1.20782e+42
62343.6	7.65024e+41
62967	4.82325e+41
63596.7	3.02674e+41
64232.6	1.89044e+41
64875	1.17512e+41
65523.7	7.26962e+40
66179	4.47539e+40
66840.8	2.74169e+40
67509.2	1.6713e+40
68184.3	1.01371e+40
68866.1	6.11759e+39
69554.8	3.67306e+39
70250.3	2.19399e+39
70952.8	1.30371e+39
71662.3	7.70619e+38
72379	4.53098e+38
73102.7	2.6498e+38
73833.8	1.54128e+38
74572.1	8.91602e+37
75317.8	5.12932e+37
76071	2.93442e+37
76831.7	1.66931e+37
77600	9.44226e+36
78376	5.31027e+36
79159.8	2.96916e+36
79951.4	1.65045e+36
80750.9	9.12001e+35
81558.4	5.00943e+35
82374	2.73499e+35
83197.7	1.48413e+35
84029.7	8.00399e+34
84870	4.2898e+34
85718.7	2.28473e+34
86575.9	1.20913e+34
87441.7	6.35802e+33
88316.1	3.32167e+33
89199.2	1.72404e+33
90091.2	8.88927e+32
90992.1	4.55286e+32
91902.1	2.31618e+32
92821.1	1.17031e+32
93749.3	5.87276e+31
94686.8	2.9266e+31
95633.7	1.44823e+31
96590	7.11593e+30
97555.9	3.47149e+30
98531.5	1.68135e+30
99516.8	8.08406e+29
