10	0
20	0
30	0
40	0
50	0
60	0
70	0
80	0
90	0
100	0
110	0
120	0
130	0
140	0
150	0
160	0
170	0
180	0
190	0
200	0
210	0
220	0
230	0
240	0
250	0
260	0
270	0
280	0
290	0
300	0
310	0
320	0
330	0
340	0
350	0
360	0
370	0
380	0
390	0
400	0
410	0
420	0
430	0
440	0
450	0
460	0
470	0
480	0
490	0
500	0
510	0
520	0
530	0
540	0
550	0
560	0
570	0
580	0
590	0
600	0
610	0
620	0
630	0
640	0
650	0
660	0
670	0
680	0
690	0
700	0
710	0
720	0
730	0
740	0
750	0
760	0
770	0
780	0
790	0
800	0
810	0
820	0
830	0
840	0
850	0
860	0
870	0
880	0
890	0
900	0
910	0
920	0
930	0
940	0
950	0
960	0
970	0
980	0
990	0
1000	0
1010	1.57498e+26
1020	1.54512e+26
1030	1.51584e+26
1040	1.48713e+26
1050	1.45896e+26
1060	1.43135e+26
1070	1.40428e+26
1080	1.37773e+26
1090	1.3517e+26
1100	1.32618e+26
1110	1.30116e+26
1120	1.27664e+26
1130	1.25259e+26
1140	1.22903e+26
1150	1.20593e+26
1160	1.18328e+26
1170	1.16108e+26
1180	1.13933e+26
1190	1.118e+26
1200	1.0971e+26
1210	1.07661e+26
1220	1.05655e+26
1230	1.03687e+26
1240	1.01759e+26
1250	9.98692e+25
1260	9.80171e+25
1270	9.62025e+25
1280	9.44238e+25
1290	9.26811e+25
1300	9.09736e+25
1310	8.92997e+25
1320	8.76601e+25
1330	8.60533e+25
1340	8.44788e+25
1350	8.29358e+25
1360	8.14242e+25
1370	7.99429e+25
1380	7.84916e+25
1390	7.70694e+25
1400	7.56758e+25
1410	7.43102e+25
1420	7.29724e+25
1430	7.16613e+25
1440	7.0377e+25
1450	6.91185e+25
1460	6.78853e+25
1470	6.66772e+25
1480	6.54931e+25
1490	6.43332e+25
1500	6.31964e+25
1510	6.20829e+25
1520	6.09916e+25
1530	5.99222e+25
1540	5.88745e+25
1550	5.78481e+25
1560	5.68419e+25
1570	5.5856e+25
1580	5.48901e+25
1590	5.39437e+25
1600	5.30161e+25
1610	5.21072e+25
1620	5.12165e+25
1630	5.03439e+25
1640	4.94885e+25
1650	4.86505e+25
1660	4.78291e+25
1670	4.70241e+25
1680	4.6235e+25
1690	4.54622e+25
1700	4.47046e+25
1710	4.39617e+25
1720	4.3234e+25
1730	4.25207e+25
1740	4.18216e+25
1750	4.11362e+25
1760	4.04644e+25
1770	3.98062e+25
1780	3.91608e+25
1790	3.85283e+25
1800	3.79081e+25
1810	3.73003e+25
1820	3.67044e+25
1830	3.61203e+25
1840	3.55476e+25
1850	3.49861e+25
1860	3.44357e+25
1870	3.3896e+25
1880	3.33669e+25
1890	3.28481e+25
1900	3.23395e+25
1910	3.18408e+25
1920	3.13517e+25
1930	3.08721e+25
1940	3.04017e+25
1950	2.99406e+25
1960	2.94883e+25
1970	2.90448e+25
1980	2.86097e+25
1990	2.81832e+25
2000	2.77647e+25
2010	2.73542e+25
2020	2.69516e+25
2030	2.65565e+25
2040	2.61689e+25
2050	2.57885e+25
2060	2.54153e+25
2070	2.50491e+25
2080	2.46899e+25
2090	2.43374e+25
2100	2.39914e+25
2110	2.3652e+25
2120	2.33189e+25
2130	2.2992e+25
2140	2.26713e+25
2150	2.23565e+25
2160	2.20475e+25
2170	2.17443e+25
2180	2.14466e+25
2190	2.11545e+25
2200	2.08678e+25
2210	2.05863e+25
2220	2.03101e+25
2230	2.00388e+25
2240	1.97726e+25
2250	1.95112e+25
2260	1.92545e+25
2270	1.90025e+25
2280	1.87551e+25
2290	1.85122e+25
2300	1.82737e+25
2310	1.80394e+25
2320	1.78094e+25
2330	1.75835e+25
2340	1.73616e+25
2350	1.71438e+25
2360	1.69297e+25
2370	1.67196e+25
2380	1.65131e+25
2390	1.63103e+25
2400	1.61111e+25
2410	1.59154e+25
2420	1.57231e+25
2430	1.55343e+25
2440	1.53487e+25
2450	1.51663e+25
2460	1.49872e+25
2470	1.48112e+25
2480	1.46382e+25
2490	1.44681e+25
2500	1.43011e+25
2510	1.41369e+25
2520	1.39755e+25
2530	1.3817e+25
2540	1.36611e+25
2550	1.35078e+25
2560	1.33572e+25
2570	1.32092e+25
2580	1.30637e+25
2590	1.29205e+25
2600	1.27798e+25
2610	1.26414e+25
2620	1.25053e+25
2630	1.23714e+25
2640	1.22398e+25
2650	1.21103e+25
2660	1.19829e+25
2670	1.18576e+25
2680	1.17343e+25
2690	1.1613e+25
2700	1.14937e+25
2710	1.13763e+25
2720	1.12608e+25
2730	1.11471e+25
2740	1.10352e+25
2750	1.09252e+25
2760	1.08168e+25
2770	1.07102e+25
2780	1.06052e+25
2790	1.05019e+25
2800	1.04002e+25
2810	1.03001e+25
2820	1.02015e+25
2830	1.01045e+25
2840	1.00089e+25
2850	9.9148e+24
2860	9.82214e+24
2870	9.7309e+24
2880	9.64104e+24
2890	9.55254e+24
2900	9.46535e+24
2910	9.37948e+24
2920	9.29489e+24
2930	9.21155e+24
2940	9.12947e+24
2950	9.04856e+24
2960	8.96886e+24
2970	8.8903e+24
2980	8.81294e+24
2990	8.73664e+24
3000	8.6615e+24
3010	8.58739e+24
3020	8.51438e+24
3030	8.4424e+24
3040	8.37143e+24
3050	8.30148e+24
3060	8.23251e+24
3070	8.1645e+24
3080	8.09746e+24
3090	8.03136e+24
3100	7.96618e+24
3110	7.90186e+24
3120	7.83841e+24
3130	7.77586e+24
3140	7.71417e+24
3150	7.65329e+24
3160	7.59331e+24
3170	7.53403e+24
3180	7.47563e+24
3190	7.41796e+24
3200	7.36107e+24
3210	7.30495e+24
3220	7.24955e+24
3230	7.19484e+24
3240	7.14091e+24
3250	7.08763e+24
3260	7.03505e+24
3270	6.98314e+24
3280	6.93191e+24
3290	6.88132e+24
3300	6.83138e+24
3310	6.78207e+24
3320	6.73337e+24
3330	6.68525e+24
3340	6.63779e+24
3350	6.59091e+24
3360	6.54457e+24
3370	6.49881e+24
3380	6.45361e+24
3390	6.40894e+24
3400	6.36482e+24
3410	6.32123e+24
3420	6.27817e+24
3430	6.23559e+24
3440	6.19354e+24
3450	6.15198e+24
3460	6.11088e+24
3470	6.07028e+24
3480	6.03015e+24
3490	5.99048e+24
3500	5.95128e+24
3510	5.91248e+24
3520	5.87417e+24
3530	5.83626e+24
3540	5.79875e+24
3550	5.76171e+24
3560	5.72506e+24
3570	5.6888e+24
3580	5.65296e+24
3590	5.61748e+24
3600	5.58245e+24
3610	5.54774e+24
3620	5.51338e+24
3630	5.47945e+24
3640	5.44581e+24
3650	5.41258e+24
3660	5.3797e+24
3670	5.34711e+24
3680	5.3149e+24
3690	5.28302e+24
3700	5.25149e+24
3710	5.22024e+24
3720	5.18932e+24
3730	5.1587e+24
3740	5.1284e+24
3750	5.09838e+24
3760	5.06872e+24
3770	5.03928e+24
3780	5.01017e+24
3790	4.98133e+24
3800	4.95278e+24
3810	4.9245e+24
3820	4.89649e+24
3830	4.86876e+24
3840	4.84126e+24
3850	4.81407e+24
3860	4.78707e+24
3870	4.7604e+24
3880	4.7339e+24
3890	4.70772e+24
3900	4.68171e+24
3910	4.65597e+24
3920	4.63043e+24
3930	4.60516e+24
3940	4.58008e+24
3950	4.55527e+24
3960	4.53063e+24
3970	4.50624e+24
3980	4.48202e+24
3990	4.45803e+24
4000	4.43426e+24
4010	4.41067e+24
4020	4.3873e+24
4030	4.36414e+24
4040	4.34112e+24
4050	4.31836e+24
4060	4.29574e+24
4070	4.27333e+24
4080	4.25111e+24
4090	4.22903e+24
4100	4.20718e+24
4110	4.18545e+24
4120	4.16395e+24
4130	4.14261e+24
4140	4.1214e+24
4150	4.1004e+24
4160	4.07954e+24
4170	4.05885e+24
4180	4.03834e+24
4190	4.01794e+24
4200	3.99772e+24
4210	3.97764e+24
4220	3.95774e+24
4230	3.93801e+24
4240	3.91835e+24
4250	3.89891e+24
4260	3.87956e+24
4270	3.86039e+24
4280	3.84133e+24
4290	3.82243e+24
4300	3.80365e+24
4310	3.78503e+24
4320	3.76652e+24
4330	3.74814e+24
4340	3.72988e+24
4350	3.71179e+24
4360	3.69378e+24
4370	3.67592e+24
4380	3.65819e+24
4390	3.64057e+24
4400	3.62308e+24
4410	3.60569e+24
4420	3.58843e+24
4430	3.57129e+24
4440	3.55427e+24
4450	3.53735e+24
4460	3.52053e+24
4470	3.50385e+24
4480	3.48726e+24
4490	3.47079e+24
4500	3.45441e+24
4510	3.43814e+24
4520	3.42197e+24
4530	3.40592e+24
4540	3.38996e+24
4550	3.3741e+24
4560	3.35833e+24
4570	3.34266e+24
4580	3.32709e+24
4590	3.31161e+24
4600	3.29624e+24
4610	3.28093e+24
4620	3.26574e+24
4630	3.25065e+24
4640	3.23563e+24
4650	3.2207e+24
4660	3.20586e+24
4670	3.19111e+24
4680	3.17646e+24
4690	3.16187e+24
4700	3.14738e+24
4710	3.13296e+24
4720	3.11865e+24
4730	3.10441e+24
4740	3.09021e+24
4750	3.07613e+24
4760	3.06214e+24
4770	3.04821e+24
4780	3.03434e+24
4790	3.02058e+24
4800	3.00687e+24
4810	2.99326e+24
4820	2.97971e+24
4830	2.96623e+24
4840	2.95282e+24
4850	2.93951e+24
4860	2.92623e+24
4870	2.91306e+24
4880	2.89993e+24
4890	2.88688e+24
4900	2.87392e+24
4910	2.86102e+24
4920	2.84816e+24
4930	2.83539e+24
4940	2.82268e+24
4950	2.81003e+24
4960	2.79746e+24
4970	2.78495e+24
4980	2.77251e+24
4990	2.76011e+24
5000	2.74778e+24
5010	2.73554e+24
5020	2.72333e+24
5030	2.71119e+24
5040	2.69911e+24
5050	2.6871e+24
5060	2.67516e+24
5070	2.66324e+24
5080	2.65141e+24
5090	2.63964e+24
5100	2.62791e+24
5110	2.61624e+24
5120	2.60463e+24
5130	2.59309e+24
5140	2.5816e+24
5150	2.57014e+24
5160	2.55876e+24
5170	2.54744e+24
5180	2.53618e+24
5190	2.52496e+24
5200	2.51378e+24
5210	2.50266e+24
5220	2.49162e+24
5230	2.4806e+24
5240	2.46963e+24
5250	2.45872e+24
5260	2.44786e+24
5270	2.43706e+24
5280	2.42629e+24
5290	2.41559e+24
5300	2.40492e+24
5310	2.3943e+24
5320	2.38374e+24
5330	2.37322e+24
5340	2.36275e+24
5350	2.35231e+24
5360	2.34195e+24
5370	2.33162e+24
5380	2.32135e+24
5390	2.3111e+24
5400	2.30091e+24
5410	2.29076e+24
5420	2.28067e+24
5430	2.27061e+24
5440	2.26059e+24
5450	2.25062e+24
5460	2.24071e+24
5470	2.23082e+24
5480	2.22099e+24
5490	2.21119e+24
5500	2.20143e+24
5510	2.19173e+24
5520	2.18205e+24
5530	2.17243e+24
5540	2.16286e+24
5550	2.15331e+24
5560	2.1438e+24
5570	2.13434e+24
5580	2.12492e+24
5590	2.11554e+24
5600	2.10619e+24
5610	2.09689e+24
5620	2.08763e+24
5630	2.07842e+24
5640	2.06922e+24
5650	2.06008e+24
5660	2.05097e+24
5670	2.04191e+24
5680	2.03288e+24
5690	2.02389e+24
5700	2.01494e+24
5710	2.00604e+24
5720	1.99714e+24
5730	1.9883e+24
5740	1.9795e+24
5750	1.97074e+24
5760	1.96201e+24
5770	1.95332e+24
5780	1.94466e+24
5790	1.93604e+24
5800	1.92745e+24
5810	1.9189e+24
5820	1.91038e+24
5830	1.9019e+24
5840	1.89345e+24
5850	1.88505e+24
5860	1.87668e+24
5870	1.86834e+24
5880	1.86004e+24
5890	1.85177e+24
5900	1.84354e+24
5910	1.83534e+24
5920	1.82717e+24
5930	1.81903e+24
5940	1.81093e+24
5950	1.80286e+24
5960	1.79483e+24
5970	1.78681e+24
5980	1.77885e+24
5990	1.77092e+24
6000	1.76302e+24
6010	1.75515e+24
6020	1.74732e+24
6030	1.73951e+24
6040	1.73173e+24
6050	1.724e+24
6060	1.71629e+24
6070	1.7086e+24
6080	1.70095e+24
6090	1.69333e+24
6100	1.68575e+24
6110	1.67819e+24
6120	1.67066e+24
6130	1.66316e+24
6140	1.6557e+24
6150	1.64826e+24
6160	1.64086e+24
6170	1.63348e+24
6180	1.62613e+24
6190	1.61881e+24
6200	1.61153e+24
6210	1.60427e+24
6220	1.59704e+24
6230	1.58984e+24
6240	1.58266e+24
6250	1.57552e+24
6260	1.56841e+24
6270	1.56131e+24
6280	1.55426e+24
6290	1.54723e+24
6300	1.54023e+24
6310	1.53326e+24
6320	1.52632e+24
6330	1.5194e+24
6340	1.51251e+24
6350	1.50565e+24
6360	1.49882e+24
6370	1.49201e+24
6380	1.48522e+24
6390	1.47847e+24
6400	1.47175e+24
6410	1.46506e+24
6420	1.45839e+24
6430	1.45174e+24
6440	1.44512e+24
6450	1.43853e+24
6460	1.43196e+24
6470	1.42543e+24
6480	1.41892e+24
6490	1.41244e+24
6500	1.40598e+24
6510	1.39956e+24
6520	1.39314e+24
6530	1.38675e+24
6540	1.38039e+24
6550	1.37407e+24
6560	1.36776e+24
6570	1.36148e+24
6580	1.35522e+24
6590	1.349e+24
6600	1.3428e+24
6610	1.33662e+24
6620	1.33046e+24
6630	1.32433e+24
6640	1.31824e+24
6650	1.31216e+24
6660	1.3061e+24
6670	1.30007e+24
6680	1.29407e+24
6690	1.28809e+24
6700	1.28213e+24
6710	1.2762e+24
6720	1.27029e+24
6730	1.2644e+24
6740	1.25853e+24
6750	1.2527e+24
6760	1.24688e+24
6770	1.24109e+24
6780	1.23533e+24
6790	1.22958e+24
6800	1.22388e+24
6810	1.21818e+24
6820	1.21251e+24
6830	1.20686e+24
6840	1.20124e+24
6850	1.19563e+24
6860	1.19005e+24
6870	1.18449e+24
6880	1.17895e+24
6890	1.17344e+24
6900	1.16796e+24
6910	1.16249e+24
6920	1.15704e+24
6930	1.15163e+24
6940	1.14623e+24
6950	1.14086e+24
6960	1.13551e+24
6970	1.13017e+24
6980	1.12485e+24
6990	1.11958e+24
7000	1.1143e+24
7010	1.10906e+24
7020	1.10384e+24
7030	1.09863e+24
7040	1.09345e+24
7050	1.0883e+24
7060	1.08316e+24
7070	1.07804e+24
7080	1.07295e+24
7090	1.06786e+24
7100	1.06281e+24
7110	1.05778e+24
7120	1.05277e+24
7130	1.04778e+24
7140	1.04281e+24
7150	1.03785e+24
7160	1.03292e+24
7170	1.02801e+24
7180	1.02312e+24
7190	1.01825e+24
7200	1.0134e+24
7210	1.00858e+24
7220	1.00377e+24
7230	9.98973e+23
7240	9.94204e+23
7250	9.89454e+23
7260	9.84727e+23
7270	9.80022e+23
7280	9.75331e+23
7290	9.70665e+23
7300	9.66009e+23
7310	9.6138e+23
7320	9.56766e+23
7330	9.52173e+23
7340	9.476e+23
7350	9.43048e+23
7360	9.38512e+23
7370	9.33994e+23
7380	9.29492e+23
7390	9.25019e+23
7400	9.20562e+23
7410	9.16121e+23
7420	9.11692e+23
7430	9.0729e+23
7440	9.02913e+23
7450	8.98547e+23
7460	8.94199e+23
7470	8.89868e+23
7480	8.85553e+23
7490	8.81263e+23
7500	8.76988e+23
7510	8.72738e+23
7520	8.68495e+23
7530	8.64278e+23
7540	8.60075e+23
7550	8.55886e+23
7560	8.5172e+23
7570	8.47567e+23
7580	8.43439e+23
7590	8.39325e+23
7600	8.35235e+23
7610	8.31161e+23
7620	8.27096e+23
7630	8.23052e+23
7640	8.19022e+23
7650	8.15018e+23
7660	8.1103e+23
7670	8.07055e+23
7680	8.03094e+23
7690	7.99155e+23
7700	7.95232e+23
7710	7.91323e+23
7720	7.8744e+23
7730	7.83566e+23
7740	7.79711e+23
7750	7.75875e+23
7760	7.72049e+23
7770	7.68243e+23
7780	7.64461e+23
7790	7.60686e+23
7800	7.56929e+23
7810	7.53192e+23
7820	7.49463e+23
7830	7.45758e+23
7840	7.42067e+23
7850	7.3839e+23
7860	7.34728e+23
7870	7.31093e+23
7880	7.27467e+23
7890	7.23853e+23
7900	7.20261e+23
7910	7.1668e+23
7920	7.13118e+23
7930	7.09568e+23
7940	7.06043e+23
7950	7.02525e+23
7960	6.99019e+23
7970	6.95541e+23
7980	6.9207e+23
7990	6.88616e+23
8000	6.85176e+23
8010	6.81756e+23
8020	6.78343e+23
8030	6.7496e+23
8040	6.71581e+23
8050	6.68216e+23
8060	6.64871e+23
8070	6.61538e+23
8080	6.58219e+23
8090	6.54914e+23
8100	6.51629e+23
8110	6.48353e+23
8120	6.45097e+23
8130	6.41854e+23
8140	6.38624e+23
8150	6.35406e+23
8160	6.32205e+23
8170	6.29019e+23
8180	6.25845e+23
8190	6.22684e+23
8200	6.19539e+23
8210	6.16415e+23
8220	6.13293e+23
8230	6.1019e+23
8240	6.07108e+23
8250	6.04032e+23
8260	6.00969e+23
8270	5.97922e+23
8280	5.94891e+23
8290	5.91871e+23
8300	5.88863e+23
8310	5.85872e+23
8320	5.82888e+23
8330	5.79931e+23
8340	5.76973e+23
8350	5.74033e+23
8360	5.71112e+23
8370	5.68201e+23
8380	5.65297e+23
8390	5.62414e+23
8400	5.59545e+23
8410	5.56684e+23
8420	5.53836e+23
8430	5.51002e+23
8440	5.48184e+23
8450	5.45377e+23
8460	5.42578e+23
8470	5.398e+23
8480	5.3703e+23
8490	5.34273e+23
8500	5.31527e+23
8510	5.28798e+23
8520	5.2608e+23
8530	5.23372e+23
8540	5.20676e+23
8550	5.17997e+23
8560	5.15328e+23
8570	5.1267e+23
8580	5.10028e+23
8590	5.07396e+23
8600	5.04774e+23
8610	5.02167e+23
8620	4.99573e+23
8630	4.96988e+23
8640	4.94416e+23
8650	4.91855e+23
8660	4.89309e+23
8670	4.86769e+23
8680	4.84244e+23
8690	4.81734e+23
8700	4.79234e+23
8710	4.76743e+23
8720	4.74267e+23
8730	4.71802e+23
8740	4.69346e+23
8750	4.66899e+23
8760	4.64472e+23
8770	4.62046e+23
8780	4.5964e+23
8790	4.57241e+23
8800	4.54855e+23
8810	4.5248e+23
8820	4.50119e+23
8830	4.47763e+23
8840	4.4542e+23
8850	4.43093e+23
8860	4.4077e+23
8870	4.3846e+23
8880	4.36164e+23
8890	4.33879e+23
8900	4.316e+23
8910	4.29333e+23
8920	4.27083e+23
8930	4.24836e+23
8940	4.22604e+23
8950	4.2038e+23
8960	4.18169e+23
8970	4.15968e+23
8980	4.13776e+23
8990	4.11596e+23
9000	4.09427e+23
9010	4.07265e+23
9020	4.05115e+23
9030	4.02978e+23
9040	4.00848e+23
9050	3.98729e+23
9060	3.9662e+23
9070	3.9452e+23
9080	3.92432e+23
9090	3.90355e+23
9100	3.88285e+23
9110	3.86225e+23
9120	3.84179e+23
9130	3.82139e+23
9140	3.8011e+23
9150	3.78093e+23
9160	3.76083e+23
9170	3.74083e+23
9180	3.72093e+23
9190	3.70115e+23
9200	3.68142e+23
9210	3.66181e+23
9220	3.64229e+23
9230	3.62286e+23
9240	3.60356e+23
9250	3.58433e+23
9260	3.56518e+23
9270	3.54614e+23
9280	3.52721e+23
9290	3.50835e+23
9300	3.48957e+23
9310	3.47091e+23
9320	3.45235e+23
9330	3.43384e+23
9340	3.41544e+23
9350	3.39715e+23
9360	3.37889e+23
9370	3.3608e+23
9380	3.34274e+23
9390	3.32479e+23
9400	3.30691e+23
9410	3.28915e+23
9420	3.27146e+23
9430	3.25385e+23
9440	3.23636e+23
9450	3.21889e+23
9460	3.20156e+23
9470	3.1843e+23
9480	3.16711e+23
9490	3.15003e+23
9500	3.13303e+23
9510	3.11609e+23
9520	3.09926e+23
9530	3.08249e+23
9540	3.0658e+23
9550	3.04924e+23
9560	3.03271e+23
9570	3.01628e+23
9580	2.99996e+23
9590	2.98368e+23
9600	2.9675e+23
9610	2.95138e+23
9620	2.93535e+23
9630	2.9194e+23
9640	2.90355e+23
9650	2.88775e+23
9660	2.87203e+23
9670	2.85641e+23
9680	2.84084e+23
9690	2.82538e+23
9700	2.80999e+23
9710	2.79466e+23
9720	2.77942e+23
9730	2.76423e+23
9740	2.74913e+23
9750	2.73414e+23
9760	2.71919e+23
9770	2.70431e+23
9780	2.68953e+23
9790	2.6748e+23
9800	2.66016e+23
9810	2.64558e+23
9820	2.63109e+23
9830	2.61667e+23
9840	2.60231e+23
9850	2.58804e+23
9860	2.57383e+23
9870	2.5597e+23
9880	2.54562e+23
9890	2.53164e+23
9900	2.5177e+23
9910	2.50386e+23
9920	2.49007e+23
9930	2.47636e+23
9940	2.46271e+23
9950	2.44913e+23
9960	2.43565e+23
9970	2.42219e+23
9980	2.40883e+23
9990	2.39554e+23
10000	2.3823e+23
10010	2.36914e+23
10020	2.35603e+23
10030	2.34299e+23
10040	2.33003e+23
10050	2.31713e+23
10060	2.30429e+23
10070	2.29153e+23
10080	2.27882e+23
10090	2.26621e+23
10100	2.25363e+23
10110	2.24111e+23
10120	2.22868e+23
10130	2.21629e+23
10140	2.20397e+23
10150	2.19172e+23
10160	2.17952e+23
10170	2.16737e+23
10180	2.15532e+23
10190	2.14332e+23
10200	2.13138e+23
10210	2.1195e+23
10220	2.10768e+23
10230	2.09592e+23
10240	2.08422e+23
10250	2.07259e+23
10260	2.06102e+23
10270	2.04949e+23
10280	2.03804e+23
10290	2.02664e+23
10300	2.01529e+23
10310	2.004e+23
10320	1.9928e+23
10330	1.98163e+23
10340	1.97053e+23
10350	1.95948e+23
10360	1.94848e+23
10370	1.93756e+23
10380	1.92668e+23
10390	1.91585e+23
10400	1.90509e+23
10410	1.89439e+23
10420	1.88374e+23
10430	1.87314e+23
10440	1.8626e+23
10450	1.85212e+23
10460	1.84168e+23
10470	1.83131e+23
10480	1.821e+23
10490	1.81072e+23
10500	1.8005e+23
10510	1.79033e+23
10520	1.78024e+23
10530	1.77019e+23
10540	1.76019e+23
10550	1.75024e+23
10560	1.74034e+23
10570	1.7305e+23
10580	1.7207e+23
10590	1.71098e+23
10600	1.70128e+23
10610	1.69164e+23
10620	1.68207e+23
10630	1.67253e+23
10640	1.66304e+23
10650	1.65361e+23
10660	1.64422e+23
10670	1.6349e+23
10680	1.62561e+23
10690	1.61637e+23
10700	1.60717e+23
10710	1.59805e+23
10720	1.58895e+23
10730	1.57991e+23
10740	1.57093e+23
10750	1.56198e+23
10760	1.55308e+23
10770	1.54424e+23
10780	1.53544e+23
10790	1.5267e+23
10800	1.51798e+23
10810	1.50932e+23
10820	1.50071e+23
10830	1.49214e+23
10840	1.48361e+23
10850	1.47513e+23
10860	1.46671e+23
10870	1.45832e+23
10880	1.44997e+23
10890	1.44168e+23
10900	1.43343e+23
10910	1.42522e+23
10920	1.41706e+23
10930	1.40893e+23
10940	1.40086e+23
10950	1.39282e+23
10960	1.38483e+23
10970	1.37687e+23
10980	1.36897e+23
10990	1.36111e+23
11000	1.35329e+23
11010	1.34551e+23
11020	1.33777e+23
11030	1.33008e+23
11040	1.32242e+23
11050	1.31481e+23
11060	1.30723e+23
11070	1.29971e+23
11080	1.29221e+23
11090	1.28476e+23
11100	1.27735e+23
11110	1.26998e+23
11120	1.26266e+23
11130	1.25535e+23
11140	1.24811e+23
11150	1.24089e+23
11160	1.23373e+23
11170	1.22659e+23
11180	1.21949e+23
11190	1.21244e+23
11200	1.20541e+23
11210	1.19843e+23
11220	1.19149e+23
11230	1.18459e+23
11240	1.17772e+23
11250	1.17088e+23
11260	1.16409e+23
11270	1.15734e+23
11280	1.15062e+23
11290	1.14393e+23
11300	1.13729e+23
11310	1.13068e+23
11320	1.1241e+23
11330	1.11756e+23
11340	1.11107e+23
11350	1.1046e+23
11360	1.09816e+23
11370	1.09177e+23
11380	1.08541e+23
11390	1.07908e+23
11400	1.07279e+23
11410	1.06654e+23
11420	1.06031e+23
11430	1.05412e+23
11440	1.04797e+23
11450	1.04185e+23
11460	1.03576e+23
11470	1.0297e+23
11480	1.02369e+23
11490	1.0177e+23
11500	1.01174e+23
11510	1.00582e+23
11520	9.99925e+22
11530	9.94072e+22
11540	9.88249e+22
11550	9.82451e+22
11560	9.76692e+22
11570	9.70968e+22
11580	9.65272e+22
11590	9.59603e+22
11600	9.53969e+22
11610	9.48371e+22
11620	9.42791e+22
11630	9.37253e+22
11640	9.31745e+22
11650	9.2626e+22
11660	9.20808e+22
11670	9.15389e+22
11680	9.10004e+22
11690	9.04646e+22
11700	8.99313e+22
11710	8.94016e+22
11720	8.88748e+22
11730	8.83509e+22
11740	8.78293e+22
11750	8.73113e+22
11760	8.67954e+22
11770	8.62837e+22
11780	8.57737e+22
11790	8.52659e+22
11800	8.47622e+22
11810	8.42612e+22
11820	8.37626e+22
11830	8.32671e+22
11840	8.2774e+22
11850	8.22848e+22
11860	8.17971e+22
11870	8.13123e+22
11880	8.08306e+22
11890	8.03517e+22
11900	7.98748e+22
11910	7.94013e+22
11920	7.89298e+22
11930	7.84616e+22
11940	7.79953e+22
11950	7.75318e+22
11960	7.70714e+22
11970	7.66132e+22
11980	7.61583e+22
11990	7.57048e+22
12000	7.52546e+22
12010	7.48066e+22
12020	7.43619e+22
12030	7.39185e+22
12040	7.34784e+22
12050	7.30404e+22
12060	7.26053e+22
12070	7.21723e+22
12080	7.17416e+22
12090	7.13139e+22
12100	7.08882e+22
12110	7.04649e+22
12120	7.0044e+22
12130	6.96258e+22
12140	6.921e+22
12150	6.87966e+22
12160	6.83849e+22
12170	6.79756e+22
12180	6.75692e+22
12190	6.71648e+22
12200	6.67627e+22
12210	6.63629e+22
12220	6.59652e+22
12230	6.55703e+22
12240	6.51768e+22
12250	6.47864e+22
12260	6.43978e+22
12270	6.40118e+22
12280	6.36272e+22
12290	6.32456e+22
12300	6.28658e+22
12310	6.24886e+22
12320	6.21128e+22
12330	6.17399e+22
12340	6.13686e+22
12350	6.09994e+22
12360	6.06326e+22
12370	6.02679e+22
12380	5.99054e+22
12390	5.95447e+22
12400	5.91858e+22
12410	5.88297e+22
12420	5.84751e+22
12430	5.81231e+22
12440	5.77724e+22
12450	5.74244e+22
12460	5.7078e+22
12470	5.6734e+22
12480	5.63915e+22
12490	5.60509e+22
12500	5.57129e+22
12510	5.53764e+22
12520	5.50421e+22
12530	5.47094e+22
12540	5.43789e+22
12550	5.40501e+22
12560	5.37234e+22
12570	5.33983e+22
12580	5.3075e+22
12590	5.2754e+22
12600	5.24344e+22
12610	5.21172e+22
12620	5.18012e+22
12630	5.14872e+22
12640	5.11754e+22
12650	5.08649e+22
12660	5.05567e+22
12670	5.02497e+22
12680	4.99451e+22
12690	4.96416e+22
12700	4.93401e+22
12710	4.90406e+22
12720	4.87426e+22
12730	4.84465e+22
12740	4.81519e+22
12750	4.78592e+22
12760	4.7568e+22
12770	4.72784e+22
12780	4.69909e+22
12790	4.67048e+22
12800	4.64201e+22
12810	4.61376e+22
12820	4.58563e+22
12830	4.55771e+22
12840	4.5299e+22
12850	4.5023e+22
12860	4.47482e+22
12870	4.44754e+22
12880	4.42037e+22
12890	4.39341e+22
12900	4.36653e+22
12910	4.33988e+22
12920	4.31335e+22
12930	4.28701e+22
12940	4.26079e+22
12950	4.23474e+22
12960	4.20882e+22
12970	4.18309e+22
12980	4.15747e+22
12990	4.13201e+22
13000	4.10672e+22
13010	4.08155e+22
13020	4.05656e+22
13030	4.03169e+22
13040	4.00695e+22
13050	3.98237e+22
13060	3.95797e+22
13070	3.93366e+22
13080	3.90954e+22
13090	3.88552e+22
13100	3.86169e+22
13110	3.83795e+22
13120	3.81436e+22
13130	3.79093e+22
13140	3.76762e+22
13150	3.74446e+22
13160	3.72142e+22
13170	3.69851e+22
13180	3.67574e+22
13190	3.65314e+22
13200	3.63062e+22
13210	3.60829e+22
13220	3.58604e+22
13230	3.56393e+22
13240	3.54197e+22
13250	3.52013e+22
13260	3.49843e+22
13270	3.47684e+22
13280	3.45537e+22
13290	3.43407e+22
13300	3.41284e+22
13310	3.39176e+22
13320	3.37081e+22
13330	3.34999e+22
13340	3.32928e+22
13350	3.30868e+22
13360	3.28824e+22
13370	3.26789e+22
13380	3.24769e+22
13390	3.22757e+22
13400	3.20759e+22
13410	3.18774e+22
13420	3.16799e+22
13430	3.14838e+22
13440	3.12886e+22
13450	3.10947e+22
13460	3.09017e+22
13470	3.071e+22
13480	3.05196e+22
13490	3.03302e+22
13500	3.01418e+22
13510	2.99549e+22
13520	2.97688e+22
13530	2.95838e+22
13540	2.94001e+22
13550	2.92174e+22
13560	2.90359e+22
13570	2.88553e+22
13580	2.86758e+22
13590	2.84973e+22
13600	2.832e+22
13610	2.81438e+22
13620	2.79686e+22
13630	2.77943e+22
13640	2.76213e+22
13650	2.74491e+22
13660	2.72779e+22
13670	2.71079e+22
13680	2.69389e+22
13690	2.67709e+22
13700	2.66038e+22
13710	2.6438e+22
13720	2.62728e+22
13730	2.61089e+22
13740	2.59458e+22
13750	2.57837e+22
13760	2.56226e+22
13770	2.54625e+22
13780	2.53034e+22
13790	2.51451e+22
13800	2.49879e+22
13810	2.48316e+22
13820	2.46763e+22
13830	2.45217e+22
13840	2.43682e+22
13850	2.42159e+22
13860	2.40639e+22
13870	2.39132e+22
13880	2.37634e+22
13890	2.36145e+22
13900	2.34664e+22
13910	2.33193e+22
13920	2.31729e+22
13930	2.30277e+22
13940	2.28831e+22
13950	2.27396e+22
13960	2.25967e+22
13970	2.24548e+22
13980	2.23137e+22
13990	2.21737e+22
14000	2.20343e+22
14010	2.18957e+22
14020	2.17581e+22
14030	2.16212e+22
14040	2.14853e+22
14050	2.135e+22
14060	2.12157e+22
14070	2.10822e+22
14080	2.09495e+22
14090	2.08175e+22
14100	2.06864e+22
14110	2.05561e+22
14120	2.04266e+22
14130	2.02977e+22
14140	2.01698e+22
14150	2.00425e+22
14160	1.99162e+22
14170	1.97905e+22
14180	1.96656e+22
14190	1.95414e+22
14200	1.94181e+22
14210	1.92954e+22
14220	1.91736e+22
14230	1.90525e+22
14240	1.89321e+22
14250	1.88124e+22
14260	1.86935e+22
14270	1.85753e+22
14280	1.84578e+22
14290	1.83411e+22
14300	1.8225e+22
14310	1.81097e+22
14320	1.7995e+22
14330	1.78811e+22
14340	1.77678e+22
14350	1.76554e+22
14360	1.75435e+22
14370	1.74322e+22
14380	1.73218e+22
14390	1.72121e+22
14400	1.71029e+22
14410	1.69945e+22
14420	1.68866e+22
14430	1.67795e+22
14440	1.6673e+22
14450	1.65673e+22
14460	1.64621e+22
14470	1.63576e+22
14480	1.62537e+22
14490	1.61505e+22
14500	1.60479e+22
14510	1.5946e+22
14520	1.58447e+22
14530	1.57439e+22
14540	1.56439e+22
14550	1.55443e+22
14560	1.54455e+22
14570	1.53472e+22
14580	1.52494e+22
14590	1.51524e+22
14600	1.50559e+22
14610	1.49601e+22
14620	1.48647e+22
14630	1.47701e+22
14640	1.46759e+22
14650	1.45824e+22
14660	1.44895e+22
14670	1.43971e+22
14680	1.43053e+22
14690	1.4214e+22
14700	1.41234e+22
14710	1.40332e+22
14720	1.39435e+22
14730	1.38545e+22
14740	1.3766e+22
14750	1.36781e+22
14760	1.35907e+22
14770	1.35039e+22
14780	1.34175e+22
14790	1.33318e+22
14800	1.32466e+22
14810	1.31618e+22
14820	1.30777e+22
14830	1.29939e+22
14840	1.29107e+22
14850	1.28281e+22
14860	1.27459e+22
14870	1.26644e+22
14880	1.25832e+22
14890	1.25026e+22
14900	1.24225e+22
14910	1.23429e+22
14920	1.22637e+22
14930	1.21851e+22
14940	1.2107e+22
14950	1.20293e+22
14960	1.19521e+22
14970	1.18754e+22
14980	1.17991e+22
14990	1.17234e+22
15000	1.16481e+22
15010	1.15733e+22
15020	1.14989e+22
15030	1.14251e+22
15040	1.13516e+22
15050	1.12786e+22
15060	1.12061e+22
15070	1.11341e+22
15080	1.10624e+22
15090	1.09913e+22
15100	1.09205e+22
15110	1.08503e+22
15120	1.07803e+22
15130	1.07109e+22
15140	1.06419e+22
15150	1.05733e+22
15160	1.05053e+22
15170	1.04375e+22
15180	1.03703e+22
15190	1.03034e+22
15200	1.0237e+22
15210	1.01709e+22
15220	1.01053e+22
15230	1.00401e+22
15240	9.97536e+21
15250	9.91091e+21
15260	9.84689e+21
15270	9.78333e+21
15280	9.72011e+21
15290	9.65736e+21
15300	9.59491e+21
15310	9.53295e+21
15320	9.47127e+21
15330	9.41008e+21
15340	9.3492e+21
15350	9.28876e+21
15360	9.22863e+21
15370	9.16894e+21
15380	9.10958e+21
15390	9.05058e+21
15400	8.99201e+21
15410	8.93375e+21
15420	8.87591e+21
15430	8.81838e+21
15440	8.76121e+21
15450	8.70445e+21
15460	8.648e+21
15470	8.59196e+21
15480	8.53622e+21
15490	8.48089e+21
15500	8.42583e+21
15510	8.3712e+21
15520	8.31683e+21
15530	8.26282e+21
15540	8.20922e+21
15550	8.15586e+21
15560	8.10294e+21
15570	8.05025e+21
15580	7.99792e+21
15590	7.94599e+21
15600	7.89437e+21
15610	7.84302e+21
15620	7.79197e+21
15630	7.74134e+21
15640	7.69096e+21
15650	7.64088e+21
15660	7.5912e+21
15670	7.54175e+21
15680	7.49263e+21
15690	7.44389e+21
15700	7.39537e+21
15710	7.34724e+21
15720	7.29933e+21
15730	7.25181e+21
15740	7.20453e+21
15750	7.15758e+21
15760	7.1109e+21
15770	7.06449e+21
15780	7.01845e+21
15790	6.97265e+21
15800	6.92711e+21
15810	6.88195e+21
15820	6.83699e+21
15830	6.79232e+21
15840	6.74795e+21
15850	6.70392e+21
15860	6.66009e+21
15870	6.61662e+21
15880	6.57334e+21
15890	6.53042e+21
15900	6.48772e+21
15910	6.44527e+21
15920	6.40316e+21
15930	6.36124e+21
15940	6.31961e+21
15950	6.27826e+21
15960	6.23718e+21
15970	6.19635e+21
15980	6.15575e+21
15990	6.11543e+21
16000	6.07542e+21
16010	6.03564e+21
16020	5.99609e+21
16030	5.95677e+21
16040	5.91772e+21
16050	5.87896e+21
16060	5.84039e+21
16070	5.80208e+21
16080	5.764e+21
16090	5.72623e+21
16100	5.68865e+21
16110	5.6513e+21
16120	5.6142e+21
16130	5.57732e+21
16140	5.54073e+21
16150	5.50438e+21
16160	5.4682e+21
16170	5.43228e+21
16180	5.39656e+21
16190	5.3611e+21
16200	5.32586e+21
16210	5.29086e+21
16220	5.25607e+21
16230	5.22148e+21
16240	5.18714e+21
16250	5.15301e+21
16260	5.11909e+21
16270	5.08543e+21
16280	5.05194e+21
16290	5.01868e+21
16300	4.98564e+21
16310	4.95282e+21
16320	4.9202e+21
16330	4.88777e+21
16340	4.85557e+21
16350	4.82355e+21
16360	4.79176e+21
16370	4.76015e+21
16380	4.72877e+21
16390	4.69759e+21
16400	4.6666e+21
16410	4.63584e+21
16420	4.60524e+21
16430	4.57485e+21
16440	4.54465e+21
16450	4.51463e+21
16460	4.48483e+21
16470	4.45521e+21
16480	4.42579e+21
16490	4.39656e+21
16500	4.36749e+21
16510	4.33864e+21
16520	4.30996e+21
16530	4.28148e+21
16540	4.2532e+21
16550	4.22505e+21
16560	4.19712e+21
16570	4.16935e+21
16580	4.14177e+21
16590	4.11438e+21
16600	4.08713e+21
16610	4.06009e+21
16620	4.03321e+21
16630	4.00651e+21
16640	3.97998e+21
16650	3.95361e+21
16660	3.92741e+21
16670	3.90141e+21
16680	3.87557e+21
16690	3.84988e+21
16700	3.82438e+21
16710	3.79901e+21
16720	3.77384e+21
16730	3.74883e+21
16740	3.72396e+21
16750	3.69927e+21
16760	3.67473e+21
16770	3.65036e+21
16780	3.62615e+21
16790	3.60208e+21
16800	3.57818e+21
16810	3.55442e+21
16820	3.53083e+21
16830	3.5074e+21
16840	3.48409e+21
16850	3.46096e+21
16860	3.43796e+21
16870	3.41513e+21
16880	3.39244e+21
16890	3.36989e+21
16900	3.34747e+21
16910	3.32523e+21
16920	3.3031e+21
16930	3.28114e+21
16940	3.25933e+21
16950	3.23763e+21
16960	3.2161e+21
16970	3.19469e+21
16980	3.17343e+21
16990	3.15231e+21
17000	3.13131e+21
17010	3.11047e+21
17020	3.08974e+21
17030	3.06917e+21
17040	3.04873e+21
17050	3.0284e+21
17060	3.00821e+21
17070	2.98817e+21
17080	2.96825e+21
17090	2.94845e+21
17100	2.9288e+21
17110	2.90925e+21
17120	2.88986e+21
17130	2.87058e+21
17140	2.85142e+21
17150	2.83239e+21
17160	2.81348e+21
17170	2.7947e+21
17180	2.77605e+21
17190	2.7575e+21
17200	2.73907e+21
17210	2.72078e+21
17220	2.70259e+21
17230	2.68454e+21
17240	2.66661e+21
17250	2.64877e+21
17260	2.63107e+21
17270	2.61347e+21
17280	2.596e+21
17290	2.57864e+21
17300	2.56138e+21
17310	2.54425e+21
17320	2.52722e+21
17330	2.51031e+21
17340	2.4935e+21
17350	2.47681e+21
17360	2.46022e+21
17370	2.44375e+21
17380	2.42739e+21
17390	2.41112e+21
17400	2.39497e+21
17410	2.37891e+21
17420	2.36297e+21
17430	2.34714e+21
17440	2.3314e+21
17450	2.31576e+21
17460	2.30024e+21
17470	2.2848e+21
17480	2.26948e+21
17490	2.25426e+21
17500	2.23912e+21
17510	2.2241e+21
17520	2.20916e+21
17530	2.19434e+21
17540	2.1796e+21
17550	2.16497e+21
17560	2.15042e+21
17570	2.13598e+21
17580	2.12164e+21
17590	2.10738e+21
17600	2.09322e+21
17610	2.07914e+21
17620	2.06516e+21
17630	2.05128e+21
17640	2.03749e+21
17650	2.02378e+21
17660	2.01018e+21
17670	1.99664e+21
17680	1.98322e+21
17690	1.96987e+21
17700	1.95661e+21
17710	1.94344e+21
17720	1.93036e+21
17730	1.91737e+21
17740	1.90445e+21
17750	1.89163e+21
17760	1.87888e+21
17770	1.86621e+21
17780	1.85364e+21
17790	1.84116e+21
17800	1.82874e+21
17810	1.81642e+21
17820	1.80417e+21
17830	1.79201e+21
17840	1.77991e+21
17850	1.76791e+21
17860	1.75598e+21
17870	1.74414e+21
17880	1.73238e+21
17890	1.72068e+21
17900	1.70906e+21
17910	1.69753e+21
17920	1.68606e+21
17930	1.67468e+21
17940	1.66336e+21
17950	1.65213e+21
17960	1.64096e+21
17970	1.62988e+21
17980	1.61888e+21
17990	1.60793e+21
18000	1.59705e+21
18010	1.58626e+21
18020	1.57554e+21
18030	1.56488e+21
18040	1.5543e+21
18050	1.54378e+21
18060	1.53333e+21
18070	1.52296e+21
18080	1.51266e+21
18090	1.50242e+21
18100	1.49224e+21
18110	1.48215e+21
18120	1.47212e+21
18130	1.46214e+21
18140	1.45223e+21
18150	1.4424e+21
18160	1.43262e+21
18170	1.42292e+21
18180	1.41328e+21
18190	1.4037e+21
18200	1.39418e+21
18210	1.38474e+21
18220	1.37535e+21
18230	1.36602e+21
18240	1.35675e+21
18250	1.34755e+21
18260	1.33841e+21
18270	1.32933e+21
18280	1.3203e+21
18290	1.31135e+21
18300	1.30244e+21
18310	1.2936e+21
18320	1.28482e+21
18330	1.2761e+21
18340	1.26743e+21
18350	1.25881e+21
18360	1.25026e+21
18370	1.24177e+21
18380	1.23333e+21
18390	1.22495e+21
18400	1.21662e+21
18410	1.20835e+21
18420	1.20014e+21
18430	1.19198e+21
18440	1.18387e+21
18450	1.17582e+21
18460	1.16782e+21
18470	1.15988e+21
18480	1.15198e+21
18490	1.14414e+21
18500	1.13636e+21
18510	1.12862e+21
18520	1.12094e+21
18530	1.1133e+21
18540	1.10572e+21
18550	1.0982e+21
18560	1.09071e+21
18570	1.08328e+21
18580	1.0759e+21
18590	1.06857e+21
18600	1.06129e+21
18610	1.05405e+21
18620	1.04687e+21
18630	1.03973e+21
18640	1.03264e+21
18650	1.0256e+21
18660	1.0186e+21
18670	1.01166e+21
18680	1.00476e+21
18690	9.97898e+20
18700	9.91085e+20
18710	9.84326e+20
18720	9.77612e+20
18730	9.70935e+20
18740	9.64305e+20
18750	9.57719e+20
18760	9.51174e+20
18770	9.44683e+20
18780	9.38229e+20
18790	9.31822e+20
18800	9.25454e+20
18810	9.19129e+20
18820	9.1285e+20
18830	9.06609e+20
18840	9.00411e+20
18850	8.94252e+20
18860	8.88137e+20
18870	8.82065e+20
18880	8.76032e+20
18890	8.70039e+20
18900	8.64089e+20
18910	8.58177e+20
18920	8.52309e+20
18930	8.46473e+20
18940	8.40679e+20
18950	8.34922e+20
18960	8.29206e+20
18970	8.23533e+20
18980	8.17891e+20
18990	8.12289e+20
19000	8.06726e+20
19010	8.01197e+20
19020	7.95712e+20
19030	7.90258e+20
19040	7.84843e+20
19050	7.7946e+20
19060	7.74116e+20
19070	7.68813e+20
19080	7.63543e+20
19090	7.58305e+20
19100	7.53106e+20
19110	7.47941e+20
19120	7.42812e+20
19130	7.37715e+20
19140	7.32654e+20
19150	7.27626e+20
19160	7.22633e+20
19170	7.17677e+20
19180	7.12747e+20
19190	7.07856e+20
19200	7.02997e+20
19210	6.98167e+20
19220	6.93376e+20
19230	6.88615e+20
19240	6.83882e+20
19250	6.79184e+20
19260	6.7452e+20
19270	6.69886e+20
19280	6.65283e+20
19290	6.60711e+20
19300	6.56168e+20
19310	6.51656e+20
19320	6.47179e+20
19330	6.4273e+20
19340	6.38308e+20
19350	6.3392e+20
19360	6.29563e+20
19370	6.25231e+20
19380	6.20931e+20
19390	6.1666e+20
19400	6.12417e+20
19410	6.08205e+20
19420	6.04021e+20
19430	5.99863e+20
19440	5.95736e+20
19450	5.91637e+20
19460	5.87563e+20
19470	5.83519e+20
19480	5.795e+20
19490	5.7551e+20
19500	5.71548e+20
19510	5.6761e+20
19520	5.63701e+20
19530	5.59819e+20
19540	5.5596e+20
19550	5.5213e+20
19560	5.48326e+20
19570	5.44546e+20
19580	5.40793e+20
19590	5.37063e+20
19600	5.33362e+20
19610	5.29685e+20
19620	5.2603e+20
19630	5.22403e+20
19640	5.18799e+20
19650	5.15221e+20
19660	5.11667e+20
19670	5.08135e+20
19680	5.04629e+20
19690	5.01147e+20
19700	4.97687e+20
19710	4.94252e+20
19720	4.90841e+20
19730	4.8745e+20
19740	4.84085e+20
19750	4.80743e+20
19760	4.77421e+20
19770	4.74121e+20
19780	4.70847e+20
19790	4.67594e+20
19800	4.64362e+20
19810	4.61154e+20
19820	4.57967e+20
19830	4.548e+20
19840	4.51657e+20
19850	4.48535e+20
19860	4.45432e+20
19870	4.42352e+20
19880	4.39294e+20
19890	4.36254e+20
19900	4.33237e+20
19910	4.3024e+20
19920	4.27262e+20
19930	4.24304e+20
19940	4.21368e+20
19950	4.18452e+20
19960	4.15554e+20
19970	4.12678e+20
19980	4.09822e+20
19990	4.06982e+20
