5.29056e+12	2.97174e+44
7.05408e+12	5.28324e+44
8.8176e+12	8.2555e+44
1.05811e+13	1.19056e+45
1.23446e+13	1.62062e+45
1.41082e+13	2.11939e+45
1.58717e+13	2.67076e+45
1.76352e+13	3.30236e+45
1.93987e+13	3.99634e+45
2.11622e+13	4.76347e+45
2.29258e+13	5.59128e+45
2.46893e+13	6.49317e+45
2.64528e+13	7.43291e+45
2.82163e+13	8.47304e+45
2.99798e+13	9.57826e+45
3.17434e+13	1.07558e+46
3.35069e+13	1.1951e+46
3.52704e+13	1.32606e+46
3.70339e+13	1.46443e+46
3.87974e+13	1.60283e+46
4.0561e+13	1.75436e+46
4.23245e+13	1.90778e+46
4.4088e+13	2.07307e+46
4.58515e+13	2.24611e+46
4.7615e+13	2.41855e+46
4.93785e+13	2.60556e+46
5.11421e+13	2.79081e+46
5.29056e+13	2.9962e+46
5.46691e+13	3.18999e+46
5.64326e+13	3.41008e+46
5.81961e+13	3.62127e+46
5.99597e+13	3.85105e+46
6.17232e+13	4.07616e+46
6.34867e+13	4.32533e+46
6.52502e+13	4.56374e+46
6.70137e+13	4.80706e+46
6.87773e+13	5.08001e+46
7.05408e+13	5.33645e+46
7.23043e+13	5.62372e+46
7.40678e+13	5.90164e+46
7.58313e+13	6.181e+46
7.75949e+13	6.49176e+46
7.93584e+13	6.78287e+46
8.11219e+13	7.08838e+46
8.28854e+13	7.39014e+46
8.46489e+13	7.74273e+46
8.64125e+13	8.06048e+46
8.8176e+13	8.39616e+46
8.99395e+13	8.72412e+46
9.1703e+13	9.07081e+46
9.34665e+13	9.46602e+46
9.52301e+13	9.81683e+46
9.69936e+13	1.01882e+47
9.87571e+13	1.05638e+47
1.00521e+14	1.09463e+47
1.02284e+14	1.1323e+47
1.04048e+14	1.1722e+47
1.05811e+14	1.21787e+47
1.07575e+14	1.25905e+47
1.09338e+14	1.30093e+47
1.11102e+14	1.34389e+47
1.12865e+14	1.38756e+47
1.14629e+14	1.43158e+47
1.16392e+14	1.4767e+47
1.18156e+14	1.52428e+47
1.19919e+14	1.57049e+47
1.21683e+14	1.61784e+47
1.23446e+14	1.66595e+47
1.2521e+14	1.71671e+47
1.26973e+14	1.75863e+47
1.28737e+14	1.80827e+47
1.305e+14	1.86174e+47
1.32264e+14	1.91293e+47
1.34027e+14	1.96535e+47
1.35791e+14	2.02131e+47
1.37555e+14	2.07533e+47
1.39318e+14	2.13244e+47
1.41082e+14	2.17782e+47
1.42845e+14	2.23698e+47
1.44609e+14	2.297e+47
1.46372e+14	2.35471e+47
1.48136e+14	2.41653e+47
1.49899e+14	2.46434e+47
1.51663e+14	2.5276e+47
1.53426e+14	2.59106e+47
1.5519e+14	2.65615e+47
1.56953e+14	2.70733e+47
1.58717e+14	2.77317e+47
1.6048e+14	2.84068e+47
1.62244e+14	2.89648e+47
1.64007e+14	2.9615e+47
1.65771e+14	3.03149e+47
1.67534e+14	3.08886e+47
1.69298e+14	3.15953e+47
1.71061e+14	3.23288e+47
1.72825e+14	3.29191e+47
1.74588e+14	3.366e+47
1.76352e+14	3.43542e+47
1.78115e+14	3.49698e+47
1.79879e+14	3.57352e+47
1.81643e+14	3.63511e+47
1.83406e+14	3.7143e+47
1.8517e+14	3.77582e+47
1.86933e+14	3.85553e+47
1.88697e+14	3.93735e+47
1.9046e+14	4.00155e+47
1.92224e+14	4.08386e+47
1.93987e+14	4.15018e+47
1.95751e+14	4.23406e+47
1.97514e+14	4.30139e+47
1.99278e+14	4.38692e+47
2.01041e+14	4.45525e+47
2.02805e+14	4.52869e+47
2.04568e+14	4.61654e+47
2.06332e+14	4.68623e+47
2.08095e+14	4.77569e+47
2.09859e+14	4.84635e+47
2.11622e+14	4.93746e+47
2.13386e+14	5.009e+47
2.15149e+14	5.10309e+47
2.16913e+14	5.17572e+47
2.18676e+14	5.2486e+47
2.2044e+14	5.34344e+47
2.22203e+14	5.4243e+47
2.23967e+14	5.49847e+47
2.25731e+14	5.59719e+47
2.27494e+14	5.67232e+47
2.29258e+14	5.77099e+47
2.31021e+14	5.84692e+47
2.32785e+14	5.92488e+47
2.34548e+14	6.02571e+47
2.36312e+14	6.1124e+47
2.38075e+14	6.18983e+47
2.39839e+14	6.29298e+47
2.41602e+14	6.373e+47
2.43366e+14	6.45152e+47
2.45129e+14	6.5303e+47
2.46893e+14	6.63979e+47
2.48656e+14	6.71742e+47
2.5042e+14	6.80766e+47
2.52183e+14	6.91774e+47
2.53947e+14	7.0003e+47
2.5571e+14	7.08108e+47
2.57474e+14	7.16419e+47
2.59237e+14	7.27679e+47
2.61001e+14	7.35858e+47
2.62764e+14	7.44037e+47
2.64528e+14	7.52463e+47
2.66291e+14	7.63994e+47
2.68055e+14	7.73439e+47
2.69819e+14	7.81962e+47
2.71582e+14	7.9027e+47
2.73346e+14	7.98825e+47
2.75109e+14	8.10912e+47
2.76873e+14	8.19297e+47
2.78636e+14	8.28161e+47
2.804e+14	8.36822e+47
2.82163e+14	8.45486e+47
2.83927e+14	8.53918e+47
2.8569e+14	8.66356e+47
2.87454e+14	8.75094e+47
2.89217e+14	8.83849e+47
2.90981e+14	8.92609e+47
2.92744e+14	9.01371e+47
2.94508e+14	9.10252e+47
2.96271e+14	9.22762e+47
2.98035e+14	9.31693e+47
2.99798e+14	9.40527e+47
3.01562e+14	9.49205e+47
3.03325e+14	9.58035e+47
3.05089e+14	9.66987e+47
3.06852e+14	9.75662e+47
3.08616e+14	9.88915e+47
3.10379e+14	9.9763e+47
3.12143e+14	1.00663e+48
3.13906e+14	1.01534e+48
3.1567e+14	1.02417e+48
3.17434e+14	1.03288e+48
3.19197e+14	1.04169e+48
3.20961e+14	1.05069e+48
3.22724e+14	1.0595e+48
3.24488e+14	1.0683e+48
3.26251e+14	1.0818e+48
3.28015e+14	1.09061e+48
3.29778e+14	1.09944e+48
3.31542e+14	1.10825e+48
3.33305e+14	1.11719e+48
3.35069e+14	1.12565e+48
3.36832e+14	1.13457e+48
3.38596e+14	1.14314e+48
3.40359e+14	1.15188e+48
3.42123e+14	1.16043e+48
3.43886e+14	1.16928e+48
3.4565e+14	1.17779e+48
3.47413e+14	1.18642e+48
3.49177e+14	1.20044e+48
3.5094e+14	1.20894e+48
3.52704e+14	1.21719e+48
3.54467e+14	1.22614e+48
3.56231e+14	1.23455e+48
3.57994e+14	1.24311e+48
3.59758e+14	1.25125e+48
3.61522e+14	1.26014e+48
3.63285e+14	1.26803e+48
3.65049e+14	1.27686e+48
3.66812e+14	1.28468e+48
3.68576e+14	1.29346e+48
3.70339e+14	1.30122e+48
3.72103e+14	1.30973e+48
3.73866e+14	1.31783e+48
3.7563e+14	1.32626e+48
3.77393e+14	1.33429e+48
3.79157e+14	1.34229e+48
3.8092e+14	1.35002e+48
3.82684e+14	1.35834e+48
3.84447e+14	1.36641e+48
3.86211e+14	1.3803e+48
3.87974e+14	1.38791e+48
3.89738e+14	1.39589e+48
3.91501e+14	1.40342e+48
3.93265e+14	1.41155e+48
3.95028e+14	1.41899e+48
3.96792e+14	1.42683e+48
3.98555e+14	1.4344e+48
4.00319e+14	1.44147e+48
4.02082e+14	1.44962e+48
4.03846e+14	1.45661e+48
4.0561e+14	1.46445e+48
4.07373e+14	1.47109e+48
4.09137e+14	1.47882e+48
4.109e+14	1.48608e+48
4.12664e+14	1.49304e+48
4.14427e+14	1.50017e+48
4.16191e+14	1.50703e+48
4.17954e+14	1.51382e+48
4.19718e+14	1.52104e+48
4.21481e+14	1.52773e+48
4.23245e+14	1.53484e+48
4.25008e+14	1.54142e+48
4.26772e+14	1.5482e+48
4.28535e+14	1.55466e+48
4.30299e+14	1.56133e+48
4.32062e+14	1.56744e+48
4.33826e+14	1.57397e+48
4.35589e+14	1.57997e+48
4.37353e+14	1.58686e+48
4.39116e+14	1.59324e+48
4.4088e+14	1.59957e+48
4.42643e+14	1.60505e+48
4.44407e+14	1.61841e+48
4.4617e+14	1.6243e+48
4.47934e+14	1.63014e+48
4.49698e+14	1.63618e+48
4.51461e+14	1.6419e+48
4.53225e+14	1.6473e+48
4.54988e+14	1.6534e+48
4.56752e+14	1.6584e+48
4.58515e+14	1.66413e+48
4.60279e+14	1.66951e+48
4.62042e+14	1.67509e+48
4.63806e+14	1.67981e+48
4.65569e+14	1.68529e+48
4.67333e+14	1.69015e+48
4.69096e+14	1.69494e+48
4.7086e+14	1.69995e+48
4.72623e+14	1.70513e+48
4.74387e+14	1.70971e+48
4.7615e+14	1.71451e+48
4.77914e+14	1.71896e+48
4.79677e+14	1.72307e+48
4.81441e+14	1.72763e+48
4.83204e+14	1.73992e+48
4.84968e+14	1.74381e+48
4.86731e+14	1.74822e+48
4.88495e+14	1.75253e+48
4.90258e+14	1.75652e+48
4.92022e+14	1.76068e+48
4.93785e+14	1.76453e+48
4.95549e+14	1.76854e+48
4.97313e+14	1.77223e+48
4.99076e+14	1.77584e+48
5.0084e+14	1.7794e+48
5.02603e+14	1.78283e+48
5.04367e+14	1.78624e+48
5.0613e+14	1.79011e+48
5.07894e+14	1.79309e+48
5.09657e+14	1.80378e+48
5.11421e+14	1.8072e+48
5.13184e+14	1.81019e+48
5.14948e+14	1.81348e+48
5.16711e+14	1.81607e+48
5.18475e+14	1.81859e+48
5.20238e+14	1.82164e+48
5.22002e+14	1.824e+48
5.23765e+14	1.82627e+48
5.25529e+14	1.82882e+48
5.27292e+14	1.83095e+48
5.29056e+14	1.84168e+48
5.30819e+14	1.84424e+48
5.32583e+14	1.84528e+48
5.34346e+14	1.84747e+48
5.3611e+14	1.84955e+48
5.37873e+14	1.85156e+48
5.39637e+14	1.85288e+48
5.41401e+14	1.85471e+48
5.43164e+14	1.85648e+48
5.44928e+14	1.86642e+48
5.46691e+14	1.86802e+48
5.48455e+14	1.86932e+48
5.50218e+14	1.87014e+48
5.51982e+14	1.87188e+48
5.53745e+14	1.87232e+48
5.55509e+14	1.87392e+48
5.57272e+14	1.88277e+48
5.59036e+14	1.88357e+48
5.60799e+14	1.88431e+48
5.62563e+14	1.88494e+48
5.64326e+14	1.88527e+48
5.6609e+14	1.88639e+48
5.67853e+14	1.88657e+48
5.69617e+14	1.89553e+48
5.7138e+14	1.89556e+48
5.73144e+14	1.8955e+48
5.74907e+14	1.89598e+48
5.76671e+14	1.89595e+48
5.78434e+14	1.89545e+48
5.80198e+14	1.90441e+48
5.81961e+14	1.90392e+48
5.83725e+14	1.90337e+48
5.85489e+14	1.90315e+48
5.87252e+14	1.90243e+48
5.89016e+14	1.91083e+48
5.90779e+14	1.90995e+48
5.92543e+14	1.9094e+48
5.94306e+14	1.90814e+48
5.9607e+14	1.90746e+48
5.97833e+14	1.91487e+48
5.99597e+14	1.914e+48
6.0136e+14	1.9124e+48
6.03124e+14	1.91139e+48
6.04887e+14	1.91028e+48
6.06651e+14	1.91711e+48
6.08414e+14	1.91585e+48
6.10178e+14	1.91432e+48
6.11941e+14	1.91288e+48
6.13705e+14	1.92006e+48
6.15468e+14	1.91765e+48
6.17232e+14	1.91579e+48
6.18995e+14	1.91384e+48
6.20759e+14	1.91183e+48
6.22522e+14	1.91863e+48
6.24286e+14	1.91645e+48
6.26049e+14	1.9142e+48
6.27813e+14	1.91168e+48
6.29577e+14	1.9182e+48
6.3134e+14	1.91551e+48
6.33104e+14	1.91563e+48
6.34867e+14	1.91459e+48
6.36631e+14	1.91437e+48
6.38394e+14	1.91422e+48
6.40158e+14	1.91384e+48
6.41921e+14	1.91248e+48
6.43685e+14	1.91194e+48
6.45448e+14	1.91135e+48
6.47212e+14	1.91116e+48
6.48975e+14	1.9104e+48
6.50739e+14	1.90954e+48
6.52502e+14	1.90914e+48
6.54266e+14	1.90814e+48
6.56029e+14	1.90691e+48
6.57793e+14	1.90641e+48
6.59556e+14	1.90505e+48
6.6132e+14	1.9036e+48
6.63083e+14	1.90364e+48
6.64847e+14	1.90204e+48
6.6661e+14	1.90035e+48
6.68374e+14	1.89927e+48
6.70137e+14	1.89833e+48
6.71901e+14	1.89708e+48
6.73664e+14	1.89588e+48
6.75428e+14	1.8945e+48
6.77192e+14	1.89236e+48
6.78955e+14	1.89158e+48
6.80719e+14	1.88997e+48
6.82482e+14	1.88838e+48
6.84246e+14	1.88673e+48
6.86009e+14	1.88544e+48
6.87773e+14	1.88366e+48
6.89536e+14	1.88178e+48
6.913e+14	1.87959e+48
6.93063e+14	1.87823e+48
6.94827e+14	1.87613e+48
6.9659e+14	1.87464e+48
6.98354e+14	1.87216e+48
7.00117e+14	1.87042e+48
7.01881e+14	1.8687e+48
7.03644e+14	1.86614e+48
7.05408e+14	1.86429e+48
7.07171e+14	1.86224e+48
7.08935e+14	1.86016e+48
7.10698e+14	1.85741e+48
7.12462e+14	1.85515e+48
7.14225e+14	1.85284e+48
7.15989e+14	1.85136e+48
7.17752e+14	1.8489e+48
7.19516e+14	1.84638e+48
7.2128e+14	1.84374e+48
7.23043e+14	1.84195e+48
7.24807e+14	1.83922e+48
7.2657e+14	1.83637e+48
7.28334e+14	1.83504e+48
7.30097e+14	1.83138e+48
7.31861e+14	1.82923e+48
7.33624e+14	1.82611e+48
7.35388e+14	1.82381e+48
7.37151e+14	1.82122e+48
7.38915e+14	1.8181e+48
7.40678e+14	1.81537e+48
7.42442e+14	1.8121e+48
7.44205e+14	1.81012e+48
7.45969e+14	1.80651e+48
7.47732e+14	1.80371e+48
7.49496e+14	1.80149e+48
7.51259e+14	1.7979e+48
7.53023e+14	1.79489e+48
7.54786e+14	1.79247e+48
7.5655e+14	1.78848e+48
7.58313e+14	1.78591e+48
7.60077e+14	1.78267e+48
7.6184e+14	1.77934e+48
7.63604e+14	1.77592e+48
7.65368e+14	1.77329e+48
7.67131e+14	1.77044e+48
7.68895e+14	1.76684e+48
7.70658e+14	1.76382e+48
7.72422e+14	1.76011e+48
7.74185e+14	1.75699e+48
7.75949e+14	1.75398e+48
7.77712e+14	1.75009e+48
7.79476e+14	1.74676e+48
7.81239e+14	1.74356e+48
7.83003e+14	1.73951e+48
7.84766e+14	1.73618e+48
7.8653e+14	1.73263e+48
7.88293e+14	1.72906e+48
7.90057e+14	1.72554e+48
7.9182e+14	1.722e+48
7.93584e+14	1.71823e+48
7.95347e+14	1.71521e+48
7.97111e+14	1.71067e+48
7.98874e+14	1.70754e+48
8.00638e+14	1.70435e+48
8.02401e+14	1.69981e+48
8.04165e+14	1.69567e+48
8.05928e+14	1.69228e+48
8.07692e+14	1.68892e+48
8.09456e+14	1.68544e+48
8.11219e+14	1.6806e+48
8.12983e+14	1.67708e+48
8.14746e+14	1.67349e+48
8.1651e+14	1.6691e+48
8.18273e+14	1.66541e+48
8.20037e+14	1.66152e+48
8.218e+14	1.6571e+48
8.23564e+14	1.65384e+48
8.25327e+14	1.64928e+48
8.27091e+14	1.64467e+48
8.28854e+14	1.64065e+48
8.30618e+14	1.63673e+48
8.32381e+14	1.63318e+48
8.34145e+14	1.62833e+48
8.35908e+14	1.62501e+48
8.37672e+14	1.62068e+48
8.39435e+14	1.61569e+48
8.41199e+14	1.6122e+48
8.42962e+14	1.60769e+48
8.44726e+14	1.60409e+48
8.46489e+14	1.59885e+48
8.48253e+14	1.59515e+48
8.50016e+14	1.59001e+48
8.5178e+14	1.5866e+48
8.53543e+14	1.58271e+48
8.55307e+14	1.57741e+48
8.57071e+14	1.57343e+48
8.58834e+14	1.56939e+48
8.60598e+14	1.56452e+48
8.62361e+14	1.5598e+48
8.64125e+14	1.55559e+48
8.65888e+14	1.55132e+48
8.67652e+14	1.54762e+48
8.69415e+14	1.54289e+48
8.71179e+14	1.53845e+48
8.72942e+14	1.53422e+48
8.74706e+14	1.52971e+48
8.76469e+14	1.5248e+48
8.78233e+14	1.52074e+48
8.79996e+14	1.51572e+48
8.8176e+14	1.511e+48
8.83523e+14	1.50646e+48
8.85287e+14	1.50131e+48
8.8705e+14	1.49725e+48
8.88814e+14	1.49255e+48
8.90577e+14	1.48831e+48
8.92341e+14	1.48352e+48
8.94104e+14	1.47871e+48
8.95868e+14	1.47427e+48
8.97631e+14	1.46935e+48
8.99395e+14	1.46495e+48
9.01159e+14	1.4601e+48
9.02922e+14	1.45558e+48
9.04686e+14	1.45092e+48
9.06449e+14	1.44633e+48
9.08213e+14	1.44159e+48
9.09976e+14	1.43632e+48
9.1174e+14	1.43206e+48
9.13503e+14	1.42742e+48
9.15267e+14	1.42234e+48
9.1703e+14	1.41792e+48
9.18794e+14	1.41316e+48
9.20557e+14	1.40849e+48
9.22321e+14	1.4034e+48
9.24084e+14	1.39881e+48
9.25848e+14	1.39416e+48
9.27611e+14	1.38949e+48
9.29375e+14	1.38408e+48
9.31138e+14	1.3793e+48
9.32902e+14	1.37451e+48
9.34665e+14	1.36965e+48
9.36429e+14	1.36511e+48
9.38192e+14	1.36018e+48
9.39956e+14	1.35519e+48
9.41719e+14	1.35017e+48
9.43483e+14	1.34548e+48
9.45247e+14	1.34104e+48
9.4701e+14	1.33626e+48
9.48774e+14	1.33106e+48
9.50537e+14	1.32621e+48
9.52301e+14	1.32185e+48
9.54064e+14	1.31654e+48
9.55828e+14	1.31222e+48
9.57591e+14	1.30671e+48
9.59355e+14	1.30168e+48
9.61118e+14	1.29776e+48
9.62882e+14	1.29263e+48
9.64645e+14	1.28762e+48
9.66409e+14	1.28294e+48
9.68172e+14	1.27772e+48
9.69936e+14	1.27311e+48
9.71699e+14	1.26782e+48
9.73463e+14	1.2631e+48
9.75226e+14	1.25837e+48
9.7699e+14	1.2534e+48
9.78753e+14	1.24859e+48
9.80517e+14	1.24359e+48
9.8228e+14	1.23867e+48
9.84044e+14	1.23423e+48
9.85807e+14	1.22909e+48
9.87571e+14	1.22409e+48
9.89335e+14	1.21952e+48
9.91098e+14	1.21444e+48
9.92862e+14	1.2098e+48
9.94625e+14	1.20511e+48
9.96389e+14	1.19933e+48
9.98152e+14	1.19458e+48
9.99916e+14	1.19027e+48
1.00168e+15	1.18499e+48
1.00344e+15	1.18016e+48
1.00521e+15	1.17528e+48
1.00697e+15	1.17084e+48
1.00873e+15	1.1659e+48
1.0105e+15	1.16048e+48
1.01226e+15	1.15548e+48
1.01402e+15	1.15148e+48
1.01579e+15	1.14642e+48
1.01755e+15	1.14183e+48
1.01931e+15	1.13671e+48
1.02108e+15	1.13156e+48
1.02284e+15	1.12746e+48
1.0246e+15	1.12225e+48
1.02637e+15	1.11744e+48
1.02813e+15	1.11226e+48
1.0299e+15	1.10806e+48
1.03166e+15	1.10273e+48
1.03342e+15	1.09846e+48
1.03519e+15	1.09349e+48
1.03695e+15	1.08819e+48
1.03871e+15	1.08384e+48
1.04048e+15	1.07836e+48
1.04224e+15	1.07437e+48
1.044e+15	1.06993e+48
1.04577e+15	1.06493e+48
1.04753e+15	1.06003e+48
1.04929e+15	1.05498e+48
1.05106e+15	1.05085e+48
1.05282e+15	1.04628e+48
1.05458e+15	1.04116e+48
1.05635e+15	1.03654e+48
1.05811e+15	1.03189e+48
1.05988e+15	1.02668e+48
1.06164e+15	1.02199e+48
1.0634e+15	1.01785e+48
1.06517e+15	1.01309e+48
1.06693e+15	1.00871e+48
1.06869e+15	1.00412e+48
1.07046e+15	9.99281e+47
1.07222e+15	9.93913e+47
1.07398e+15	9.89661e+47
1.07575e+15	9.8475e+47
1.07751e+15	9.80448e+47
1.07927e+15	9.75866e+47
1.08104e+15	9.71128e+47
1.0828e+15	9.66762e+47
1.08456e+15	9.62221e+47
1.08633e+15	9.57817e+47
1.08809e+15	9.53376e+47
1.08986e+15	9.48915e+47
1.09162e+15	9.4379e+47
1.09338e+15	9.39287e+47
1.09515e+15	9.35247e+47
1.09691e+15	9.30704e+47
1.09867e+15	9.25783e+47
1.10044e+15	9.2156e+47
1.1022e+15	9.17434e+47
1.10396e+15	9.12461e+47
1.10573e+15	9.07825e+47
1.10749e+15	9.03986e+47
1.10925e+15	8.99308e+47
1.11102e+15	8.94254e+47
1.11278e+15	8.90677e+47
1.11454e+15	8.85946e+47
1.11631e+15	8.81995e+47
1.11807e+15	8.77224e+47
1.11983e+15	8.73147e+47
1.1216e+15	8.68422e+47
1.12336e+15	8.64441e+47
1.12513e+15	8.6012e+47
1.12689e+15	8.55667e+47
1.12865e+15	8.51414e+47
1.13042e+15	8.46709e+47
1.13218e+15	8.42845e+47
1.13394e+15	8.3854e+47
1.13571e+15	8.33889e+47
1.13747e+15	8.30068e+47
1.13923e+15	8.25818e+47
1.141e+15	8.21649e+47
1.14276e+15	8.17458e+47
1.14452e+15	8.12953e+47
1.14629e+15	8.08835e+47
1.14805e+15	8.04708e+47
1.14981e+15	8.00876e+47
1.15158e+15	7.96815e+47
1.15334e+15	7.92437e+47
1.15511e+15	7.88346e+47
1.15687e+15	7.84246e+47
1.15863e+15	7.80239e+47
1.1604e+15	7.75515e+47
1.16216e+15	7.71575e+47
1.16392e+15	7.67918e+47
1.16569e+15	7.63949e+47
1.16745e+15	7.59965e+47
1.16921e+15	7.56076e+47
1.17098e+15	7.51591e+47
1.17274e+15	7.47677e+47
1.1745e+15	7.43744e+47
1.17627e+15	7.39519e+47
1.17803e+15	7.35664e+47
1.17979e+15	7.3189e+47
1.18156e+15	7.28114e+47
1.18332e+15	7.23947e+47
1.18509e+15	7.20147e+47
1.18685e+15	7.16434e+47
1.18861e+15	7.12439e+47
1.19038e+15	7.08325e+47
1.19214e+15	7.04945e+47
1.1939e+15	7.00923e+47
1.19567e+15	6.97259e+47
1.19743e+15	6.93407e+47
1.19919e+15	6.8935e+47
1.20096e+15	6.86118e+47
1.20272e+15	6.81876e+47
1.20448e+15	6.78358e+47
1.20625e+15	6.74729e+47
1.20801e+15	6.70923e+47
1.20977e+15	6.67018e+47
1.21154e+15	6.63804e+47
1.2133e+15	6.59734e+47
1.21507e+15	6.56246e+47
1.21683e+15	6.5241e+47
1.21859e+15	6.49006e+47
1.22036e+15	6.45594e+47
1.22212e+15	6.41588e+47
1.22388e+15	6.38157e+47
1.22565e+15	6.34575e+47
1.22741e+15	6.31139e+47
1.22917e+15	6.2754e+47
1.23094e+15	6.23941e+47
1.2327e+15	6.20232e+47
1.23446e+15	6.16715e+47
1.23623e+15	6.13426e+47
1.23799e+15	6.09893e+47
1.23975e+15	6.06577e+47
1.24152e+15	6.03141e+47
1.24328e+15	5.9937e+47
1.24504e+15	5.96138e+47
1.24681e+15	5.92681e+47
1.24857e+15	5.8931e+47
1.25034e+15	5.85829e+47
1.2521e+15	5.82664e+47
1.25386e+15	5.79282e+47
1.25563e+15	5.75987e+47
1.25739e+15	5.72585e+47
1.25915e+15	5.69496e+47
1.26092e+15	5.6618e+47
1.26268e+15	5.62862e+47
1.26444e+15	5.59541e+47
1.26621e+15	5.56316e+47
1.26797e+15	5.53292e+47
1.26973e+15	5.49842e+47
1.2715e+15	5.46599e+47
1.27326e+15	5.43633e+47
1.27502e+15	5.40481e+47
1.27679e+15	5.37324e+47
1.27855e+15	5.34157e+47
1.28032e+15	5.30797e+47
1.28208e+15	5.2762e+47
1.28384e+15	5.24825e+47
1.28561e+15	5.21745e+47
1.28737e+15	5.18462e+47
1.28913e+15	5.15372e+47
1.2909e+15	5.12546e+47
1.29266e+15	5.0936e+47
1.29442e+15	5.06255e+47
1.29619e+15	5.03514e+47
1.29795e+15	5.00316e+47
1.29971e+15	4.97667e+47
1.30148e+15	4.94646e+47
1.30324e+15	4.91542e+47
1.305e+15	4.88874e+47
1.30677e+15	4.85582e+47
1.30853e+15	4.82901e+47
1.3103e+15	4.79959e+47
1.31206e+15	4.77198e+47
1.31382e+15	4.74247e+47
1.31559e+15	4.71477e+47
1.31735e+15	4.68452e+47
1.31911e+15	4.65776e+47
1.32088e+15	4.62917e+47
1.32264e+15	4.60229e+47
1.3244e+15	4.57189e+47
1.32617e+15	4.54499e+47
1.32793e+15	4.51973e+47
1.32969e+15	4.48968e+47
1.33146e+15	4.46431e+47
1.33322e+15	4.43823e+47
1.33498e+15	4.40977e+47
1.33675e+15	4.38263e+47
1.33851e+15	4.35752e+47
1.34027e+15	4.32902e+47
1.34204e+15	4.30283e+47
1.3438e+15	4.27755e+47
1.34557e+15	4.25232e+47
1.34733e+15	4.22373e+47
1.34909e+15	4.19792e+47
1.35086e+15	4.17407e+47
1.35262e+15	4.14719e+47
1.35438e+15	4.12282e+47
1.35615e+15	4.09889e+47
1.35791e+15	4.07072e+47
1.35967e+15	4.04625e+47
1.36144e+15	4.02178e+47
1.3632e+15	3.9968e+47
1.36496e+15	3.97224e+47
1.36673e+15	3.94728e+47
1.36849e+15	3.92413e+47
1.37025e+15	3.89905e+47
1.37202e+15	3.87544e+47
1.37378e+15	3.85041e+47
1.37555e+15	3.82771e+47
1.37731e+15	3.80402e+47
1.37907e+15	3.77997e+47
1.38084e+15	3.7572e+47
1.3826e+15	3.73208e+47
1.38436e+15	3.70903e+47
1.38613e+15	3.68619e+47
1.38789e+15	3.66208e+47
1.38965e+15	3.63927e+47
1.39142e+15	3.61739e+47
1.39318e+15	3.59624e+47
1.39494e+15	3.57305e+47
1.39671e+15	3.55115e+47
1.39847e+15	3.52798e+47
1.40023e+15	3.50476e+47
1.402e+15	3.48159e+47
1.40376e+15	3.46255e+47
1.40553e+15	3.44033e+47
1.40729e+15	3.41712e+47
1.40905e+15	3.39485e+47
1.41082e+15	3.37452e+47
1.41258e+15	3.35351e+47
1.41434e+15	3.33224e+47
1.41611e+15	3.31185e+47
1.41787e+15	3.29058e+47
1.41963e+15	3.26832e+47
1.4214e+15	3.24884e+47
1.42316e+15	3.22876e+47
1.42492e+15	3.20749e+47
1.42669e+15	3.18796e+47
1.42845e+15	3.16771e+47
1.43021e+15	3.14529e+47
1.43198e+15	3.12676e+47
1.43374e+15	3.10545e+47
1.4355e+15	3.08691e+47
1.43727e+15	3.06659e+47
1.43903e+15	3.04802e+47
1.4408e+15	3.0277e+47
1.44256e+15	3.00911e+47
1.44432e+15	2.98875e+47
1.44609e+15	2.9701e+47
1.44785e+15	2.95082e+47
1.44961e+15	2.93212e+47
1.45138e+15	2.91283e+47
1.45314e+15	2.89411e+47
1.4549e+15	2.87483e+47
1.45667e+15	2.85709e+47
1.45843e+15	2.8404e+47
1.46019e+15	2.82106e+47
1.46196e+15	2.8023e+47
1.46372e+15	2.78558e+47
1.46548e+15	2.76724e+47
1.46725e+15	2.74949e+47
1.46901e+15	2.73172e+47
1.47078e+15	2.71342e+47
1.47254e+15	2.69661e+47
1.4743e+15	2.67894e+47
1.47607e+15	2.6606e+47
1.47783e+15	2.6438e+47
1.47959e+15	2.62704e+47
1.48136e+15	2.6112e+47
1.48312e+15	2.59287e+47
1.48488e+15	2.57521e+47
1.48665e+15	2.55937e+47
1.48841e+15	2.54347e+47
1.49017e+15	2.52674e+47
1.49194e+15	2.50941e+47
1.4937e+15	2.49367e+47
1.49546e+15	2.47689e+47
1.49723e+15	2.46196e+47
1.49899e+15	2.44523e+47
1.50076e+15	2.43029e+47
1.50252e+15	2.41453e+47
1.50428e+15	2.39738e+47
1.50605e+15	2.38243e+47
1.50781e+15	2.36587e+47
1.50957e+15	2.3509e+47
1.51134e+15	2.33517e+47
1.5131e+15	2.32021e+47
1.51486e+15	2.30542e+47
1.51663e+15	2.28969e+47
1.51839e+15	2.27567e+47
1.52015e+15	2.26015e+47
1.52192e+15	2.24614e+47
1.52368e+15	2.23039e+47
1.52544e+15	2.21564e+47
1.52721e+15	2.20184e+47
1.52897e+15	2.18707e+47
1.53074e+15	2.17235e+47
1.5325e+15	2.15831e+47
1.53426e+15	2.14506e+47
1.53603e+15	2.13032e+47
1.53779e+15	2.11725e+47
1.53955e+15	2.10182e+47
1.54132e+15	2.08874e+47
1.54308e+15	2.07427e+47
1.54484e+15	2.06123e+47
1.54661e+15	2.04678e+47
1.54837e+15	2.0342e+47
1.55013e+15	2.02116e+47
1.5519e+15	2.00673e+47
1.55366e+15	1.99462e+47
1.55542e+15	1.98024e+47
1.55719e+15	1.96831e+47
1.55895e+15	1.95487e+47
1.56071e+15	1.94213e+47
1.56248e+15	1.92842e+47
1.56424e+15	1.91679e+47
1.56601e+15	1.9034e+47
1.56777e+15	1.89129e+47
1.56953e+15	1.87792e+47
1.5713e+15	1.86631e+47
1.57306e+15	1.85358e+47
1.57482e+15	1.84084e+47
1.57659e+15	1.82955e+47
1.57835e+15	1.81684e+47
1.58011e+15	1.80508e+47
1.58188e+15	1.79286e+47
1.58364e+15	1.7811e+47
1.5854e+15	1.76947e+47
1.58717e+15	1.75714e+47
1.58893e+15	1.74543e+47
1.59069e+15	1.73472e+47
1.59246e+15	1.723e+47
1.59422e+15	1.71175e+47
1.59599e+15	1.69948e+47
1.59775e+15	1.68935e+47
1.59951e+15	1.6771e+47
1.60128e+15	1.66542e+47
1.60304e+15	1.6551e+47
1.6048e+15	1.64343e+47
1.60657e+15	1.63369e+47
1.60833e+15	1.62148e+47
1.61009e+15	1.61119e+47
1.61186e+15	1.60049e+47
1.61362e+15	1.58981e+47
1.61538e+15	1.57953e+47
1.61715e+15	1.56884e+47
1.61891e+15	1.55857e+47
1.62067e+15	1.54738e+47
1.62244e+15	1.53763e+47
1.6242e+15	1.52698e+47
1.62597e+15	1.51674e+47
1.62773e+15	1.50739e+47
1.62949e+15	1.49677e+47
1.63126e+15	1.48654e+47
1.63302e+15	1.47634e+47
1.63478e+15	1.46661e+47
1.63655e+15	1.45779e+47
1.63831e+15	1.44761e+47
1.64007e+15	1.43743e+47
1.64184e+15	1.42814e+47
1.6436e+15	1.41802e+47
1.64536e+15	1.4092e+47
1.64713e+15	1.39994e+47
1.64889e+15	1.3907e+47
1.65065e+15	1.38105e+47
1.65242e+15	1.37181e+47
1.65418e+15	1.363e+47
1.65594e+15	1.35296e+47
1.65771e+15	1.34374e+47
1.65947e+15	1.33541e+47
1.66124e+15	1.3262e+47
1.663e+15	1.31663e+47
1.66476e+15	1.30831e+47
1.66653e+15	1.29913e+47
1.66829e+15	1.29083e+47
1.67005e+15	1.28256e+47
1.67182e+15	1.27261e+47
1.67358e+15	1.26434e+47
1.67534e+15	1.25646e+47
1.67711e+15	1.24821e+47
1.67887e+15	1.23995e+47
1.68063e+15	1.2317e+47
1.6824e+15	1.22346e+47
1.68416e+15	1.21449e+47
1.68592e+15	1.20625e+47
1.68769e+15	1.19804e+47
1.68945e+15	1.18982e+47
1.69122e+15	1.18201e+47
1.69298e+15	1.17467e+47
1.69474e+15	1.16647e+47
1.69651e+15	1.15829e+47
1.69827e+15	1.15099e+47
1.70003e+15	1.14282e+47
1.7018e+15	1.13552e+47
1.70356e+15	1.12822e+47
1.70532e+15	1.12008e+47
1.70709e+15	1.1128e+47
1.70885e+15	1.10552e+47
1.71061e+15	1.0974e+47
1.71238e+15	1.09016e+47
1.71414e+15	1.0829e+47
1.7159e+15	1.07564e+47
1.71767e+15	1.0684e+47
1.71943e+15	1.06117e+47
1.7212e+15	1.05396e+47
1.72296e+15	1.04674e+47
1.72472e+15	1.0392e+47
1.72649e+15	1.03284e+47
1.72825e+15	1.02566e+47
1.73001e+15	1.01847e+47
1.73178e+15	1.0113e+47
1.73354e+15	1.00496e+47
1.7353e+15	9.97806e+46
1.73707e+15	9.91482e+46
1.73883e+15	9.84338e+46
1.74059e+15	9.78351e+46
1.74236e+15	9.71222e+46
1.74412e+15	9.64938e+46
1.74588e+15	9.58641e+46
1.74765e+15	9.51537e+46
1.74941e+15	9.45263e+46
1.75117e+15	9.39008e+46
1.75294e+15	9.33061e+46
1.7547e+15	9.26807e+46
1.75647e+15	9.19738e+46
1.75823e+15	9.13513e+46
1.75999e+15	9.07007e+46
1.76176e+15	9.00787e+46
1.76352e+15	8.9515e+46
1.76528e+15	8.89486e+46
1.76705e+15	8.83287e+46
1.76881e+15	8.77095e+46
1.77057e+15	8.71475e+46
1.77234e+15	8.65297e+46
1.7741e+15	8.59682e+46
1.77586e+15	8.53516e+46
1.77763e+15	8.47659e+46
1.77939e+15	8.42313e+46
1.78115e+15	8.36187e+46
1.78292e+15	8.30606e+46
1.78468e+15	8.25018e+46
1.78645e+15	8.19698e+46
1.78821e+15	8.13605e+46
1.78997e+15	8.08345e+46
1.79174e+15	8.03048e+46
1.7935e+15	7.96963e+46
1.79526e+15	7.9221e+46
1.79703e+15	7.86698e+46
1.79879e+15	7.81429e+46
1.80055e+15	7.76446e+46
1.80232e+15	7.70418e+46
1.80408e+15	7.65165e+46
1.80584e+15	7.60201e+46
1.80761e+15	7.54967e+46
1.80937e+15	7.49751e+46
1.81113e+15	7.44805e+46
1.8129e+15	7.39369e+46
1.81466e+15	7.34653e+46
1.81643e+15	7.30228e+46
1.81819e+15	7.24834e+46
1.81995e+15	7.1992e+46
1.82172e+15	7.14746e+46
1.82348e+15	7.10047e+46
1.82524e+15	7.05456e+46
1.82701e+15	7.00771e+46
1.82877e+15	6.95422e+46
1.83053e+15	6.90846e+46
1.8323e+15	6.86182e+46
1.83406e+15	6.8182e+46
1.83582e+15	6.76766e+46
1.83759e+15	6.72418e+46
1.83935e+15	6.67779e+46
1.84111e+15	6.63438e+46
1.84288e+15	6.58416e+46
1.84464e+15	6.54094e+46
1.84641e+15	6.50225e+46
1.84817e+15	6.44979e+46
1.84993e+15	6.4092e+46
1.8517e+15	6.36623e+46
1.85346e+15	6.32579e+46
1.85522e+15	6.27561e+46
1.85699e+15	6.23529e+46
1.85875e+15	6.19497e+46
1.86051e+15	6.15233e+46
1.86228e+15	6.11225e+46
1.86404e+15	6.06728e+46
1.8658e+15	6.02897e+46
1.86757e+15	5.98489e+46
1.86933e+15	5.94574e+46
1.87109e+15	5.90353e+46
1.87286e+15	5.86445e+46
1.87462e+15	5.82542e+46
1.87638e+15	5.78495e+46
1.87815e+15	5.746e+46
1.87991e+15	5.70396e+46
1.88168e+15	5.66751e+46
1.88344e+15	5.6303e+46
1.8852e+15	5.58921e+46
1.88697e+15	5.552e+46
1.88873e+15	5.51645e+46
1.89049e+15	5.47567e+46
1.89226e+15	5.43939e+46
1.89402e+15	5.40468e+46
1.89578e+15	5.36322e+46
1.89755e+15	5.32932e+46
1.89931e+15	5.29482e+46
1.90107e+15	5.25509e+46
1.90284e+15	5.22132e+46
1.9046e+15	5.18609e+46
1.90636e+15	5.14814e+46
1.90813e+15	5.11521e+46
1.90989e+15	5.08089e+46
1.91166e+15	5.0438e+46
1.91342e+15	5.00963e+46
1.91518e+15	4.97757e+46
1.91695e+15	4.93932e+46
1.91871e+15	4.90805e+46
1.92047e+15	4.87483e+46
1.92224e+15	4.84229e+46
1.924e+15	4.80772e+46
1.92576e+15	4.77465e+46
1.92753e+15	4.74359e+46
1.92929e+15	4.71202e+46
1.93105e+15	4.67712e+46
1.93282e+15	4.64556e+46
1.93458e+15	4.61409e+46
1.93634e+15	4.58468e+46
1.93811e+15	4.55075e+46
1.93987e+15	4.52012e+46
1.94164e+15	4.4895e+46
1.9434e+15	4.45971e+46
1.94516e+15	4.4299e+46
1.94693e+15	4.39633e+46
1.94869e+15	4.36732e+46
1.95045e+15	4.33889e+46
1.95222e+15	4.30811e+46
1.95398e+15	4.28041e+46
1.95574e+15	4.24737e+46
1.95751e+15	4.21983e+46
1.95927e+15	4.1906e+46
1.96103e+15	4.16307e+46
1.9628e+15	4.13512e+46
1.96456e+15	4.10721e+46
1.96632e+15	4.07646e+46
1.96809e+15	4.0493e+46
1.96985e+15	4.02155e+46
1.97161e+15	3.99451e+46
1.97338e+15	3.96757e+46
1.97514e+15	3.94169e+46
1.97691e+15	3.91369e+46
1.97867e+15	3.88854e+46
1.98043e+15	3.85859e+46
1.9822e+15	3.83288e+46
1.98396e+15	3.8058e+46
1.98572e+15	3.78144e+46
1.98749e+15	3.75448e+46
1.98925e+15	3.73027e+46
1.99101e+15	3.70405e+46
1.99278e+15	3.67987e+46
1.99454e+15	3.65376e+46
1.9963e+15	3.62698e+46
1.99807e+15	3.60168e+46
1.99983e+15	3.57831e+46
2.00159e+15	3.55243e+46
2.00336e+15	3.52913e+46
2.00512e+15	3.50466e+46
2.00689e+15	3.48143e+46
2.00865e+15	3.45704e+46
2.01041e+15	3.43361e+46
2.01218e+15	3.41023e+46
2.01394e+15	3.38693e+46
2.0157e+15	3.36361e+46
2.01747e+15	3.34037e+46
2.01923e+15	3.31778e+46
2.02099e+15	3.29525e+46
2.02276e+15	3.2728e+46
2.02452e+15	3.25035e+46
2.02628e+15	3.22792e+46
2.02805e+15	3.20618e+46
2.02981e+15	3.18302e+46
2.03157e+15	3.1622e+46
2.03334e+15	3.13981e+46
2.0351e+15	3.11906e+46
2.03687e+15	3.0967e+46
2.03863e+15	3.07664e+46
2.04039e+15	3.05439e+46
2.04216e+15	3.03365e+46
2.04392e+15	3.01291e+46
2.04568e+15	2.99221e+46
2.04745e+15	2.97155e+46
2.04921e+15	2.95091e+46
2.05097e+15	2.93094e+46
2.05274e+15	2.91044e+46
2.0545e+15	2.8898e+46
2.05626e+15	2.86996e+46
2.05803e+15	2.85016e+46
2.05979e+15	2.83039e+46
2.06155e+15	2.81125e+46
2.06332e+15	2.79085e+46
2.06508e+15	2.77257e+46
2.06684e+15	2.75285e+46
2.06861e+15	2.7346e+46
2.07037e+15	2.71497e+46
2.07214e+15	2.6954e+46
2.0739e+15	2.67784e+46
2.07566e+15	2.65836e+46
2.07743e+15	2.64089e+46
2.07919e+15	2.6215e+46
2.08095e+15	2.60541e+46
2.08272e+15	2.58735e+46
2.08448e+15	2.56925e+46
2.08624e+15	2.55192e+46
2.08801e+15	2.53333e+46
2.08977e+15	2.51604e+46
2.09153e+15	2.49875e+46
2.0933e+15	2.48093e+46
2.09506e+15	2.46308e+46
2.09682e+15	2.44648e+46
2.09859e+15	2.42935e+46
2.10035e+15	2.41414e+46
2.10212e+15	2.39765e+46
2.10388e+15	2.38002e+46
2.10564e+15	2.3636e+46
2.10741e+15	2.34722e+46
2.10917e+15	2.33029e+46
2.11093e+15	2.31457e+46
2.1127e+15	2.29772e+46
2.11446e+15	2.28327e+46
2.11622e+15	2.26768e+46
2.11799e+15	2.25151e+46
2.11975e+15	2.23651e+46
2.12151e+15	2.21986e+46
2.12328e+15	2.20381e+46
2.12504e+15	2.18946e+46
2.1268e+15	2.17349e+46
2.12857e+15	2.15982e+46
2.13033e+15	2.14502e+46
2.1321e+15	2.12913e+46
2.13386e+15	2.1144e+46
2.13562e+15	2.0997e+46
2.13739e+15	2.08452e+46
2.13915e+15	2.07155e+46
2.14091e+15	2.05695e+46
2.14268e+15	2.04239e+46
2.14444e+15	2.02789e+46
2.1462e+15	2.0134e+46
2.14797e+15	1.99948e+46
2.14973e+15	1.98456e+46
2.15149e+15	1.97232e+46
2.15326e+15	1.9585e+46
2.15502e+15	1.94423e+46
2.15678e+15	1.93047e+46
2.15855e+15	1.91676e+46
2.16031e+15	1.90465e+46
2.16208e+15	1.89146e+46
2.16384e+15	1.87789e+46
2.1656e+15	1.86437e+46
2.16737e+15	1.85129e+46
2.16913e+15	1.83783e+46
2.17089e+15	1.82589e+46
2.17266e+15	1.8134e+46
2.17442e+15	1.80005e+46
2.17618e+15	1.78725e+46
2.17795e+15	1.77486e+46
2.17971e+15	1.76359e+46
2.18147e+15	1.75036e+46
2.18324e+15	1.73813e+46
2.185e+15	1.72593e+46
2.18676e+15	1.71335e+46
2.18853e+15	1.7026e+46
2.19029e+15	1.69049e+46
2.19205e+15	1.678e+46
2.19382e+15	1.66596e+46
2.19558e+15	1.65444e+46
2.19735e+15	1.64343e+46
2.19911e+15	1.63197e+46
2.20087e+15	1.62004e+46
2.20264e+15	1.60825e+46
2.2044e+15	1.59689e+46
2.20616e+15	1.58648e+46
2.20793e+15	1.57519e+46
2.20969e+15	1.56391e+46
2.21145e+15	1.55227e+46
2.21322e+15	1.54156e+46
2.21498e+15	1.53166e+46
2.21674e+15	1.52011e+46
2.21851e+15	1.50911e+46
2.22027e+15	1.49888e+46
2.22203e+15	1.48743e+46
2.2238e+15	1.47777e+46
2.22556e+15	1.46726e+46
2.22733e+15	1.45674e+46
2.22909e+15	1.44593e+46
2.23085e+15	1.43515e+46
2.23262e+15	1.42677e+46
2.23438e+15	1.41604e+46
2.23614e+15	1.40582e+46
2.23791e+15	1.39549e+46
2.23967e+15	1.38686e+46
2.24143e+15	1.37625e+46
2.2432e+15	1.36614e+46
2.24496e+15	1.35673e+46
2.24672e+15	1.34669e+46
2.24849e+15	1.33781e+46
2.25025e+15	1.32816e+46
2.25201e+15	1.31852e+46
2.25378e+15	1.30858e+46
2.25554e+15	1.29947e+46
2.25731e+15	1.29073e+46
2.25907e+15	1.28166e+46
2.26083e+15	1.27184e+46
2.2626e+15	1.26283e+46
2.26436e+15	1.25354e+46
2.26612e+15	1.24567e+46
2.26789e+15	1.23628e+46
2.26965e+15	1.22707e+46
2.27141e+15	1.21789e+46
2.27318e+15	1.2101e+46
2.27494e+15	1.2017e+46
2.2767e+15	1.1926e+46
2.27847e+15	1.18354e+46
2.28023e+15	1.17523e+46
2.28199e+15	1.16752e+46
2.28376e+15	1.15898e+46
2.28552e+15	1.15003e+46
2.28728e+15	1.14209e+46
2.28905e+15	1.13363e+46
2.29081e+15	1.1262e+46
2.29258e+15	1.11735e+46
2.29434e+15	1.10951e+46
2.2961e+15	1.10159e+46
2.29787e+15	1.09326e+46
2.29963e+15	1.08594e+46
2.30139e+15	1.07818e+46
2.30316e+15	1.06993e+46
2.30492e+15	1.06214e+46
2.30668e+15	1.05395e+46
2.30845e+15	1.04671e+46
2.31021e+15	1.03951e+46
2.31197e+15	1.03182e+46
2.31374e+15	1.02416e+46
2.3155e+15	1.01677e+46
2.31726e+15	1.00898e+46
2.31903e+15	1.00138e+46
2.32079e+15	9.94731e+45
2.32256e+15	9.87431e+45
2.32432e+15	9.80161e+45
2.32608e+15	9.73083e+45
2.32785e+15	9.65622e+45
2.32961e+15	9.58422e+45
2.33137e+15	9.52106e+45
2.33314e+15	9.45133e+45
2.3349e+15	9.37773e+45
2.33666e+15	9.3107e+45
2.33843e+15	9.23754e+45
2.34019e+15	9.17109e+45
2.34195e+15	9.1026e+45
2.34372e+15	9.03638e+45
2.34548e+15	8.97671e+45
2.34724e+15	8.90479e+45
2.34901e+15	8.83944e+45
2.35077e+15	8.77411e+45
2.35254e+15	8.70704e+45
2.3543e+15	8.64417e+45
2.35606e+15	8.57961e+45
2.35783e+15	8.51317e+45
2.35959e+15	8.44898e+45
2.36135e+15	8.38711e+45
2.36312e+15	8.32928e+45
2.36488e+15	8.2697e+45
2.36664e+15	8.20642e+45
2.36841e+15	8.14536e+45
2.37017e+15	8.08064e+45
2.37193e+15	8.02002e+45
2.3737e+15	7.96333e+45
2.37546e+15	7.90322e+45
2.37722e+15	7.84317e+45
2.37899e+15	7.77962e+45
2.38075e+15	7.72022e+45
2.38251e+15	7.6645e+45
2.38428e+15	7.60928e+45
2.38604e+15	7.55042e+45
2.38781e+15	7.49178e+45
2.38957e+15	7.43517e+45
2.39133e+15	7.3787e+45
2.3931e+15	7.32444e+45
2.39486e+15	7.26678e+45
2.39662e+15	7.2129e+45
2.39839e+15	7.15736e+45
2.40015e+15	7.1056e+45
2.40191e+15	7.0487e+45
2.40368e+15	6.99574e+45
2.40544e+15	6.93934e+45
2.4072e+15	6.88841e+45
2.40897e+15	6.8376e+45
2.41073e+15	6.78549e+45
2.41249e+15	6.73341e+45
2.41426e+15	6.68173e+45
2.41602e+15	6.6251e+45
2.41779e+15	6.57373e+45
2.41955e+15	6.52415e+45
2.42131e+15	6.47324e+45
2.42308e+15	6.42248e+45
2.42484e+15	6.37343e+45
2.4266e+15	6.32308e+45
2.42837e+15	6.27785e+45
2.43013e+15	6.22786e+45
2.43189e+15	6.18152e+45
2.43366e+15	6.12728e+45
2.43542e+15	6.08131e+45
2.43718e+15	6.03219e+45
2.43895e+15	5.98804e+45
2.44071e+15	5.93923e+45
2.44247e+15	5.89542e+45
2.44424e+15	5.85033e+45
2.446e+15	5.79959e+45
2.44777e+15	5.75301e+45
2.44953e+15	5.70844e+45
2.45129e+15	5.66556e+45
2.45306e+15	5.6214e+45
2.45482e+15	5.57168e+45
2.45658e+15	5.52796e+45
2.45835e+15	5.48575e+45
2.46011e+15	5.44365e+45
2.46187e+15	5.40364e+45
2.46364e+15	5.35498e+45
2.4654e+15	5.31209e+45
2.46716e+15	5.26944e+45
2.46893e+15	5.22596e+45
2.47069e+15	5.1849e+45
2.47245e+15	5.1459e+45
2.47422e+15	5.10393e+45
2.47598e+15	5.05998e+45
2.47775e+15	5.01829e+45
2.47951e+15	4.98245e+45
2.48127e+15	4.93906e+45
2.48304e+15	4.89796e+45
2.4848e+15	4.86011e+45
2.48656e+15	4.81734e+45
2.48833e+15	4.77982e+45
2.49009e+15	4.7386e+45
2.49185e+15	4.70259e+45
2.49362e+15	4.6656e+45
2.49538e+15	4.62374e+45
2.49714e+15	4.58703e+45
2.49891e+15	4.54563e+45
2.50067e+15	4.51036e+45
2.50243e+15	4.47045e+45
2.5042e+15	4.43736e+45
2.50596e+15	4.39671e+45
2.50772e+15	4.36098e+45
2.50949e+15	4.32365e+45
2.51125e+15	4.28931e+45
2.51302e+15	4.25232e+45
2.51478e+15	4.21834e+45
2.51654e+15	4.18167e+45
2.51831e+15	4.14235e+45
2.52007e+15	4.1106e+45
2.52183e+15	4.07554e+45
2.5236e+15	4.03675e+45
2.52536e+15	4.00549e+45
2.52712e+15	3.9709e+45
2.52889e+15	3.9355e+45
2.53065e+15	3.90032e+45
2.53241e+15	3.86961e+45
2.53418e+15	3.83573e+45
2.53594e+15	3.80104e+45
2.5377e+15	3.76651e+45
2.53947e+15	3.73317e+45
2.54123e+15	3.69904e+45
2.543e+15	3.67195e+45
2.54476e+15	3.63908e+45
2.54652e+15	3.60541e+45
2.54829e+15	3.57195e+45
2.55005e+15	3.54129e+45
2.55181e+15	3.50901e+45
2.55358e+15	3.47865e+45
2.55534e+15	3.44837e+45
2.5571e+15	3.41201e+45
2.55887e+15	3.38152e+45
2.56063e+15	3.3512e+45
2.56239e+15	3.32104e+45
2.56416e+15	3.29103e+45
2.56592e+15	3.26207e+45
2.56768e+15	3.23239e+45
2.56945e+15	3.20372e+45
2.57121e+15	3.17436e+45
2.57298e+15	3.14517e+45
2.57474e+15	3.11613e+45
2.5765e+15	3.08725e+45
2.57827e+15	3.05854e+45
2.58003e+15	3.03237e+45
2.58179e+15	3.00479e+45
2.58356e+15	2.97735e+45
2.58532e+15	2.94926e+45
2.58708e+15	2.92133e+45
2.58885e+15	2.89355e+45
2.59061e+15	2.86594e+45
2.59237e+15	2.84079e+45
2.59414e+15	2.81348e+45
2.5959e+15	2.78711e+45
2.59766e+15	2.76089e+45
2.59943e+15	2.7397e+45
2.60119e+15	2.71298e+45
2.60295e+15	2.68642e+45
2.60472e+15	2.66224e+45
2.60648e+15	2.63598e+45
2.60825e+15	2.60989e+45
2.61001e+15	2.5876e+45
2.61177e+15	2.56179e+45
2.61354e+15	2.53615e+45
2.6153e+15	2.516e+45
2.61706e+15	2.49063e+45
2.61883e+15	2.46754e+45
2.62059e+15	2.44247e+45
2.62235e+15	2.41756e+45
2.62412e+15	2.39558e+45
2.62588e+15	2.37165e+45
2.62764e+15	2.35229e+45
2.62941e+15	2.32794e+45
2.63117e+15	2.30579e+45
2.63293e+15	2.28174e+45
2.6347e+15	2.25985e+45
2.63646e+15	2.24104e+45
2.63823e+15	2.21806e+45
2.63999e+15	2.19656e+45
2.64175e+15	2.17386e+45
2.64352e+15	2.15262e+45
2.64528e+15	2.13435e+45
2.64704e+15	2.11142e+45
2.64881e+15	2.09055e+45
2.65057e+15	2.06982e+45
2.65233e+15	2.05069e+45
2.6541e+15	2.0302e+45
2.65586e+15	2.01045e+45
2.65762e+15	1.99021e+45
2.65939e+15	1.97093e+45
2.66115e+15	1.95094e+45
2.66291e+15	1.93107e+45
2.66468e+15	1.91395e+45
2.66644e+15	1.8931e+45
2.66821e+15	1.8736e+45
2.66997e+15	1.85679e+45
2.67173e+15	1.8381e+45
2.6735e+15	1.81895e+45
2.67526e+15	1.80245e+45
2.67702e+15	1.78353e+45
2.67879e+15	1.76301e+45
2.68055e+15	1.74737e+45
2.68231e+15	1.72881e+45
2.68408e+15	1.71039e+45
2.68584e+15	1.69449e+45
2.6876e+15	1.67682e+45
2.68937e+15	1.65875e+45
2.69113e+15	1.64314e+45
2.69289e+15	1.62529e+45
2.69466e+15	1.60987e+45
2.69642e+15	1.59277e+45
2.69819e+15	1.57526e+45
2.69995e+15	1.56014e+45
2.70171e+15	1.54286e+45
2.70348e+15	1.52793e+45
2.70524e+15	1.51295e+45
2.707e+15	1.496e+45
2.70877e+15	1.48135e+45
2.71053e+15	1.46511e+45
2.71229e+15	1.45065e+45
2.71406e+15	1.43414e+45
2.71582e+15	1.41986e+45
2.71758e+15	1.40509e+45
2.71935e+15	1.39099e+45
2.72111e+15	1.37538e+45
2.72287e+15	1.36147e+45
2.72464e+15	1.34606e+45
2.7264e+15	1.3338e+45
2.72816e+15	1.31814e+45
2.72993e+15	1.30459e+45
2.73169e+15	1.29059e+45
2.73346e+15	1.27721e+45
2.73522e+15	1.26198e+45
2.73698e+15	1.24922e+45
2.73875e+15	1.2356e+45
2.74051e+15	1.223e+45
2.74227e+15	1.20956e+45
2.74404e+15	1.19672e+45
2.7458e+15	1.1821e+45
2.74756e+15	1.17079e+45
2.74933e+15	1.15637e+45
2.75109e+15	1.14521e+45
2.75285e+15	1.13279e+45
2.75462e+15	1.11907e+45
2.75638e+15	1.10854e+45
2.75814e+15	1.09462e+45
2.75991e+15	1.08383e+45
2.76167e+15	1.07183e+45
2.76344e+15	1.05948e+45
2.7652e+15	1.04816e+45
2.76696e+15	1.03535e+45
2.76873e+15	1.02444e+45
2.77049e+15	1.01347e+45
2.77225e+15	1.0018e+45
2.77402e+15	9.91108e+44
2.77578e+15	9.8049e+44
2.77754e+15	9.68339e+44
2.77931e+15	9.57876e+44
2.78107e+15	9.45906e+44
2.78283e+15	9.35714e+44
2.7846e+15	9.25473e+44
2.78636e+15	9.1388e+44
2.78812e+15	9.04248e+44
2.78989e+15	8.9468e+44
2.79165e+15	8.84839e+44
2.79342e+15	8.73577e+44
2.79518e+15	8.63883e+44
2.79694e+15	8.54369e+44
2.79871e+15	8.43358e+44
2.80047e+15	8.33988e+44
2.80223e+15	8.24683e+44
2.804e+15	8.14237e+44
2.80576e+15	8.05073e+44
2.80752e+15	7.96392e+44
2.80929e+15	7.87355e+44
2.81105e+15	7.77016e+44
2.81281e+15	7.68225e+44
2.81458e+15	7.59393e+44
2.81634e+15	7.50728e+44
2.8181e+15	7.40805e+44
2.81987e+15	7.32466e+44
2.82163e+15	7.23999e+44
2.82339e+15	7.15694e+44
2.82516e+15	7.07633e+44
2.82692e+15	6.98085e+44
2.82869e+15	6.89971e+44
2.83045e+15	6.81819e+44
2.83221e+15	6.73826e+44
2.83398e+15	6.65892e+44
2.83574e+15	6.56808e+44
2.8375e+15	6.49271e+44
2.83927e+15	6.41524e+44
2.84103e+15	6.33836e+44
2.84279e+15	6.26206e+44
2.84456e+15	6.17828e+44
2.84632e+15	6.10415e+44
2.84808e+15	6.02968e+44
2.84985e+15	5.95669e+44
2.85161e+15	5.88427e+44
2.85337e+15	5.81487e+44
2.85514e+15	5.74355e+44
2.8569e+15	5.66195e+44
2.85867e+15	5.59272e+44
2.86043e+15	5.52317e+44
2.86219e+15	5.45737e+44
2.86396e+15	5.38976e+44
2.86572e+15	5.32185e+44
2.86748e+15	5.25532e+44
2.86925e+15	5.18932e+44
2.87101e+15	5.12609e+44
2.87277e+15	5.06196e+44
2.87454e+15	4.98765e+44
2.8763e+15	4.92385e+44
2.87806e+15	4.86137e+44
2.87983e+15	4.79862e+44
2.88159e+15	4.73928e+44
2.88335e+15	4.67833e+44
2.88512e+15	4.61788e+44
2.88688e+15	4.55794e+44
2.88865e+15	4.50053e+44
2.89041e+15	4.44233e+44
2.89217e+15	4.38388e+44
2.89394e+15	4.32666e+44
2.8957e+15	4.2692e+44
2.89746e+15	4.21296e+44
2.89923e+15	4.15719e+44
2.90099e+15	4.10381e+44
2.90275e+15	4.04899e+44
2.90452e+15	3.99465e+44
2.90628e+15	3.94263e+44
2.90804e+15	3.88992e+44
2.90981e+15	3.83698e+44
2.91157e+15	3.78519e+44
2.91333e+15	3.73319e+44
2.9151e+15	3.68232e+44
2.91686e+15	3.6319e+44
2.91862e+15	3.58194e+44
2.92039e+15	3.53411e+44
2.92215e+15	3.48568e+44
2.92392e+15	3.4387e+44
2.92568e+15	3.39049e+44
2.92744e+15	3.34336e+44
2.92921e+15	3.29603e+44
2.93097e+15	3.24976e+44
2.93273e+15	3.20392e+44
2.9345e+15	3.15851e+44
2.93626e+15	3.11351e+44
2.93802e+15	3.07587e+44
2.93979e+15	3.03165e+44
2.94155e+15	2.98933e+44
2.94331e+15	2.94799e+44
2.94508e+15	2.90499e+44
2.94684e+15	2.86297e+44
2.9486e+15	2.82136e+44
2.95037e+15	2.78014e+44
2.95213e+15	2.73933e+44
2.9539e+15	2.6989e+44
2.95566e+15	2.66512e+44
2.95742e+15	2.62541e+44
2.95919e+15	2.5861e+44
2.96095e+15	2.55035e+44
2.96271e+15	2.51179e+44
2.96448e+15	2.47414e+44
2.96624e+15	2.43687e+44
2.968e+15	2.40524e+44
2.96977e+15	2.36864e+44
2.97153e+15	2.33242e+44
2.97329e+15	2.29657e+44
2.97506e+15	2.26268e+44
2.97682e+15	2.22864e+44
2.97858e+15	2.19493e+44
2.98035e+15	2.16321e+44
2.98211e+15	2.13179e+44
2.98388e+15	2.09906e+44
2.98564e+15	2.06713e+44
2.9874e+15	2.03552e+44
2.98917e+15	2.00424e+44
2.99093e+15	1.97327e+44
2.99269e+15	1.94262e+44
2.99446e+15	1.91273e+44
2.99622e+15	1.8827e+44
2.99798e+15	1.85347e+44
2.99975e+15	1.82552e+44
3.00151e+15	1.79684e+44
3.00327e+15	1.7695e+44
3.00504e+15	1.74141e+44
3.0068e+15	1.71407e+44
3.00856e+15	1.68656e+44
3.01033e+15	1.6598e+44
3.01209e+15	1.63328e+44
3.01386e+15	1.60707e+44
3.01562e+15	1.58155e+44
3.01738e+15	1.55547e+44
3.01915e+15	1.53139e+44
3.02091e+15	1.50628e+44
3.02267e+15	1.48183e+44
3.02444e+15	1.45851e+44
3.0262e+15	1.43419e+44
3.02796e+15	1.41052e+44
3.02973e+15	1.38787e+44
3.03149e+15	1.36472e+44
3.03325e+15	1.34182e+44
3.03502e+15	1.31954e+44
3.03678e+15	1.29716e+44
3.03854e+15	1.27615e+44
3.04031e+15	1.2546e+44
3.04207e+15	1.23332e+44
3.04383e+15	1.21225e+44
3.0456e+15	1.19143e+44
3.04736e+15	1.17226e+44
3.04913e+15	1.1519e+44
3.05089e+15	1.13211e+44
3.05265e+15	1.11223e+44
3.05442e+15	1.09321e+44
3.05618e+15	1.07442e+44
3.05794e+15	1.05522e+44
3.05971e+15	1.03753e+44
3.06147e+15	1.01938e+44
3.06323e+15	1.00144e+44
3.065e+15	9.83423e+43
3.06676e+15	9.65916e+43
3.06852e+15	9.48617e+43
3.07029e+15	9.32428e+43
3.07205e+15	9.15536e+43
3.07381e+15	8.99129e+43
3.07558e+15	8.82645e+43
3.07734e+15	8.66636e+43
3.07911e+15	8.50823e+43
3.08087e+15	8.35772e+43
3.08263e+15	8.2034e+43
3.0844e+15	8.05102e+43
3.08616e+15	7.90312e+43
3.08792e+15	7.75704e+43
3.08969e+15	7.61029e+43
3.09145e+15	7.46791e+43
3.09321e+15	7.33239e+43
3.09498e+15	7.19355e+43
3.09674e+15	7.05644e+43
3.0985e+15	6.92115e+43
3.10027e+15	6.78989e+43
3.10203e+15	6.66507e+43
3.10379e+15	6.53491e+43
3.10556e+15	6.40865e+43
3.10732e+15	6.28405e+43
3.10909e+15	6.15896e+43
3.11085e+15	6.03983e+43
3.11261e+15	5.92012e+43
3.11438e+15	5.80413e+43
3.11614e+15	5.69389e+43
3.1179e+15	5.57887e+43
3.11967e+15	5.46746e+43
3.12143e+15	5.35757e+43
3.12319e+15	5.25313e+43
3.12496e+15	5.14619e+43
3.12672e+15	5.04073e+43
3.12848e+15	4.94045e+43
3.13025e+15	4.83786e+43
3.13201e+15	4.73673e+43
3.13377e+15	4.63888e+43
3.13554e+15	4.54227e+43
3.1373e+15	4.44717e+43
3.13906e+15	4.35506e+43
3.14083e+15	4.26601e+43
3.14259e+15	4.17647e+43
3.14436e+15	4.08666e+43
3.14612e+15	4.00291e+43
3.14788e+15	3.91567e+43
3.14965e+15	3.83121e+43
3.15141e+15	3.74961e+43
3.15317e+15	3.66616e+43
3.15494e+15	3.58697e+43
3.1567e+15	3.50895e+43
3.15846e+15	3.43056e+43
3.16023e+15	3.35488e+43
3.16199e+15	3.27901e+43
3.16375e+15	3.20692e+43
3.16552e+15	3.13601e+43
3.16728e+15	3.06743e+43
3.16904e+15	2.99997e+43
3.17081e+15	2.93092e+43
3.17257e+15	2.86296e+43
3.17434e+15	2.79742e+43
3.1761e+15	2.73159e+43
3.17786e+15	2.66813e+43
3.17963e+15	2.60568e+43
3.18139e+15	2.54533e+43
3.18315e+15	2.48486e+43
3.18492e+15	2.42644e+43
3.18668e+15	2.36792e+43
3.18844e+15	2.31037e+43
3.19021e+15	2.25479e+43
3.19197e+15	2.20434e+43
3.19373e+15	2.15053e+43
3.1955e+15	2.09875e+43
3.19726e+15	2.04579e+43
3.19902e+15	1.99574e+43
3.20079e+15	1.94655e+43
3.20255e+15	1.89625e+43
3.20432e+15	1.84875e+43
3.20608e+15	1.80207e+43
3.20784e+15	1.7572e+43
3.20961e+15	1.71212e+43
3.21137e+15	1.66704e+43
3.21313e+15	1.62357e+43
3.2149e+15	1.58414e+43
3.21666e+15	1.54294e+43
3.21842e+15	1.50263e+43
3.22019e+15	1.46378e+43
3.22195e+15	1.42492e+43
3.22371e+15	1.38676e+43
3.22548e+15	1.34932e+43
3.22724e+15	1.31257e+43
3.229e+15	1.27718e+43
3.23077e+15	1.2418e+43
3.23253e+15	1.2071e+43
3.23429e+15	1.17447e+43
3.23606e+15	1.14108e+43
3.23782e+15	1.1091e+43
3.23959e+15	1.07874e+43
3.24135e+15	1.04798e+43
3.24311e+15	1.01839e+43
3.24488e+15	9.89919e+42
3.24664e+15	9.61474e+42
3.2484e+15	9.33597e+42
3.25017e+15	9.05775e+42
3.25193e+15	8.79027e+42
3.25369e+15	8.52827e+42
3.25546e+15	8.27789e+42
3.25722e+15	8.02194e+42
3.25898e+15	7.78198e+42
3.26075e+15	7.54703e+42
3.26251e+15	7.31131e+42
3.26427e+15	7.09464e+42
3.26604e+15	6.87434e+42
3.2678e+15	6.65881e+42
3.26957e+15	6.44801e+42
3.27133e+15	6.24938e+42
3.27309e+15	6.05278e+42
3.27486e+15	5.85555e+42
3.27662e+15	5.66637e+42
3.27838e+15	5.48274e+42
3.28015e+15	5.29862e+42
3.28191e+15	5.12338e+42
3.28367e+15	4.95544e+42
3.28544e+15	4.7882e+42
3.2872e+15	4.62065e+42
3.28896e+15	4.46436e+42
3.29073e+15	4.3186e+42
3.29249e+15	4.16954e+42
3.29425e+15	4.02132e+42
3.29602e+15	3.87948e+42
3.29778e+15	3.74227e+42
3.29955e+15	3.60738e+42
3.30131e+15	3.48423e+42
3.30307e+15	3.3594e+42
3.30484e+15	3.23197e+42
3.3066e+15	3.11354e+42
3.30836e+15	2.99815e+42
3.31013e+15	2.88578e+42
3.31189e+15	2.77428e+42
3.31365e+15	2.66785e+42
3.31542e+15	2.56722e+42
3.31718e+15	2.47006e+42
3.31894e+15	2.37336e+42
3.32071e+15	2.27933e+42
3.32247e+15	2.18994e+42
3.32423e+15	2.10158e+42
3.326e+15	2.01599e+42
3.32776e+15	1.93311e+42
3.32953e+15	1.85264e+42
3.33129e+15	1.77931e+42
3.33305e+15	1.70386e+42
3.33482e+15	1.6309e+42
3.33658e+15	1.56037e+42
3.33834e+15	1.49351e+42
3.34011e+15	1.42761e+42
3.34187e+15	1.36519e+42
3.34363e+15	1.30353e+42
3.3454e+15	1.24748e+42
3.34716e+15	1.19016e+42
3.34892e+15	1.13578e+42
3.35069e+15	1.08333e+42
3.35245e+15	1.03178e+42
3.35421e+15	9.8292e+41
3.35598e+15	9.36013e+41
3.35774e+15	8.90846e+41
3.3595e+15	8.46377e+41
3.36127e+15	8.05943e+41
3.36303e+15	7.65722e+41
3.3648e+15	7.2693e+41
3.36656e+15	6.89665e+41
3.36832e+15	6.53884e+41
3.37009e+15	6.19544e+41
3.37185e+15	5.87136e+41
3.37361e+15	5.56652e+41
3.37538e+15	5.26232e+41
3.37714e+15	4.97205e+41
3.3789e+15	4.69966e+41
3.38067e+15	4.43271e+41
3.38243e+15	4.18251e+41
3.38419e+15	3.9385e+41
3.38596e+15	3.7101e+41
3.38772e+15	3.48764e+41
3.38948e+15	3.27967e+41
3.39125e+15	3.07738e+41
3.39301e+15	2.88781e+41
3.39478e+15	2.71429e+41
3.39654e+15	2.54294e+41
3.3983e+15	2.37935e+41
3.40007e+15	2.22453e+41
3.40183e+15	2.07695e+41
3.40359e+15	1.94231e+41
3.40536e+15	1.80942e+41
3.40712e+15	1.6866e+41
3.40888e+15	1.56739e+41
3.41065e+15	1.45472e+41
3.41241e+15	1.35042e+41
3.41417e+15	1.25037e+41
3.41594e+15	1.15754e+41
3.4177e+15	1.07005e+41
3.41946e+15	9.88045e+40
3.42123e+15	9.10569e+40
3.42299e+15	8.37799e+40
3.42476e+15	7.69849e+40
3.42652e+15	7.05873e+40
3.42828e+15	6.49437e+40
3.43005e+15	5.93313e+40
3.43181e+15	5.4224e+40
3.43357e+15	4.94331e+40
3.43534e+15	4.5046e+40
3.4371e+15	4.09338e+40
3.43886e+15	3.70924e+40
3.44063e+15	3.36017e+40
3.44239e+15	3.03162e+40
3.44415e+15	2.72794e+40
3.44592e+15	2.45344e+40
3.44768e+15	2.19511e+40
3.44944e+15	1.95919e+40
3.45121e+15	1.74723e+40
3.45297e+15	1.55418e+40
3.45473e+15	1.37406e+40
3.4565e+15	1.21309e+40
3.45826e+15	1.06645e+40
3.46003e+15	9.33297e+39
3.46179e+15	8.14629e+39
3.46355e+15	7.06541e+39
3.46532e+15	6.13335e+39
3.46708e+15	5.27276e+39
3.46884e+15	4.52803e+39
3.47061e+15	3.84995e+39
3.47237e+15	3.25286e+39
3.47413e+15	2.73034e+39
