0.735599	0.000857448
0.761075	0.00186764
0.786415	0.00217721
0.811677	0.00253065
0.836868	0.00291918
0.861995	0.0033431
0.886817	0.00386325
0.912154	0.00430107
0.936806	0.00498438
0.961955	0.0055215
0.986829	0.00625657
1.01145	0.0070887
1.03618	0.00785361
1.06068	0.00884399
1.08529	0.00976537
1.10968	0.0108955
1.13419	0.0119757
1.15849	0.0133042
1.18259	0.0146846
1.20652	0.0162468
1.23056	0.017641
1.25444	0.0193785
1.27787	0.0215378
1.30143	0.0232611
1.32512	0.0251229
1.34839	0.0276838
1.3718	0.0296842
1.39481	0.0325871
1.41796	0.0349771
1.44074	0.0382378
1.46365	0.0407398
1.48646	0.0439267
1.50893	0.0477674
1.53153	0.0509052
1.55404	0.0546365
1.57623	0.0591263
1.59856	0.0625077
1.62081	0.0669635
1.64298	0.0713493
1.66485	0.0770247
1.68687	0.0812041
1.7086	0.0870301
1.73048	0.0916146
1.75209	0.0981945
1.77384	0.103419
1.79533	0.110356
1.81676	0.117068
1.83833	0.122419
1.85966	0.130839
1.88094	0.137855
1.90216	0.14539
1.92335	0.153302
1.94448	0.161814
1.96558	0.16997
1.98663	0.179151
2.00746	0.189932
2.02826	0.199356
2.04919	0.207003
2.06992	0.219472
2.09079	0.228203
2.11145	0.24042
2.13208	0.251684
2.15268	0.263943
2.17325	0.275365
2.19363	0.290736
2.21415	0.300531
2.23464	0.313747
2.25494	0.330043
2.27522	0.344928
2.29564	0.355956
2.31588	0.373697
2.3361	0.389241
2.3563	0.40608
2.37632	0.424572
2.39634	0.441514
2.41648	0.456509
2.43646	0.477963
2.45642	0.496267
2.47637	0.515286
2.4963	0.533391
2.51622	0.55338
2.53612	0.575259
2.55587	0.60064
2.57575	0.617859
2.59548	0.64457
2.6152	0.665856
2.6349	0.690846
2.6546	0.7133
2.67429	0.737719
2.69383	0.768071
2.7139	0.773271
2.73249	0.861119
2.75228	0.835841
2.77193	0.871277
2.79143	0.903806
2.8108	0.941197
2.83004	0.975076
2.85042	0.952452
2.8694	1.05477
2.88825	1.0911
2.90822	1.06425
2.92681	1.17376
2.94652	1.14403
2.9661	1.18636
2.98555	1.22718
3.00367	1.35732
3.02288	1.3144
3.04316	1.28538
3.06212	1.41082
3.08096	1.45955
3.09969	1.51243
3.11947	1.46991
3.13797	1.61442
3.1575	1.57518
3.17692	1.62881
3.19509	1.78685
3.21428	1.73313
3.23335	1.79459
3.25232	1.8532
3.27117	1.90857
3.28992	1.96945
3.30965	1.92551
3.32818	2.10324
3.34661	2.16299
3.36601	2.10739
3.38423	2.29997
3.40342	2.23947
3.42249	2.30901
3.44147	2.37974
3.46034	2.45245
3.4791	2.53198
3.49777	2.60094
3.51634	2.67785
3.53481	2.76193
3.5542	2.68887
3.57247	2.91992
3.59166	2.84735
3.60974	3.09094
3.62873	3.01885
3.64763	3.10577
3.66642	3.18703
3.68512	3.28398
3.70372	3.36777
3.72223	3.46887
3.74065	3.56373
3.75898	3.65193
3.77722	3.74922
3.79633	3.66798
3.81439	3.9647
3.83331	3.85836
3.85214	3.97162
3.87088	4.06903
3.88859	4.40305
3.90715	4.28132
3.92563	4.40286
3.94493	4.29456
3.96323	4.6264
3.98144	4.74323
4.00048	4.64476
4.01852	4.98848
4.03738	4.87155
4.05526	5.253
4.07395	5.1283
4.09256	5.25615
4.11108	5.38677
4.12952	5.51972
4.14787	5.64043
4.16615	5.79062
4.18434	5.91476
4.20246	6.05525
4.22135	5.92052
4.23931	6.34889
4.25804	6.21949
4.27669	6.36839
4.29442	6.80952
4.31291	6.66578
4.33132	6.82089
4.34966	6.97992
4.36792	7.12196
4.3861	7.28481
4.40503	7.14662
4.42306	7.64027
4.44102	7.79136
4.45971	7.62103
4.47752	8.16303
4.49607	7.96348
4.51453	8.14093
4.53293	8.3223
4.55124	8.50467
4.56949	8.71131
4.58766	8.87838
4.60576	9.06979
4.62379	9.26215
4.64253	9.09129
4.66042	9.68668
4.67901	9.48216
4.69753	9.66347
4.71521	10.317
4.73358	10.0929
4.75189	10.2808
4.77012	10.5194
4.78829	10.7118
4.80639	10.9315
4.82517	10.7138
4.84313	11.3879
4.86102	11.6431
4.87959	11.3794
4.89735	12.0897
4.91578	11.8393
4.93415	12.0797
4.95244	12.3504
4.97067	12.5661
4.98883	12.8454
5.00692	13.0665
5.02495	13.3509
5.04364	13.0934
5.06154	13.8799
5.08008	13.5766
5.09786	14.3881
5.11627	14.1348
5.13462	14.409
5.15221	15.2641
5.17043	14.9195
5.18929	14.6811
5.20738	15.4974
5.22541	15.8235
5.24338	16.1168
5.26197	15.8131
5.27982	16.7242
5.29828	16.4047
5.31601	17.3051
5.33435	17.0098
5.35263	17.2825
5.37084	17.6387
5.389	17.9606
5.40709	18.2843
5.42513	18.5682
5.44376	18.2307
5.46168	19.2895
5.47953	19.6276
5.49799	19.2638
5.51638	19.5649
5.53471	19.9118
5.55233	21.0557
5.57054	20.6076
5.58869	20.9677
5.60743	20.6536
5.62547	21.7612
5.64345	22.0823
5.66201	21.6925
5.67987	22.8502
5.69831	22.4417
5.71669	22.8285
5.73438	24.0958
5.75264	23.6549
5.77085	23.9978
5.789	24.4029
5.8071	24.8099
5.82575	24.3898
5.84373	25.7096
5.86227	25.2091
5.88014	26.5081
5.89857	26.0481
5.91633	27.4452
5.93464	26.9658
5.9529	27.342
5.97111	27.7888
5.98925	28.3024
6.00795	27.7768
6.02598	29.2311
6.04397	29.6957
6.06249	29.1353
6.08096	29.6046
6.09878	31.145
6.11714	30.6184
6.13545	31.0326
6.1537	31.5963
6.1719	32.0922
6.19004	32.5169
6.20871	32.0748
6.22675	33.5455
6.24473	34.1386
6.26324	33.5083
6.2817	34.0308
6.29952	35.7441
6.31787	35.154
6.33617	35.6957
6.35441	36.2426
6.37317	35.7026
6.39131	37.3494
6.4094	37.9113
6.42799	37.2373
6.44598	39.0672
6.46447	38.4554
6.48291	39.037
6.5013	39.6364
6.51964	40.1968
6.53792	40.794
6.55615	41.3002
6.57434	41.9067
6.59247	42.5185
6.6111	41.8796
6.62913	43.8782
6.64766	43.1109
6.66614	43.7436
6.68456	44.4988
6.70294	45.1096
6.72126	45.6536
6.73954	46.4162
6.75776	47.078
6.77647	46.3945
6.7946	48.4372
6.81321	47.6152
6.83176	48.2973
6.84974	50.5294
6.8682	49.7758
6.88661	50.3594
6.90497	51.0646
6.92329	51.8965
6.94207	51.0486
6.96029	53.2354
6.97897	52.6019
6.99709	54.8469
7.01568	53.9341
7.03422	54.6802
7.05271	55.4324
7.07115	56.1908
7.08954	56.9552
7.10789	57.7258
7.12669	57.0691
7.14494	59.3065
7.16365	58.6231
7.18181	61.0546
7.20042	60.0616
7.21898	60.869
7.2375	61.6828
7.25597	62.5029
7.27439	63.4772
7.29327	62.6353
7.3116	65.1755
7.33037	64.3019
7.3491	64.9867
7.36729	67.6539
7.38593	66.8886
7.40452	67.6049
7.42306	68.6432
7.44204	67.6063
7.46049	70.2836
7.47889	71.3484
7.49773	70.42
7.51604	73.1939
7.53479	72.2129
7.55349	73.0179
7.57215	73.9505
7.59076	74.8901
7.60932	76.0135
7.62831	75.0621
7.64678	77.7746
7.66521	78.9058
7.68407	77.9528
7.70287	78.9365
7.72164	79.7415
7.74035	80.9257
7.75902	81.9106
7.77765	82.9753
7.79623	83.9955
7.81524	82.9672
7.83373	86.083
7.85264	84.7997
7.8715	86.0998
7.88987	89.3166
7.90864	87.9904
7.92783	87.1603
7.94652	90.1403
7.96516	91.2802
7.98421	90.1918
8.00277	93.4986
8.02173	92.5659
8.04065	93.7395
8.05907	97.1588
8.0779	95.9715
8.09714	94.6298
8.11588	98.0943
8.13458	99.2485
8.15368	98.0719
8.17229	101.881
8.1913	100.451
8.21027	101.613
8.22919	102.866
8.24807	104.068
8.26691	105.524
8.28571	106.72
8.3049	105.331
8.3236	109.023
8.34271	107.756
8.36176	109.323
8.38078	110.303
8.39975	111.895
8.41868	113.174
8.43756	114.17
8.45683	112.981
8.47563	117.131
8.49482	115.807
8.51438	114.401
8.53136	132.912
8.55254	107.653
8.56944	136.318
8.59052	110.057
8.60735	139.101
8.62834	112.816
8.64927	113.994
8.66599	143.975
8.68683	116.478
8.70348	147.52
8.72423	119.055
8.74494	120.544
8.76147	152.532
8.78209	123.173
8.79855	155.481
8.81909	126.127
8.83957	127.277
8.86001	128.824
8.87633	162.963
8.89668	131.86
8.91699	133.343
8.9332	167.996
8.95343	135.812
8.97361	137.418
8.99374	139.259
9.01383	140.89
9.02987	177.747
9.04988	143.429
9.06984	144.982
9.08976	146.649
9.10964	148.222
9.12947	150.26
9.14926	151.502
9.16506	191.175
9.18478	154.931
9.20445	156.189
9.22408	158.298
9.24367	159.94
9.26321	161.297
9.28272	163.449
9.30218	164.737
9.32161	166.53
9.34099	168.218
9.36034	170.396
9.37964	171.825
9.3989	173.947
9.41813	175.355
9.43731	177.626
9.46029	149.703
9.47939	181.168
9.49845	183.061
9.51747	184.839
9.53646	186.717
9.5554	189.082
9.57431	190.45
9.59696	160.905
9.61579	195.152
9.63458	196.537
9.65333	198.944
9.67579	167.687
9.69447	202.732
9.71311	205.187
9.73171	206.697
9.75399	174.594
9.77252	211.045
9.79101	213.564
9.81315	179.497
9.83156	218.097
9.84994	219.544
9.87196	185.359
9.89026	224.102
9.91218	189.188
9.93041	228.753
9.94861	231.3
9.9704	194.331
9.98853	235.996
10.0102	198.72
10.0283	240.788
10.0499	202.645
10.0679	245.479
10.0894	206.187
10.1109	208.881
10.1288	252.412
10.1502	212.972
10.168	257.98
10.1893	217.049
10.2106	218.812
10.2283	265.594
10.2495	223.003
10.2707	225.309
10.2883	272.811
10.3093	229.568
10.3304	231.911
10.3479	281.475
10.3688	236.727
10.3897	238.556
10.4106	240.948
10.4279	291.669
10.4487	245.366
10.4695	248.373
10.4902	250.238
10.5109	253.284
10.5315	255.759
10.5521	257.646
10.5692	311.799
10.5897	262.226
10.6102	265.363
10.6307	267.902
10.651	269.824
10.6714	273.018
10.6917	275.596
10.712	278.187
10.7323	280.138
10.7525	283.409
10.7726	285.373
10.7928	288.683
10.8128	290.661
10.8363	251.92
10.8555	307.813
10.8747	311.819
10.8972	268.147
10.9163	318.26
10.9386	274.527
10.9609	276.95
10.9831	280.204
11.002	332.125
11.0241	285.526
11.0461	287.764
11.0682	290.532
11.0902	293.894
11.1121	296.846
11.1341	298.354
11.1559	302.781
11.1777	304.635
11.1995	307.86
11.2212	311.491
11.2462	272.703
11.2678	317.89
11.2894	319.377
11.3142	282.05
11.3357	325.897
11.3603	288.001
11.3817	332.979
11.4063	292.369
11.4276	339.705
11.4521	298.888
11.4764	302.461
11.4977	349.182
11.5219	308.395
11.5462	310.831
11.5703	314.914
11.5945	317.303
11.6186	320.578
11.6426	323.607
11.6666	326.413
11.6905	330.06
11.7144	333.475
11.7382	336.773
11.762	340.157
11.7888	304.602
11.8124	347.737
11.836	350.443
11.8627	312.586
11.8862	358.53
11.9127	320.684
11.9361	364.991
11.9625	326.821
11.9858	372.978
12.0121	333.923
12.0383	335.853
12.0645	340.114
12.0877	386.788
12.1137	347
12.1397	350.367
12.1656	353.875
12.1915	356.666
12.2174	361.257
12.2431	365.954
12.2689	367.666
12.2975	334.258
12.3231	377.145
12.3487	379.915
12.3742	383.818
12.4026	348.362
12.428	390.918
12.4562	355.306
12.4815	399.586
12.5095	363.453
12.5348	408.011
12.5628	370.189
12.5879	414.699
12.6158	376.873
12.6436	380.433
12.6714	385.38
12.699	389.042
12.7267	392.612
12.7543	397.18
12.7819	399.726
12.8093	405.753
12.8368	407.676
12.8641	414.491
12.8915	416.183
12.9187	421.891
12.9487	387.093
12.9758	430.983
13.0057	393.561
13.0328	438.843
13.0625	403.29
13.0895	446.486
13.1191	410.799
13.1459	456.859
13.1755	417.671
13.2049	423.609
13.2343	427.698
13.2637	431.154
13.2902	480.353
13.3195	439.694
13.3486	446.183
13.3804	411.089
13.4095	452.586
13.4384	460.011
13.4674	462.884
13.4963	468.282
13.5277	432.505
13.5565	477.145
13.5878	442.182
13.6164	487.696
13.6477	450.947
13.6762	498.551
13.7073	458.571
13.7384	463.439
13.7693	469.062
13.7976	517.077
13.8284	478.6
13.8593	483.536
13.8899	490.514
13.9232	454.766
13.9537	498.752
13.9843	503.738
14.0147	508.933
14.0451	516.071
14.078	479.467
14.1083	525.687
14.141	489.04
14.1711	536.78
14.2038	498.129
14.2363	504.676
14.2688	509.466
14.2987	558.116
14.331	521.815
14.3632	525.441
14.3954	530.992
14.4276	536.322
14.4621	504.632
14.4941	549.44
14.526	553.043
14.5578	560.826
14.5921	524.332
14.6238	569.786
14.6579	536.762
14.6895	582.624
14.7234	546.635
14.7573	553.772
14.791	559.897
14.8248	562.931
14.856	614.004
14.8896	575.994
14.9255	544.034
14.9589	589.945
14.9922	595.201
15.0256	599.211
15.0611	568.8
15.0942	612.882
15.1297	578.839
15.1626	627.169
15.1979	591.652
15.2331	598.049
15.2659	646.501
15.3009	609.101
15.3358	616.991
15.3707	623.398
15.4078	590.999
15.4425	637.149
15.4771	643.696
15.5117	648.784
15.5485	614.081
15.5829	664.373
15.6195	628.052
15.6537	678.572
15.6902	641.044
15.7265	649.611
15.7628	655.948
15.799	662.032
15.8351	669.004
15.8711	676.157
15.9071	682.352
15.9452	650.123
15.981	699.85
16.0189	664.737
16.0545	712.934
16.0923	678.271
16.1278	726.42
16.1653	694.904
16.2028	699.893
16.2403	705.668
16.2775	717.64
16.3148	722.682
16.3542	688.17
16.3912	739.297
16.4281	747.724
16.4673	710.548
16.5062	720.097
16.5429	773.071
16.5818	735.137
16.6205	744.936
16.659	753.913
16.6976	757.596
16.736	767.268
16.7744	777.211
16.8148	741.768
16.8529	794.182
16.8931	760.65
16.9311	808.278
16.9711	776.856
17.011	783.492
17.0508	793.746
17.0907	800.434
17.1302	809.926
17.1698	819.468
17.2092	826.25
17.2507	793.483
17.2899	845.442
17.3311	810.604
17.3702	862.334
17.4112	828
17.4522	837.014
17.4931	844.219
17.5339	855.057
17.5765	826.271
17.617	873.941
17.6575	883.193
17.6999	850.314
17.7403	902.309
17.7824	870.575
17.8245	880.104
17.8665	889.687
17.9084	899.304
17.9501	910.233
17.9938	877.133
18.0354	926.719
18.0789	894.278
18.1203	946.941
18.1635	915.806
18.2067	923.702
18.2497	933.881
18.2927	943.773
18.3356	953.952
18.3783	966.447
18.423	932.409
18.4656	985.388
18.51	952.921
18.5542	965.404
18.5965	1017.67
18.6406	986.151
18.6864	953.422
18.7303	1008.16
18.774	1016.61
18.8195	987.308
18.863	1038.99
18.9084	1006.28
18.9536	1017.37
18.9987	1028.51
19.0437	1039.72
19.0886	1050.98
19.1353	1019.99
19.18	1074.22
19.2264	1045.11
19.2728	1053.94
19.3171	1112.23
19.3633	1075.45
19.4111	1049.38
19.457	1103.4
19.5027	1115.43
19.5502	1081.7
19.5976	1096.3
19.643	1152.29
19.6902	1120.15
19.7372	1129.9
19.786	1102.4
19.8327	1156.24
19.8812	1126.98
19.9278	1183.09
19.9761	1149.07
20.0243	1161.77
20.0723	1174.53
20.1202	1190.11
20.1679	1206.02
20.2174	1170.12
20.265	1225.35
20.3142	1196.02
20.3633	1211.93
20.4123	1225.43
20.4612	1235.98
20.5116	1209.5
20.5602	1263.32
20.6105	1231.94
20.6606	1247.14
20.7106	1263.89
20.7605	1274.66
20.8102	1294.89
20.8615	1259.71
20.911	1320.54
20.9622	1286.05
21.0132	1304.95
21.0639	1319.45
21.1147	1330.75
21.167	1305.12
21.2174	1363.67
21.2695	1332.71
21.3215	1346
21.3731	1367.37
21.4248	1375.94
21.4763	1394.07
21.5294	1362.57
21.5824	1379.49
21.6351	1396.4
21.6878	1408.72
21.7403	1427.62
21.7928	1443.28
21.8467	1415.16
21.8988	1473.78
21.9525	1443.15
22.0077	1419.71
22.0611	1475.84
22.1142	1499.07
22.169	1462.44
22.2237	1484.45
22.2782	1497.35
22.3325	1517.66
22.3866	1537.87
22.4423	1507.27
22.4963	1563
22.5517	1537.23
22.6086	1511.51
22.6636	1575.68
22.7186	1593.38
22.7751	1560.77
22.8314	1584.05
22.8874	1605.47
22.9434	1615.78
23.0009	1589.8
23.0567	1654
23.1137	1632.44
23.1707	1643.81
23.2276	1666
23.2858	1640.44
23.3425	1701.55
23.4003	1681.13
23.4582	1695.63
23.5159	1715.18
23.5749	1690.07
23.6338	1711.22
23.691	1773.64
23.7511	1699.9
23.8096	1763.3
23.8678	1787.09
23.9276	1755.94
23.9871	1777.86
24.0465	1801.77
24.1056	1822.32
24.1661	1797.68
24.2266	1816.18
24.2869	1838.36
24.3468	1863.91
24.4083	1831.58
24.4681	1901.65
24.5293	1874.59
24.5902	1894.12
24.6524	1875.36
24.713	1941.36
24.775	1917.63
24.8368	1935.16
24.8998	1919.35
24.9613	1978.8
25.024	1960.83
25.0866	1978.44
25.1489	2009.75
25.2127	1980.99
25.2763	2005.86
25.3383	2073.86
25.4027	2006.72
25.4658	2069.82
25.5302	2044.92
25.5944	2071.16
25.6583	2099.45
25.7234	2082.44
25.7885	2102.14
25.8534	2118.58
25.9181	2149.82
25.9825	2174.32
26.0483	2147.66
26.1139	2177.43
26.1808	2155.42
26.2459	2232.68
26.3124	2202.13
26.3787	2226.85
26.4462	2207.1
26.5121	2280.97
26.5792	2263.09
26.6462	2283.91
26.7143	2269.79
26.7808	2347.24
26.8472	2367.47
26.9136	2391.67
26.9797	2415.21
27.0587	2041.73
27.1245	2474.5
27.1902	2506.25
27.2557	2531.28
27.334	2137.68
27.399	2595.35
27.464	2616.19
27.5417	2212.04
27.6064	2680.47
27.6836	2263.22
27.7479	2746.6
27.8249	2310.83
27.8888	2802.84
27.9654	2371.35
28.029	2873.66
28.1052	2422.25
28.1812	2452.63
28.2442	2975.05
28.3198	2504.28
28.3953	2536.57
28.4705	2567.64
28.5453	2597.5
28.6077	3142.8
28.6823	2648.18
28.7568	2681.75
28.8311	2716.69
28.905	2747.45
28.9789	2779.12
29.0526	2811.68
29.1262	2839.87
29.2115	2466.94
29.2846	2914.25
29.3575	2946.29
29.4303	2979.2
29.5027	3012.51
29.5872	2604.44
29.6594	3077.5
29.7314	3111.19
29.815	2710.17
29.8866	3183.94
29.97	2765.81
30.0413	3266.35
30.124	2832.25
30.1949	3341.98
30.2774	2891.62
30.3598	2923.56
30.4299	3468.33
30.5118	2992.82
30.5934	3036.41
30.6748	3065.23
30.7561	3101.86
30.8254	3661.13
30.9062	3170.17
30.9868	3206.76
31.0672	3251.77
31.1472	3289.23
31.2387	2911.92
31.3184	3371.84
31.3979	3410.52
31.4771	3448.23
31.5562	3479.09
31.6464	3081.92
31.7252	3559.01
31.8036	3610.54
31.8931	3198.29
31.9712	3697.66
32.0602	3273.62
32.1379	3774.66
32.2264	3353.61
32.3036	3871.82
32.3918	3419.56
32.4796	3469.43
32.5671	3510.55
32.6436	4057.39
32.7308	3578.43
32.8178	3624.71
32.9043	3676.21
32.9908	3720.08
33.0771	3754.42
33.1633	3803.31
33.2491	3851.66
33.3345	3904.61
33.4306	3498.14
33.5157	3991.53
33.6006	4036.19
33.6958	3627.4
33.7803	4124.28
33.8645	4169.57
33.9591	3760.1
34.0427	4287.66
34.1368	3839.47
34.2307	3882.82
34.3138	4422.25
34.4069	3985.1
34.5	4024.41
34.5928	4073.31
34.6854	4127.28
34.7775	4189.57
34.8696	4220.98
34.9614	4269.59
35.053	4320.4
35.1441	4380.27
35.2353	4415.99
35.3262	4482.05
35.4269	4082.84
35.517	4591.12
35.6072	4643.07
35.7071	4219.53
35.7968	4748.31
35.896	4327.74
35.9951	4383.58
36.084	4925.55
36.1826	4474.97
36.2807	4538.03
36.3789	4589.64
36.4766	4650.18
36.5742	4705.1
36.6712	4772.06
36.7682	4806.37
36.865	4867.9
36.9613	4929.49
37.0575	4987.85
37.1631	4589.88
37.2588	5096.79
37.3542	5172.73
37.4589	4754.48
37.5539	5290.27
37.658	4867.64
37.7617	4925.99
37.856	5462.87
37.9594	5030.95
38.0622	5101.88
38.165	5165.12
38.2675	5226.39
38.3697	5275.74
38.4716	5356.7
38.5733	5401.31
38.6839	5013.27
38.7848	5546.04
38.8857	5597.6
38.9956	5200.63
39.0957	5759.89
39.2048	5330.88
39.3046	5883.73
39.4132	5456.65
39.5213	5529.39
39.6293	5592.21
39.737	5645.79
39.8442	5725.96
39.9513	5795.22
40.0582	5844.65
40.1645	5945.83
40.2707	5988.77
40.3855	5609.62
40.4912	6135.05
40.6053	5752.12
40.7104	6282.38
40.8239	5883.57
40.9282	6446.78
41.0413	6002.23
41.1539	6096.51
41.266	6169.53
41.378	6244.22
41.4897	6318.55
41.601	6401.38
41.7122	6470.59
41.8315	6082.19
41.9418	6642.76
42.052	6705.21
42.1705	6296.94
42.2883	6379.14
42.3976	6952.14
42.515	6517.73
42.6318	6610.74
42.7487	6686.69
42.8652	6773.53
42.981	6853.41
43.0969	6919.46
43.2125	6993.83
43.3357	6629.8
43.4505	7173.41
43.5733	6777.94
43.6873	7381.32
43.8095	6949.52
43.9309	7040.44
44.0523	7111.82
44.1653	7706.93
44.286	7286.35
44.4144	6925.45
44.5345	7478.07
44.654	7565.23
44.7735	7628.75
44.9003	7263.27
45.0191	7841.89
45.1454	7423.92
45.2712	7531.01
45.397	7598.81
45.522	7734.35
45.647	7793.32
45.7716	7885.68
45.8957	8008.24
46.0197	8076.91
46.1507	7710.41
46.274	8293.77
46.4047	7892.9
46.527	8492.09
46.6569	8090.2
46.7862	8188.35
46.9155	8281.23
47.044	8386.12
47.1725	8490.48
47.3081	8099.22
47.4357	8690.02
47.5631	8781.46
47.6974	8432.61
47.8317	8490.33
47.9577	9147.96
48.0911	8723.8
48.2239	8825.99
48.3568	8926.67
48.4961	8589.41
48.6281	9157.68
48.7594	9263.71
48.898	8857.49
49.0362	8997.12
49.1663	9631.37
49.3038	9183.11
49.4406	9322.13
49.5771	9439.54
49.7131	9571.32
49.8562	9158.16
49.9914	9785.48
50.1336	9414.01
50.2682	10037.8
50.4093	9662.3
50.5503	9758.56
50.6907	9900.4
50.831	9964.48
50.9706	10140.9
51.117	9731.47
51.256	10355.9
51.4016	9971.97
51.5396	10642.3
51.6844	10213.3
51.8287	10348.8
51.9724	10485.9
52.116	10591.3
52.2659	10244.5
52.4087	10876.2
52.5576	10507.1
52.6997	11130.3
52.8478	10787.2
52.9955	10893.6
53.1431	11017.3
53.2966	10702.4
53.4433	11303.1
53.5895	11422.6
53.7417	11096.5
53.8938	11211.3
54.0452	11371.4
54.1963	11471.8
54.3471	11626.5
54.4972	11765.6
54.6474	11867.2
54.8031	11547
54.9584	11691.3
55.1138	11799.7
55.2618	12498.2
55.4223	11663.5
55.5763	12263.7
55.7295	12421
55.8885	12098.3
56.0413	12682.8
56.1995	12363.4
56.3573	12514.7
56.5151	12627.6
56.6783	12329.5
56.8347	13011.6
56.9971	12620.4
57.153	13270.3
57.3143	12968.3
57.4754	13115.7
57.6361	13260.6
57.8022	12925.8
57.9619	13602.8
58.1271	13242.8
58.2922	13409.9
58.4505	14071.8
58.6204	13240.8
58.7838	13900.6
58.9472	14057.8
59.1156	13764.3
59.2836	13931.2
59.4453	14574.4
59.6183	13782
59.785	14400.2
59.9514	14557.5
60.123	14259.2
60.2883	14963.4
60.4589	14606.5
60.629	14782
60.8046	14485.2
60.9741	15118.1
61.1486	14857
61.317	15502.5
61.4905	15182.5
61.6635	15367.7
61.8419	15075.4
62.014	15747.5
62.1914	15445.6
62.3685	15584.8
62.5448	15805.2
62.7207	15980.7
62.896	16189.9
63.0764	15913.6
63.2509	16607.6
63.4303	16260.5
63.6094	16443.1
63.7934	16194.5
63.9712	16865.9
64.1544	16536.6
64.3368	16795.7
64.5188	16943.8
64.7002	17166.1
64.8811	17410.9
65.0671	17049.2
65.252	17311.4
65.437	17510
65.6213	17738.7
65.805	17953.9
65.9938	17594.8
66.1819	17867.8
66.3696	18066
66.5566	18260.4
66.7431	18480.8
66.9342	18206.1
67.1249	18408.9
67.3153	18659.1
67.505	18904.2
67.6993	18618.3
67.8881	19297.5
68.081	19062.7
68.2739	19278.1
68.4713	19020.7
68.6631	19707.3
68.859	19480.6
69.0547	19676.1
69.25	19935.6
69.4442	20195.6
69.6436	19855.2
69.8422	20165.3
70.04	20378.1
70.2375	20652
70.4397	20313.4
70.6407	20671.5
70.8415	20833
71.0415	21153.2
71.2412	21387
71.4451	21087.6
71.6486	21369.4
71.8513	21602.5
72.0537	21887.6
72.2602	21647.1
72.4664	21839.7
72.6717	22175.9
72.8767	22367
73.0857	22182.1
73.2944	22432.4
73.5023	22666.3
73.7093	22965.9
73.9213	22699.8
74.1271	23524.9
74.3422	22775.6
74.5521	23554
74.7612	23855.9
74.9743	23575.6
75.187	23830.4
75.404	23629.8
75.6154	24469.7
75.8308	24245.6
76.0457	24514.6
76.2645	24248.7
76.4782	25106.5
76.6962	24842.9
76.9134	25157.1
77.1343	24958.3
77.3548	25232.6
77.5745	25505.8
77.7937	25784
78.0122	26116.7
78.2347	25920.8
78.4567	26173.3
78.6823	25984
78.903	26858.8
79.1273	26601.1
79.3508	27008.7
79.5783	26710.9
79.8054	27065
80.0317	27351.4
80.2575	27716.4
80.4867	27483.3
80.7155	27857.8
80.9438	28093.4
81.1708	28508.6
81.4022	28225.9
81.6327	28587
81.8667	28420.6
82.0961	29237.2
82.329	29062.5
82.5653	28970.6
82.797	29823.5
83.032	29587.6
83.2662	29945.7
83.5044	29721.2
83.7416	30111.7
83.9787	30402.1
84.2143	30924.4
84.4416	32259.6
84.693	29502.6
84.9434	29832.9
85.1934	30168.3
85.4007	36741
85.6497	30779.4
85.8976	31217.5
86.1444	31698.3
86.3908	32044.8
86.6365	32426.4
86.8813	32765.6
87.1256	33104.7
87.3693	33569.6
87.6122	33958.5
87.8543	34301.3
88.0959	34650.9
88.3771	30074.2
88.6173	35521.1
88.8568	35915.4
89.095	36421.5
89.373	31501.7
89.61	37260.5
89.8469	37666.2
90.1226	32672.1
90.3576	38653.6
90.6317	33363.6
90.8651	39505.1
91.1377	34213.3
91.4095	34566
91.6412	40860.5
91.911	35413.3
92.1804	35856.4
92.4104	42342.7
92.6779	36729.1
92.9451	36999.5
93.211	37606.3
93.4762	38047.1
93.7406	38485.6
94.0045	38900.3
94.2674	39295.5
94.5295	39742.8
94.7912	40155.9
95.0518	40746.1
95.312	41156.3
95.5713	41556.2
95.8668	36796.9
96.1247	42617.5
96.3817	43012.8
96.675	38133.4
96.9307	44005.5
97.222	39066.2
97.4756	45118.8
97.7292	45595.1
98.0184	40239.9
98.306	40915.5
98.5575	47185.8
98.844	41668.8
99.1293	42206
99.3785	48706
99.6626	43186.7
99.9456	43734.2
100.228	44180.1
100.509	44742.5
100.79	45199.3
101.07	45668.9
101.349	46219.4
101.627	46830.1
101.905	47197.3
102.182	47872
102.458	48284.1
102.767	43393.5
103.042	49243
103.315	49934.6
103.623	44883.2
103.894	51197.2
104.199	45999.1
104.471	52040.7
104.774	47027.4
105.042	53375.8
105.345	47846.9
105.645	48589.7
105.912	55276.4
106.211	49542.8
106.51	50117.3
106.807	50777.4
107.104	51375.2
107.399	51908.4
107.694	52396.1
107.988	53057.9
108.282	53389.9
108.574	54102.5
108.866	54824
109.156	55399.6
109.447	55925.5
109.768	50821.8
110.056	57208.1
110.343	57810.5
110.662	52451.2
110.948	58940.6
111.265	53726.3
111.549	60455.5
111.864	54899.6
112.178	55453.4
112.491	56201
112.772	62895.3
113.083	57189.7
113.394	57890.6
113.704	58513.8
114.012	59063.1
114.32	59902.9
114.627	60271.7
114.934	60975.5
115.239	61765.6
115.543	62252.6
115.877	57439.5
116.18	63610.1
116.481	64249.6
116.813	59152.5
117.112	65945
117.442	60330.2
117.74	67257.3
118.068	61791
118.364	68650.5
118.69	62720.6
119.015	63579.2
119.338	64414.1
119.661	65029.2
119.954	72112
120.274	66292.6
120.594	66839.1
120.942	62024.1
121.261	68357.1
121.579	69210
121.895	69974.9
122.21	70578.2
122.553	65469.6
122.867	72065.6
123.209	66682.8
123.52	73709.4
123.86	68018.1
124.169	75201
124.507	69408
124.816	76593.5
125.151	70910.2
125.486	71565.6
125.82	72135.6
126.152	73099
126.484	73586.5
126.815	74480.7
127.145	75214.9
127.474	76138.3
127.802	76777.2
128.157	71452.5
128.483	78521.4
128.807	79176.6
129.159	73485.5
129.483	80665.3
129.832	75093
130.154	82239.4
130.501	76717.3
130.848	77526.8
131.166	85047.3
131.511	78906.3
131.855	79835
132.197	80441.4
132.538	81490.6
132.879	81987.9
133.219	82964.4
133.557	83646.3
133.895	84532.9
134.258	79275.4
134.593	86382.1
134.954	80640.2
135.288	87743.3
135.621	88734.1
135.979	82913.3
136.335	84256.1
136.665	91388.5
137.02	85547.8
137.373	86357.2
137.726	86976.2
138.078	88214.5
138.428	89038.2
138.778	89830
139.126	90361.8
139.474	91382.1
139.821	92226.8
140.191	86988.1
140.535	94373.8
140.878	94675.2
141.246	89373.9
141.587	96873
141.952	91101.7
142.316	91954.5
142.655	99387.6
143.017	93589.5
143.378	94438.3
143.738	95423.1
144.097	95925.1
144.455	97134.9
144.811	98210.8
145.167	98735.9
145.546	93503.3
145.899	100522
146.251	101638
146.627	95998.2
146.977	103554
147.35	97812.2
147.699	105363
148.07	99605
148.44	100390
148.785	108010
149.153	101942
149.519	103322
149.885	103983
150.25	104969
150.613	105642
150.999	100121
151.359	107760
151.72	108745
152.102	102818
152.46	110362
152.839	104811
153.195	112613
153.572	106564
153.949	107606
154.302	115312
154.675	109598
155.049	110381
155.42	111304
155.791	112093
156.161	112839
156.551	107686
156.918	115441
157.285	115928
157.672	110837
158.036	118096
158.421	112250
158.783	120150
159.165	113896
159.546	115378
159.926	116022
160.306	116829
160.684	117736
161.061	119099
161.436	120480
161.81	120657
162.183	122190
162.556	122936
162.948	117171
163.318	124881
163.708	119232
164.096	120362
164.462	128289
164.848	121738
165.233	123110
165.617	124192
166	125004
166.381	126235
166.761	126881
167.14	128104
167.517	128917
167.914	123102
168.29	130988
168.685	125361
169.057	133294
169.45	126869
169.841	128315
170.21	135878
170.598	130164
170.985	130920
171.372	132026
171.756	133276
172.16	127563
172.542	135248
172.923	136321
173.322	130479
173.701	138089
174.097	132814
174.474	139830
174.868	134557
175.261	135507
175.653	136057
176.043	137232
176.433	138306
176.821	139163
177.207	140766
177.592	141533
177.996	135277
178.379	143620
178.779	137766
179.159	145469
179.558	139526
179.954	140519
180.349	141339
180.744	142229
181.136	143574
181.527	144643
181.917	145337
182.306	146614
182.712	141080
183.098	148479
183.501	142703
183.885	150403
184.285	145058
184.684	145794
185.083	146718
185.459	155295
185.873	141687
186.267	149428
186.659	151148
187.05	151699
187.458	145610
187.846	154031
188.25	147891
188.636	155918
189.039	149767
189.439	150740
189.839	151793
190.236	152818
190.632	153800
191.027	155048
191.42	155733
191.831	150013
192.221	157993
192.629	151598
193.016	159957
193.419	154027
193.822	154710
194.224	155790
194.623	156886
195.021	157385
195.417	158699
195.813	159680
196.225	153800
196.616	162015
197.024	156060
197.413	163167
197.819	157090
198.222	158193
198.624	159480
199.024	160083
199.424	160870
199.821	162406
200.235	156277
200.629	163867
201.038	158808
201.43	165675
201.837	159860
202.241	161574
202.646	161606
203.047	163385
203.447	163524
203.847	164275
204.261	159127
204.656	166772
205.067	160859
205.459	168212
205.867	162159
206.272	163454
206.677	163671
207.079	165606
207.482	165704
207.881	166942
208.294	161301
208.691	168279
209.101	162683
209.51	163370
209.902	171015
210.308	165038
210.712	165897
211.114	167526
211.531	161222
211.931	168010
212.344	163162
212.74	170619
213.151	164285
213.559	165641
213.95	172439
214.355	167129
214.773	161721
215.175	168290
215.576	168612
215.989	164474
216.387	170085
216.796	165806
217.204	166021
217.612	166007
218.017	167573
218.421	168171
218.823	168960
219.222	169704
219.637	163862
220.032	171127
220.443	165500
220.851	166319
221.258	166454
221.663	167192
222.066	168171
222.467	168498
222.882	163031
223.28	169825
223.69	165152
224.1	165381
224.494	171631
224.899	166434
225.303	167231
225.719	161543
226.12	167752
226.519	168451
226.931	163699
227.341	164057
227.733	170658
228.14	164703
228.545	164814
228.948	166156
229.362	161064
229.761	167171
230.174	161738
230.569	167723
230.976	163299
231.383	163274
231.788	163316
232.19	164130
232.591	164464
232.991	164656
233.402	159455
233.798	165208
234.206	160620
234.598	166748
235.002	161565
235.406	160904
235.806	162338
236.218	156977
236.616	162086
237.012	162942
237.418	158010
237.825	157278
238.215	163783
238.617	159008
239.018	157923
239.416	159576
239.827	153611
240.222	159173
240.615	159246
241.02	154442
241.41	160381
241.811	154910
242.211	154937
242.611	154694
243.006	155628
243.401	154923
243.794	155224
244.198	150265
244.588	155577
244.988	150832
245.374	155790
245.772	150419
246.168	150327
246.563	150532
246.954	150854
247.345	150657
247.735	150575
248.136	145054
248.522	150894
248.918	145397
249.301	149979
249.695	145055
250.075	149874
250.466	144898
250.855	144691
251.241	145086
251.627	144232
252.012	144016
252.395	143991
252.776	143375
253.155	143644
253.534	142439
253.912	142755
254.286	143091
254.66	142277
255.033	141616
255.404	141235
255.894	106384
256.262	141136
256.628	140581
256.995	139132
257.357	139652
257.722	138195
258.082	138602
258.442	137741
258.801	137203
259.157	137064
259.632	102177
259.987	135826
260.342	134277
260.694	134796
261.045	133619
261.395	132947
261.745	132290
262.093	131255
262.554	98487.2
262.901	129853
263.244	130040
263.588	128319
263.932	126980
264.272	127403
264.613	125765
264.952	125151
265.404	93033.3
265.742	123207
266.078	122312
266.413	122145
266.747	120633
267.083	118748
267.414	119187
267.746	117254
268.078	116378
268.409	115342
268.738	114437
269.177	84914
269.505	112189
269.832	111212
270.158	109889
270.485	108844
270.81	107550
271.135	106796
271.459	105158
271.781	104744
272.104	102814
272.427	101346
272.748	100924
273.069	99174.5
273.389	97923.8
273.71	96728.9
273.922	143091
274.241	93855.6
274.56	92584.9
274.88	91227.8
275.197	90144.6
275.515	88466.5
275.831	87637.3
276.044	127945
276.36	84789.4
276.676	82987.1
276.992	81961.3
277.204	120205
277.52	78850.4
277.836	77571
278.152	76030.5
278.363	111650
278.677	73526.4
278.888	107571
279.205	69938
279.52	69369.2
279.732	100455
280.047	66106.9
280.258	97034.4
280.575	63179.3
280.788	91908.2
280.999	90251
281.316	58924.1
281.531	84691.4
281.743	83831.4
282.06	54892.6
282.275	79074.5
282.49	76730.9
282.707	74438
283.024	49455.2
283.241	70417.7
283.458	68371.5
283.676	66343.4
283.894	64502.4
284.113	62500.6
284.333	60587.2
284.551	58950.3
284.774	56210.7
284.893	101397
285.116	52597.1
285.339	50901.9
285.562	49159
285.688	84589.3
285.912	45643.1
286.139	43643.1
286.266	74774
286.493	40329.7
286.621	69290.2
286.852	36802.2
286.983	62320.6
287.213	34161.3
287.348	55751.5
287.48	54433.1
287.616	50976
287.853	27868.3
287.989	46379.7
288.127	43304.8
288.269	40365.7
288.408	39036.3
288.55	36279.4
288.694	34207.3
288.838	31972.4
288.886	91308.8
289.033	28037
289.182	26133.1
289.233	70574.2
289.384	22671.4
289.536	20985
289.592	52694.3
289.746	17938.7
289.805	43795.8
289.866	39034.8
290.024	13745
290.087	32098.9
290.152	28386.4
290.217	25513.2
290.284	22728.4
290.352	19863.9
290.423	17274.3
290.495	15172.9
290.567	13190.1
290.642	11235.3
290.718	9629.37
290.778	17754.4
290.844	10965.5
290.916	6281.18
290.995	3079.1
