1e-06	0
1.01e-06	0
1.0201e-06	0
1.0303e-06	0
1.0406e-06	0
1.05101e-06	0
1.06152e-06	0
1.07214e-06	0
1.08286e-06	0
1.09369e-06	0
1.10462e-06	0
1.11567e-06	0
1.12683e-06	0
1.13809e-06	0
1.14947e-06	0
1.16097e-06	0
1.17258e-06	0
1.1843e-06	0
1.19615e-06	0
1.20811e-06	0
1.22019e-06	0
1.23239e-06	0
1.24472e-06	0
1.25716e-06	0
1.26973e-06	0
1.28243e-06	0
1.29526e-06	0
1.30821e-06	0
1.32129e-06	0
1.3345e-06	0
1.34785e-06	0
1.36133e-06	0
1.37494e-06	0
1.38869e-06	0
1.40258e-06	0
1.4166e-06	0
1.43077e-06	0
1.44508e-06	0
1.45953e-06	0
1.47412e-06	0
1.48886e-06	0
1.50375e-06	0
1.51879e-06	0
1.53398e-06	0
1.54932e-06	0
1.56481e-06	0
1.58046e-06	0
1.59626e-06	0
1.61223e-06	0
1.62835e-06	0
1.64463e-06	0
1.66108e-06	0
1.67769e-06	0
1.69447e-06	0
1.71141e-06	0
1.72852e-06	0
1.74581e-06	0
1.76327e-06	0
1.7809e-06	0
1.79871e-06	0
1.8167e-06	0
1.83486e-06	0
1.85321e-06	0
1.87174e-06	0
1.89046e-06	0
1.90937e-06	0
1.92846e-06	0
1.94774e-06	0
1.96722e-06	0
1.98689e-06	0
2.00676e-06	0
2.02683e-06	0
2.0471e-06	0
2.06757e-06	0
2.08825e-06	0
2.10913e-06	0
2.13022e-06	0
2.15152e-06	0
2.17304e-06	0
2.19477e-06	0
2.21672e-06	0
2.23888e-06	0
2.26127e-06	0
2.28388e-06	0
2.30672e-06	0
2.32979e-06	0
2.35309e-06	0
2.37662e-06	0
2.40038e-06	0
2.42439e-06	0
2.44863e-06	0
2.47312e-06	0
2.49785e-06	0
2.52283e-06	0
2.54806e-06	0
2.57354e-06	0
2.59927e-06	0
2.62527e-06	0
2.65152e-06	0
2.67803e-06	0
2.70481e-06	0
2.73186e-06	0
2.75918e-06	0
2.78677e-06	0
2.81464e-06	0
2.84279e-06	0
2.87121e-06	0
2.89993e-06	0
2.92893e-06	0
2.95822e-06	0
2.9878e-06	0
3.01768e-06	0
3.04785e-06	0
3.07833e-06	0
3.10911e-06	0
3.1402e-06	0
3.17161e-06	0
3.20332e-06	0
3.23536e-06	0
3.26771e-06	0
3.30039e-06	0
3.33339e-06	0
3.36672e-06	0
3.40039e-06	0
3.4344e-06	0
3.46874e-06	0
3.50343e-06	0
3.53846e-06	0
3.57385e-06	0
3.60958e-06	0
3.64568e-06	0
3.68214e-06	0
3.71896e-06	0
3.75615e-06	0
3.79371e-06	0
3.83165e-06	0
3.86996e-06	0
3.90866e-06	0
3.94775e-06	0
3.98723e-06	0
4.0271e-06	0
4.06737e-06	0
4.10804e-06	0
4.14912e-06	0
4.19062e-06	0
4.23252e-06	0
4.27485e-06	0
4.3176e-06	0
4.36077e-06	0
4.40438e-06	0
4.44842e-06	0
4.49291e-06	0
4.53784e-06	0
4.58321e-06	0
4.62905e-06	0
4.67534e-06	0
4.72209e-06	0
4.76931e-06	0
4.817e-06	0
4.86517e-06	0
4.91383e-06	0
4.96296e-06	0
5.01259e-06	0
5.06272e-06	0
5.11335e-06	0
5.16448e-06	0
5.21613e-06	0
5.26829e-06	0
5.32097e-06	0
5.37418e-06	0
5.42792e-06	0
5.4822e-06	0
5.53702e-06	0
5.59239e-06	0
5.64832e-06	0
5.7048e-06	0
5.76185e-06	0
5.81947e-06	0
5.87766e-06	0
5.93644e-06	0
5.9958e-06	0
6.05576e-06	0
6.11632e-06	0
6.17748e-06	0
6.23926e-06	0
6.30165e-06	0
6.36466e-06	0
6.42831e-06	0
6.49259e-06	0
6.55752e-06	0
6.6231e-06	0
6.68933e-06	0
6.75622e-06	0
6.82378e-06	0
6.89202e-06	0
6.96094e-06	0
7.03055e-06	0
7.10085e-06	0
7.17186e-06	0
7.24358e-06	0
7.31602e-06	0
7.38918e-06	0
7.46307e-06	0
7.5377e-06	0
7.61308e-06	0
7.68921e-06	0
7.7661e-06	0
7.84376e-06	0
7.9222e-06	0
8.00142e-06	0
8.08144e-06	0
8.16225e-06	0
8.24387e-06	0
8.32631e-06	0
8.40957e-06	0
8.49367e-06	0
8.57861e-06	0
8.66439e-06	0
8.75104e-06	0
8.83855e-06	0
8.92693e-06	0
9.0162e-06	0
9.10636e-06	0
9.19743e-06	0
9.2894e-06	0
9.3823e-06	0
9.47612e-06	0
9.57088e-06	0
9.66659e-06	0
9.76325e-06	0
9.86089e-06	0
9.9595e-06	0
1.00591e-05	0
1.01597e-05	0
1.02613e-05	0
1.03639e-05	0
1.04675e-05	0
1.05722e-05	0
1.06779e-05	0
1.07847e-05	0
1.08926e-05	0
1.10015e-05	0
1.11115e-05	0
1.12226e-05	0
1.13348e-05	0
1.14482e-05	0
1.15627e-05	0
1.16783e-05	0
1.17951e-05	0
1.1913e-05	0
1.20322e-05	0
1.21525e-05	0
1.2274e-05	0
1.23967e-05	0
1.25207e-05	0
1.26459e-05	0
1.27724e-05	0
1.29001e-05	0
1.30291e-05	0
1.31594e-05	0
1.3291e-05	0
1.34239e-05	0
1.35581e-05	0
1.36937e-05	0
1.38307e-05	0
1.3969e-05	0
1.41086e-05	0
1.42497e-05	0
1.43922e-05	0
1.45362e-05	0
1.46815e-05	0
1.48283e-05	0
1.49766e-05	0
1.51264e-05	0
1.52776e-05	0
1.54304e-05	0
1.55847e-05	0
1.57406e-05	0
1.5898e-05	0
1.6057e-05	0
1.62175e-05	0
1.63797e-05	0
1.65435e-05	0
1.67089e-05	0
1.6876e-05	0
1.70448e-05	0
1.72152e-05	0
1.73874e-05	0
1.75613e-05	0
1.77369e-05	0
1.79142e-05	0
1.80934e-05	0
1.82743e-05	0
1.84571e-05	0
1.86416e-05	0
1.8828e-05	0
1.90163e-05	0
1.92065e-05	0
1.93986e-05	0
1.95925e-05	0
1.97885e-05	0
1.99864e-05	0
2.01862e-05	0
2.03881e-05	0
2.0592e-05	0
2.07979e-05	0
2.10059e-05	0
2.12159e-05	0
2.14281e-05	0
2.16424e-05	0
2.18588e-05	0
2.20774e-05	0
2.22981e-05	0
2.25211e-05	0
2.27463e-05	0
2.29738e-05	0
2.32035e-05	0
2.34356e-05	0
2.36699e-05	0
2.39066e-05	0
2.41457e-05	0
2.43871e-05	0
2.4631e-05	0
2.48773e-05	0
2.51261e-05	0
2.53774e-05	0
2.56311e-05	0
2.58874e-05	0
2.61463e-05	0
2.64078e-05	0
2.66719e-05	0
2.69386e-05	0
2.7208e-05	0
2.748e-05	0
2.77548e-05	0
2.80324e-05	0
2.83127e-05	0
2.85958e-05	0
2.88818e-05	0
2.91706e-05	0
2.94623e-05	0
2.9757e-05	0
3.00545e-05	0
3.03551e-05	0
3.06586e-05	0
3.09652e-05	0
3.12749e-05	0
3.15876e-05	0
3.19035e-05	0
3.22225e-05	0
3.25447e-05	0
3.28702e-05	0
3.31989e-05	0
3.35309e-05	0
3.38662e-05	0
3.42049e-05	0
3.45469e-05	0
3.48924e-05	0
3.52413e-05	0
3.55937e-05	0
3.59496e-05	0
3.63091e-05	0
3.66722e-05	0
3.7039e-05	0
3.74093e-05	0
3.77834e-05	0
3.81613e-05	0
3.85429e-05	0
3.89283e-05	0
3.93176e-05	0
3.97108e-05	0
4.01079e-05	0
4.0509e-05	0
4.0914e-05	0
4.13232e-05	0
4.17364e-05	0
4.21538e-05	0
4.25753e-05	0
4.30011e-05	0
4.34311e-05	0
4.38654e-05	0
4.4304e-05	0
4.47471e-05	0
4.51946e-05	0
4.56465e-05	0
4.6103e-05	0
4.6564e-05	0
4.70296e-05	0
4.74999e-05	0
4.79749e-05	0
4.84547e-05	0
4.89392e-05	0
4.94286e-05	0
4.99229e-05	0
5.04221e-05	0
5.09264e-05	0
5.14356e-05	0
5.195e-05	0
5.24695e-05	0
5.29942e-05	0
5.35241e-05	0
5.40594e-05	0
5.46e-05	0
5.5146e-05	0
5.56974e-05	0
5.62544e-05	0
5.68169e-05	0
5.73851e-05	0
5.79589e-05	0
5.85385e-05	0
5.91239e-05	0
5.97152e-05	0
6.03123e-05	0
6.09154e-05	0
6.15246e-05	0
6.21398e-05	0
6.27612e-05	0
6.33888e-05	0
6.40227e-05	0
6.4663e-05	0
6.53096e-05	0
6.59627e-05	0
6.66223e-05	0
6.72885e-05	0
6.79614e-05	0
6.8641e-05	0
6.93275e-05	0
7.00207e-05	0
7.07209e-05	0
7.14281e-05	0
7.21424e-05	0
7.28638e-05	0
7.35925e-05	0
7.43284e-05	0
7.50717e-05	0
7.58224e-05	0
7.65806e-05	0
7.73464e-05	0
7.81199e-05	0
7.89011e-05	0
7.96901e-05	0
8.0487e-05	0
8.12919e-05	0
8.21048e-05	0
8.29259e-05	0
8.37551e-05	0
8.45927e-05	0
8.54386e-05	0
8.6293e-05	0
8.71559e-05	0
8.80275e-05	0
8.89077e-05	0
8.97968e-05	0
9.06948e-05	0
9.16017e-05	0
9.25178e-05	0
9.34429e-05	0
9.43774e-05	0
9.53211e-05	0
9.62743e-05	0
9.72371e-05	0
9.82095e-05	0
9.91916e-05	0
0.000100183	0
0.000101185	0
0.000102197	0
0.000103219	0
0.000104251	0
0.000105294	0
0.000106347	0
0.00010741	0
0.000108484	0
0.000109569	0
0.000110665	0
0.000111772	0
0.000112889	0
0.000114018	0
0.000115158	0
0.00011631	0
0.000117473	0
0.000118648	0
0.000119834	0
0.000121033	0
0.000122243	0
0.000123465	0
0.0001247	0
0.000125947	0
0.000127206	0
0.000128478	0
0.000129763	0
0.000131061	0
0.000132372	0
0.000133695	0
0.000135032	0
0.000136383	0
0.000137746	0
0.000139124	0
0.000140515	0
0.00014192	0
0.000143339	0
0.000144773	0
0.000146221	0
0.000147683	0
0.00014916	0
0.000150651	0
0.000152158	0
0.000153679	0
0.000155216	0
0.000156768	0
0.000158336	0
0.000159919	0
0.000161518	0
0.000163134	0
0.000164765	0
0.000166413	0
0.000168077	0
0.000169757	0
0.000171455	0
0.00017317	0
0.000174901	0
0.00017665	0
0.000178417	0
0.000180201	0
0.000182003	0
0.000183823	0
0.000185661	0
0.000187518	0
0.000189393	0
0.000191287	0
0.0001932	0
0.000195132	0
0.000197083	0
0.000199054	0
0.000201045	0
0.000203055	0
0.000205086	0
0.000207136	0
0.000209208	0
0.0002113	0
0.000213413	0
0.000215547	0
0.000217702	0
0.000219879	0
0.000222078	0
0.000224299	0
0.000226542	0
0.000228807	0
0.000231095	0
0.000233406	0
0.000235741	0
0.000238098	0
0.000240479	0
0.000242884	0
0.000245313	0
0.000247766	0
0.000250243	0
0.000252746	0
0.000255273	0
0.000257826	0
0.000260404	0
0.000263008	0
0.000265638	0
0.000268295	0
0.000270978	0
0.000273687	0
0.000276424	0
0.000279189	0
0.00028198	0
0.0002848	0
0.000287648	0
0.000290525	0
0.00029343	0
0.000296364	0
0.000299328	0
0.000302321	0
0.000305344	0
0.000308398	0
0.000311482	0
0.000314597	0
0.000317743	0
0.00032092	0
0.000324129	0
0.00032737	0
0.000330644	0
0.000333951	0
0.00033729	0
0.000340663	0
0.00034407	0
0.00034751	0
0.000350985	0
0.000354495	0
0.00035804	0
0.000361621	0
0.000365237	0
0.000368889	0
0.000372578	0
0.000376304	0
0.000380067	0
0.000383868	0
0.000387706	0
0.000391583	0
0.000395499	0
0.000399454	0
0.000403449	0
0.000407483	0
0.000411558	0
0.000415674	0
0.00041983	0
0.000424029	0
0.000428269	0
0.000432552	0
0.000436877	0
0.000441246	0
0.000445658	0
0.000450115	0
0.000454616	0
0.000459162	0
0.000463754	0
0.000468391	0
0.000473075	0
0.000477806	0
0.000482584	0
0.00048741	0
0.000492284	0
0.000497207	0
0.000502179	0
0.000507201	0
0.000512273	0
0.000517396	0
0.00052257	0
0.000527795	0
0.000533073	0
0.000538404	0
0.000543788	0
0.000549226	0
0.000554718	0
0.000560265	0
0.000565868	0
0.000571527	0
0.000577242	0
0.000583014	0
0.000588844	0
0.000594733	0
0.00060068	0
0.000606687	0
0.000612754	0
0.000618881	0
0.00062507	0
0.000631321	0
0.000637634	0
0.000644011	0
0.000650451	0
0.000656955	0
0.000663525	0
0.00067016	0
0.000676862	0
0.00068363	0
0.000690466	0
0.000697371	0
0.000704345	0
0.000711388	0
0.000718502	0
0.000725687	0
0.000732944	0
0.000740273	0
0.000747676	0
0.000755153	0
0.000762705	0
0.000770332	0
0.000778035	0
0.000785815	0
0.000793673	0
0.00080161	0
0.000809626	0
0.000817722	0
0.0008259	0
0.000834159	0
0.0008425	0
0.000850925	0
0.000859435	0
0.000868029	0
0.000876709	0
0.000885476	0
0.000894331	0
0.000903274	0
0.000912307	0
0.00092143	0
0.000930644	0
0.000939951	0
0.00094935	0
0.000958844	0
0.000968432	0
0.000978117	0
0.000987898	0
0.000997777	0
0.00100775	0
0.00101783	0
0.00102801	0
0.00103829	0
0.00104867	0
0.00105916	0
0.00106975	0
0.00108045	0
0.00109125	0
0.00110217	0
0.00111319	0
0.00112432	0
0.00113556	0
0.00114692	0
0.00115839	0
0.00116997	0
0.00118167	0
0.00119349	0
0.00120542	0
0.00121748	0
0.00122965	0
0.00124195	0
0.00125437	0
0.00126691	0
0.00127958	0
0.00129238	0
0.0013053	0
0.00131835	0
0.00133154	0
0.00134485	0
0.0013583	0
0.00137188	0
0.0013856	0
0.00139946	0
0.00141345	0
0.00142759	0
0.00144186	0
0.00145628	0
0.00147085	0
0.00148555	0
0.00150041	0
0.00151541	0
0.00153057	0
0.00154587	0
0.00156133	0
0.00157695	0
0.00159271	0
0.00160864	0
0.00162473	0
0.00164098	0
0.00165739	0
0.00167396	0
0.0016907	0
0.00170761	0
0.00172468	0
0.00174193	0
0.00175935	0
0.00177694	0
0.00179471	0
0.00181266	0
0.00183078	0
0.00184909	0
0.00186758	0
0.00188626	0
0.00190512	0
0.00192417	0
0.00194341	0
0.00196285	0
0.00198248	0
0.0020023	0
0.00202232	0
0.00204255	0
0.00206297	0
0.0020836	0
0.00210444	0
0.00212548	0
0.00214674	0
0.00216821	0
0.00218989	0
0.00221179	0
0.0022339	0
0.00225624	0
0.00227881	0
0.00230159	0
0.00232461	0
0.00234786	0
0.00237134	0
0.00239505	0
0.002419	0
0.00244319	0
0.00246762	0
0.0024923	0
0.00251722	0
0.00254239	0
0.00256782	0
0.00259349	0
0.00261943	0
0.00264562	0
0.00267208	0
0.0026988	0
0.00272579	0
0.00275305	0
0.00278058	0
0.00280838	0
0.00283647	0
0.00286483	0
0.00289348	0
0.00292241	0
0.00295164	0
0.00298115	0
0.00301097	0
0.00304108	0
0.00307149	0
0.0031022	0
0.00313322	0
0.00316456	0
0.0031962	0
0.00322816	0
0.00326045	0
0.00329305	0
0.00332598	0
0.00335924	0
0.00339283	0
0.00342676	0
0.00346103	0
0.00349564	0
0.00353059	0
0.0035659	0
0.00360156	0
0.00363758	0
0.00367395	0
0.00371069	0
0.0037478	0
0.00378528	0
0.00382313	0
0.00386136	0
0.00389997	0
0.00393897	0
0.00397836	0
0.00401815	0
0.00405833	0
0.00409891	0
0.0041399	0
0.0041813	0
0.00422311	0
0.00426534	0
0.004308	0
0.00435108	0
0.00439459	0
0.00443853	0
0.00448292	0
0.00452775	0
0.00457303	0
0.00461876	0
0.00466494	0
0.00471159	0
0.00475871	0
0.0048063	0
0.00485436	0
0.0049029	0
0.00495193	0
0.00500145	0
0.00505146	0
0.00510198	0
0.005153	0
0.00520453	0
0.00525657	0
0.00530914	0
0.00536223	0
0.00541585	0
0.00547001	0
0.00552471	0
0.00557996	0
0.00563576	0
0.00569212	0
0.00574904	0
0.00580653	0
0.00586459	0
0.00592324	0
0.00598247	0
0.0060423	0
0.00610272	0
0.00616375	0
0.00622538	0
0.00628764	0
0.00635051	0
0.00641402	0
0.00647816	0
0.00654294	0
0.00660837	0
0.00667445	0
0.0067412	0
0.00680861	0
0.0068767	0
0.00694546	0
0.00701492	0
0.00708507	0
0.00715592	0
0.00722748	0
0.00729975	0
0.00737275	0
0.00744648	0
0.00752094	0
0.00759615	0
0.00767211	0
0.00774883	0
0.00782632	0
0.00790459	0
0.00798363	0
0.00806347	0
0.0081441	0
0.00822554	0
0.0083078	0
0.00839088	0
0.00847479	0
0.00855953	0
0.00864513	0
0.00873158	0
0.0088189	0
0.00890709	0
0.00899616	0
0.00908612	0
0.00917698	0
0.00926875	0
0.00936144	0
0.00945505	0
0.0095496	0
0.0096451	0
0.00974155	0
0.00983896	0
0.00993735	0
0.0100367	0
0.0101371	0
0.0102385	0
0.0103409	0
0.0104443	0
0.0105487	0
0.0106542	0
0.0107607	0
0.0108683	0
0.010977	0
0.0110868	0
0.0111977	0
0.0113096	0
0.0114227	0
0.011537	0
0.0116523	0
0.0117689	0
0.0118865	0
0.0120054	0
0.0121255	0
0.0122467	0
0.0123692	0
0.0124929	0
0.0126178	0
0.012744	0
0.0128714	0
0.0130001	0
0.0131301	0
0.0132614	0
0.0133941	0
0.013528	0
0.0136633	0
0.0137999	0
0.0139379	0
0.0140773	0
0.0142181	0
0.0143602	0
0.0145038	0
0.0146489	0
0.0147954	0
0.0149433	0
0.0150928	0
0.0152437	0
0.0153961	0
0.0155501	0
0.0157056	0
0.0158626	0
0.0160213	0
0.0161815	0
0.0163433	0
0.0165067	0
0.0166718	0
0.0168385	0
0.0170069	0
0.017177	0
0.0173487	0
0.0175222	0
0.0176974	0
0.0178744	0
0.0180532	0
0.0182337	0
0.018416	0
0.0186002	0
0.0187862	0
0.0189741	0
0.0191638	0
0.0193554	0
0.019549	0
0.0197445	0
0.0199419	0
0.0201413	0
0.0203427	0
0.0205462	0
0.0207516	0
0.0209592	0
0.0211687	0
0.0213804	0
0.0215942	0
0.0218102	0
0.0220283	0
0.0222486	0
0.0224711	0
0.0226958	0
0.0229227	0
0.0231519	0
0.0233835	0
0.0236173	0
0.0238535	0
0.024092	0
0.0243329	0
0.0245763	0
0.024822	0
0.0250702	0
0.0253209	0
0.0255742	0
0.0258299	0
0.0260882	0
0.0263491	0
0.0266126	0
0.0268787	0
0.0271475	0
0.027419	0
0.0276931	0
0.0279701	0
0.0282498	0
0.0285323	0
0.0288176	0
0.0291058	0
0.0293968	0
0.0296908	0
0.0299877	0
0.0302876	0
0.0305905	0
0.0308964	0
0.0312053	0
0.0315174	0
0.0318326	0
0.0321509	0
0.0324724	0
0.0327971	0
0.0331251	0
0.0334563	0
0.0337909	0
0.0341288	0
0.0344701	0
0.0348148	0
0.0351629	0
0.0355146	0
0.0358697	0
0.0362284	0
0.0365907	0
0.0369566	0
0.0373262	0
0.0376994	0
0.0380764	0
0.0384572	0
0.0388418	0
0.0392302	0
0.0396225	0
0.0400187	0
0.0404189	0
0.0408231	0
0.0412313	0
0.0416436	0
0.0420601	0
0.0424807	0
0.0429055	0
0.0433345	0
0.0437679	0
0.0442056	0
0.0446476	0
0.0450941	0
0.045545	0
0.0460005	0
0.0464605	0
0.0469251	0
0.0473943	0
0.0478683	0
0.048347	0
0.0488304	0
0.0493187	0
0.0498119	0
0.05031	0
0.0508131	0
0.0513213	0
0.0518345	0
0.0523528	0
0.0528764	0
0.0534051	0
0.0539392	0
0.0544786	0
0.0550234	0
0.0555736	0
0.0561293	0
0.0566906	0
0.0572575	0
0.0578301	0
0.0584084	0
0.0589925	0
0.0595824	0
0.0601782	0
0.06078	0
0.0613878	0
0.0620017	0
0.0626217	0
0.0632479	0
0.0638804	0
0.0645192	0
0.0651644	0
0.065816	0
0.0664742	0
0.0671389	0
0.0678103	0
0.0684884	0
0.0691733	0
0.0698651	0
0.0705637	0
0.0712693	0
0.071982	0
0.0727019	0
0.0734289	0
0.0741632	0
0.0749048	0
0.0756538	0
0.0764104	0
0.0771745	0
0.0779462	0
0.0787257	0
0.079513	0
0.0803081	0
0.0811112	0
0.0819223	0
0.0827415	0
0.0835689	0
0.0844046	0
0.0852486	0
0.0861011	0
0.0869621	0
0.0878318	0
0.0887101	0
0.0895972	0
0.0904932	0
0.0913981	0
0.0923121	0
0.0932352	0
0.0941675	0
0.0951092	0
0.0960603	0
0.0970209	0
0.0979911	0
0.098971	0
0.0999607	0
0.10096	0
0.10197	0
0.10299	0
0.10402	0
0.10506	0
0.10611	0
0.107171	0
0.108243	0
0.109326	0
0.110419	0
0.111523	0
0.112638	0
0.113765	0
0.114902	0
0.116051	0
0.117212	0
0.118384	0
0.119568	0
0.120763	0
0.121971	0
0.123191	0
0.124423	0
0.125667	0
0.126924	0
0.128193	0
0.129475	0
0.13077	0
0.132077	0
0.133398	0
0.134732	0
0.136079	0
0.13744	0
0.138814	0
0.140203	0
0.141605	0
0.143021	0
0.144451	0
0.145895	0
0.147354	0
0.148828	0
0.150316	0
0.151819	0
0.153338	0
0.154871	0
0.15642	0
0.157984	0
0.159564	0
0.161159	0
0.162771	0
0.164399	0
0.166043	0
0.167703	0
0.16938	0
0.171074	0
0.172785	0
0.174512	0
0.176258	0
0.17802	0
0.1798	0
0.181598	0
0.183414	0
0.185248	0
0.187101	0
0.188972	0
0.190862	0
0.19277	0
0.194698	0
0.196645	0
0.198611	0
0.200598	0
0.202604	0
0.20463	0
0.206676	0
0.208743	0
0.21083	0
0.212938	0
0.215068	0
0.217218	0
0.219391	0
0.221584	0
0.2238	0
0.226038	0
0.228299	0
0.230582	0
0.232888	0
0.235216	0
0.237569	0
0.239944	0
0.242344	0
0.244767	0
0.247215	0
0.249687	0
0.252184	0
0.254706	0
0.257253	0
0.259825	0
0.262423	0
0.265048	0
0.267698	0
0.270375	0
0.273079	0
0.27581	0
0.278568	0
0.281354	0
0.284167	0
0.287009	0
0.289879	0
0.292778	0
0.295705	0
0.298662	0
0.301649	0
0.304666	0
0.307712	0
0.310789	0
0.313897	0
0.317036	0
0.320207	0
0.323409	0
0.326643	0
0.329909	0
0.333208	0
0.33654	0
0.339906	0
0.343305	0
0.346738	0
0.350205	0
0.353707	0
0.357244	0
0.360817	0
0.364425	0
0.368069	0
0.37175	0
0.375467	0
0.379222	0
0.383014	0
0.386844	0
0.390713	0
0.39462	0
0.398566	0
0.402552	0
0.406577	0
0.410643	0
0.41475	0
0.418897	0
0.423086	0
0.427317	0
0.43159	0
0.435906	0
0.440265	0
0.444668	0
0.449114	0
0.453605	0
0.458142	0
0.462723	0
0.46735	0
0.472024	0
0.476744	0
0.481511	0
0.486326	0
0.49119	0
0.496102	0
0.501063	0
0.506073	0
0.511134	0
0.516245	0
0.521408	0
0.526622	0
0.531888	0
0.537207	0
0.542579	0
0.548005	0
0.553485	0
0.55902	0
0.56461	0
0.570256	0
0.575959	0
0.581718	0
0.587535	0
0.593411	0
0.599345	0
0.605338	0
0.611392	0
0.617506	0
0.623681	0
0.629917	0
0.636217	0
0.642579	0
0.649005	0
0.655495	0
0.66205	0
0.66867	0
0.675357	0
0.68211	0
0.688931	0
0.695821	0
0.702779	0
0.709807	0
0.716905	0
0.724074	0
0.731315	0
0.738628	0
0.746014	0
0.753474	0
0.761009	0
0.768619	0
0.776305	0
0.784068	0
0.791909	0
0.799828	0
0.807826	0
0.815905	0
0.824064	0
0.832304	0
0.840627	0
0.849034	0
0.857524	-4.45264e+52
0.866099	-4.49393e+52
0.87476	-4.53556e+52
0.883508	-4.57755e+52
0.892343	-4.61989e+52
0.901266	-4.65734e+52
0.910279	-4.70035e+52
0.919382	-4.74371e+52
0.928575	-4.78744e+52
0.937861	-4.83153e+52
0.94724	-4.86994e+52
0.956712	-4.91471e+52
0.966279	-4.95986e+52
0.975942	-5.00537e+52
0.985702	-5.05127e+52
0.995559	-5.09057e+52
1.00551	-5.13715e+52
1.01557	-5.18412e+52
1.02572	-5.23147e+52
1.03598	-5.27129e+52
1.04634	-5.31934e+52
1.05681	-5.36778e+52
1.06737	-5.41662e+52
1.07805	-5.46585e+52
1.08883	-5.50641e+52
1.09972	-5.55635e+52
1.11071	-5.60669e+52
1.12182	-5.65743e+52
1.13304	-5.69834e+52
1.14437	-5.7498e+52
1.15581	-5.80167e+52
1.16737	-5.85394e+52
1.17904	-5.89509e+52
1.19083	-5.94808e+52
1.20274	-6.00148e+52
1.21477	-6.0553e+52
1.22692	-6.09659e+52
1.23919	-6.15113e+52
1.25158	-6.20609e+52
1.2641	-6.26148e+52
1.27674	-6.30276e+52
1.2895	-6.35886e+52
1.3024	-6.41539e+52
1.31542	-6.47235e+52
1.32858	-6.51348e+52
1.34186	-6.57115e+52
1.35528	-6.62926e+52
1.36883	-6.6878e+52
1.38252	-6.72863e+52
1.39635	-6.78788e+52
1.41031	-6.84756e+52
1.42441	-6.88765e+52
1.43866	-6.94803e+52
1.45304	-7.00885e+52
1.46758	-7.07012e+52
1.48225	-7.10956e+52
1.49707	-7.17151e+52
1.51204	-7.2339e+52
1.52716	-7.27226e+52
1.54244	-7.33532e+52
1.55786	-7.39882e+52
1.57344	-7.46277e+52
1.58917	-7.50005e+52
1.60507	-7.56464e+52
1.62112	-7.62969e+52
1.63733	-7.66544e+52
1.6537	-7.73111e+52
1.67024	-7.79722e+52
1.68694	-7.83126e+52
1.70381	-7.89798e+52
1.72085	-7.96514e+52
1.73806	-7.99721e+52
1.75544	-8.06493e+52
1.77299	-8.13311e+52
1.79072	-8.16296e+52
1.80863	-8.23167e+52
1.82671	-8.30082e+52
1.84498	-8.3282e+52
1.86343	-8.39785e+52
1.88207	-8.46794e+52
1.90089	-8.49254e+52
1.9199	-8.56308e+52
1.93909	-8.63406e+52
1.95848	-8.6556e+52
1.97807	-8.72699e+52
1.99785	-8.79881e+52
2.01783	-8.81691e+52
2.03801	-8.88909e+52
2.05839	-8.90352e+52
2.07897	-8.97602e+52
2.09976	-9.04892e+52
2.12076	-9.05929e+52
2.14197	-9.13245e+52
2.16339	-9.20602e+52
2.18502	-9.21187e+52
2.20687	-9.28563e+52
2.22894	-9.28689e+52
2.25123	-9.36077e+52
2.27374	-9.43503e+52
2.29648	-9.431e+52
2.31944	-9.50531e+52
2.34264	-9.49595e+52
2.36606	-9.57024e+52
2.38972	-9.55516e+52
2.41362	-9.62936e+52
2.43776	-9.70389e+52
2.46213	-9.68221e+52
2.48676	-9.75656e+52
2.51162	-9.72837e+52
2.53674	-9.80244e+52
2.56211	-9.76731e+52
2.58773	-9.84101e+52
2.61361	-9.79852e+52
2.63974	-9.87176e+52
2.66614	-9.94527e+52
2.6928	-9.89412e+52
2.71973	-9.96705e+52
2.74693	-9.90754e+52
2.7744	-9.97978e+52
2.80214	-9.91138e+52
2.83016	-9.98281e+52
2.85846	-9.905e+52
2.88705	-9.9755e+52
2.91592	-9.88787e+52
2.94508	-9.95731e+52
2.97453	-9.8592e+52
3.00427	-9.92745e+52
3.03432	-9.81834e+52
3.06466	-9.88525e+52
3.0953	-9.76449e+52
3.12626	-9.82992e+52
3.15752	-9.69693e+52
3.1891	-9.55286e+52
3.22099	-9.61483e+52
3.2532	-9.45735e+52
3.28573	-9.51738e+52
3.31859	-9.34582e+52
3.35177	-9.40373e+52
3.38529	-9.21731e+52
3.41914	-9.01764e+52
3.45333	-9.07087e+52
3.48787	-8.85503e+52
3.52275	-8.9056e+52
3.55797	-8.67272e+52
3.59355	-8.72042e+52
3.62949	-8.46975e+52
3.66578	-8.20338e+52
3.70244	-8.24494e+52
3.73947	-7.95922e+52
3.77686	-7.65652e+52
3.81463	-7.69119e+52
3.85277	-7.36755e+52
3.8913	-7.39825e+52
3.93022	-7.0526e+52
3.96952	-6.68783e+52
4.00921	-6.7103e+52
4.04931	-6.32168e+52
4.0898	-5.91257e+52
4.1307	-5.92589e+52
4.172	-5.49098e+52
4.21372	-5.03397e+52
4.25586	-5.03715e+52
4.29842	-4.55226e+52
4.3414	-4.04362e+52
4.38482	-3.51057e+52
4.42867	-3.49697e+52
4.47295	-2.93283e+52
4.51768	-2.34225e+52
4.56286	-2.31576e+52
4.60849	-1.69179e+52
4.65457	-1.03971e+52
4.70112	-3.58547e+51
4.74813	-3.10979e+51
4.79561	4.07401e+51
4.84357	1.15682e+52
4.892	1.93821e+52
4.94092	2.75256e+52
4.99033	2.83222e+52
5.04023	3.6888e+52
5.09064	4.58073e+52
5.14154	5.50876e+52
5.19296	6.47411e+52
5.24489	6.59139e+52
5.29734	7.60478e+52
5.35031	8.65801e+52
5.40381	9.75219e+52
5.45785	1.08885e+53
5.51243	1.20678e+53
5.56755	1.22402e+53
5.62323	1.34758e+53
5.67946	1.47573e+53
5.73626	1.60861e+53
5.79362	1.74634e+53
5.85156	1.88903e+53
5.91007	2.03685e+53
5.96917	2.1899e+53
6.02886	2.3484e+53
6.08915	2.37659e+53
6.15004	2.54204e+53
6.21154	2.71325e+53
6.27366	2.89036e+53
6.3364	3.07349e+53
6.39976	3.26279e+53
6.46376	3.45839e+53
6.5284	3.66063e+53
6.59368	3.86947e+53
6.65962	4.08505e+53
6.72621	4.30772e+53
6.79347	4.53746e+53
6.86141	4.77461e+53
6.93002	5.01934e+53
6.99932	5.27181e+53
7.06932	5.53202e+53
7.14001	5.8003e+53
7.21141	6.07706e+53
7.28352	6.36229e+53
7.35636	6.65613e+53
7.42992	7.19822e+53
7.50422	7.51651e+53
7.57926	7.84433e+53
7.65506	8.1819e+53
7.73161	8.52922e+53
7.80892	8.88671e+53
7.88701	9.2546e+53
7.96588	9.63308e+53
8.04554	1.03226e+54
8.126	1.07309e+54
8.20726	1.11506e+54
8.28933	1.1582e+54
8.37222	1.20255e+54
8.45595	1.24812e+54
8.5405	1.33046e+54
8.62591	1.37947e+54
8.71217	1.42982e+54
8.79929	1.48153e+54
8.88728	1.53463e+54
8.97616	1.62988e+54
9.06592	1.68684e+54
9.15658	1.7453e+54
9.24814	1.84974e+54
9.34062	1.91237e+54
9.43403	1.97662e+54
9.52837	2.04253e+54
9.62365	2.15969e+54
9.71989	2.23018e+54
9.81709	2.30244e+54
9.91526	2.43035e+54
10.0144	2.50753e+54
10.1146	2.5866e+54
10.2157	2.72613e+54
10.3179	2.81052e+54
10.421	2.95892e+54
10.5252	3.04884e+54
10.6305	3.14096e+54
10.7368	3.30243e+54
10.8442	3.40052e+54
10.9526	3.57202e+54
11.0621	3.67635e+54
11.1728	3.85834e+54
11.2845	3.96928e+54
11.3973	4.16229e+54
11.5113	4.28013e+54
11.6264	4.48462e+54
11.7427	4.60972e+54
11.8601	4.82631e+54
11.9787	4.95904e+54
12.0985	5.18825e+54
12.2195	5.32893e+54
12.3417	5.5714e+54
12.4651	5.82234e+54
12.5898	5.97677e+54
12.7156	6.24192e+54
12.8428	6.40533e+54
12.9712	6.68536e+54
13.1009	6.9749e+54
13.232	7.15384e+54
13.3643	7.45931e+54
13.4979	7.77494e+54
13.6329	7.97051e+54
13.7692	8.3033e+54
13.9069	8.6469e+54
14.046	9.00169e+54
14.1864	9.22234e+54
14.3283	9.59595e+54
14.4716	9.98146e+54
14.6163	1.03792e+55
14.7625	1.06274e+55
14.9101	1.10458e+55
15.0592	1.14773e+55
15.2098	1.19221e+55
15.3619	1.23807e+55
15.5155	1.26682e+55
15.6707	1.31499e+55
15.8274	1.36462e+55
15.9856	1.41576e+55
16.1455	1.46842e+55
16.307	1.52266e+55
16.47	1.57851e+55
16.6347	1.636e+55
16.8011	1.69517e+55
16.9691	1.75607e+55
17.1388	1.81874e+55
17.3102	1.88321e+55
17.4833	1.94953e+55
17.6581	2.01774e+55
17.8347	2.08788e+55
18.013	2.16e+55
18.1932	2.23415e+55
18.3751	2.31037e+55
18.5588	2.3887e+55
18.7444	2.4692e+55
18.9319	2.5519e+55
19.1212	2.63687e+55
19.3124	2.72416e+55
19.5055	2.84785e+55
19.7006	2.94076e+55
19.8976	3.03616e+55
20.0966	3.13409e+55
20.2975	3.23463e+55
20.5005	3.37663e+55
20.7055	3.48347e+55
20.9126	3.5931e+55
21.1217	3.70557e+55
21.3329	3.86401e+55
21.5462	3.98338e+55
21.7617	4.1058e+55
21.9793	4.2779e+55
22.1991	4.40771e+55
22.4211	4.54079e+55
22.6453	4.7275e+55
22.8718	4.86847e+55
23.1005	5.01294e+55
23.3315	5.21525e+55
23.5648	5.36815e+55
23.8004	5.58197e+55
24.0384	5.74371e+55
24.2788	5.9696e+55
24.5216	6.14059e+55
24.7668	6.37907e+55
25.0145	6.55973e+55
25.2647	6.81138e+55
25.5173	7.00215e+55
25.7725	7.26752e+55
26.0302	7.46886e+55
26.2905	7.74855e+55
26.5534	7.96091e+55
26.8189	8.25555e+55
27.0871	8.55904e+55
27.358	8.78975e+55
27.6316	9.1092e+55
27.9079	9.43803e+55
28.187	9.68834e+55
28.4688	1.00342e+56
28.7535	1.03901e+56
29.0411	1.07563e+56
29.3315	1.10355e+56
29.6248	1.14202e+56
29.921	1.18159e+56
30.2202	1.22227e+56
30.5225	1.26409e+56
30.8277	1.29604e+56
31.136	1.33993e+56
31.4473	1.38504e+56
31.7618	1.43138e+56
32.0794	1.47899e+56
32.4002	1.52789e+56
32.7242	1.57812e+56
33.0514	1.6297e+56
33.382	1.68265e+56
33.7158	1.72327e+56
34.0529	1.79281e+56
34.3935	1.8501e+56
34.7374	1.89409e+56
35.0848	1.95405e+56
35.4356	2.03107e+56
35.79	2.09456e+56
36.1479	2.15966e+56
36.5094	2.22645e+56
36.8744	2.29492e+56
37.2432	2.36514e+56
37.6156	2.43712e+56
37.9918	2.51089e+56
38.3717	2.60531e+56
38.7554	2.68325e+56
39.143	2.7631e+56
39.5344	2.84497e+56
39.9297	2.92881e+56
40.329	3.03585e+56
40.7323	3.12431e+56
41.1397	3.21489e+56
41.551	3.30766e+56
41.9666	3.42585e+56
42.3862	3.52361e+56
42.8101	3.62367e+56
43.2382	3.75099e+56
43.6706	3.85639e+56
44.1073	3.99035e+56
44.5483	4.10127e+56
44.9938	4.21475e+56
45.4438	4.35879e+56
45.8982	4.47813e+56
46.3572	4.6295e+56
46.8208	4.75494e+56
47.289	4.91388e+56
47.7619	5.04568e+56
48.2395	5.21255e+56
48.7219	5.351e+56
49.2091	5.49259e+56
49.7012	5.63735e+56
50.1982	5.82046e+56
50.7002	5.97259e+56
51.2072	6.12817e+56
51.7192	6.28727e+56
52.2364	6.48834e+56
52.7588	6.65558e+56
53.2864	6.82661e+56
53.8193	7.00156e+56
54.3574	7.18047e+56
54.901	7.36344e+56
55.45	7.55057e+56
56.0045	7.74196e+56
56.5646	7.9377e+56
57.1302	8.13791e+56
57.7015	8.34265e+56
58.2785	8.55207e+56
58.8613	8.76627e+56
59.4499	9.03649e+56
60.0444	9.26171e+56
60.6449	9.49201e+56
61.2513	9.72756e+56
61.8638	9.9685e+56
62.4825	1.02149e+57
63.1073	1.04669e+57
63.7384	1.07246e+57
64.3758	1.09882e+57
65.0195	1.12577e+57
65.6697	1.15334e+57
66.3264	1.18153e+57
66.9897	1.21037e+57
67.6596	1.23985e+57
68.3362	1.27001e+57
69.0195	1.30085e+57
69.7097	1.33239e+57
70.4068	1.36463e+57
71.1109	1.39e+57
71.822	1.42355e+57
72.5402	1.45787e+57
73.2656	1.49297e+57
73.9983	1.52886e+57
74.7383	1.56556e+57
75.4857	1.60309e+57
76.2405	1.64147e+57
77.0029	1.68072e+57
77.7729	1.72086e+57
78.5507	1.7619e+57
79.3362	1.80387e+57
80.1295	1.84679e+57
80.9308	1.89068e+57
81.7401	1.93555e+57
82.5575	1.97082e+57
83.3831	2.0175e+57
84.217	2.06523e+57
85.0591	2.11403e+57
85.9097	2.16394e+57
86.7688	2.21497e+57
87.6365	2.26715e+57
88.5129	2.32049e+57
89.398	2.37504e+57
90.292	2.41787e+57
91.1949	2.4746e+57
92.1068	2.5326e+57
93.0279	2.59191e+57
93.9582	2.65255e+57
94.8978	2.71454e+57
95.8467	2.77793e+57
96.8052	2.82765e+57
97.7733	2.89356e+57
98.751	2.96094e+57
99.7385	3.02983e+57
100.736	3.10026e+57
101.743	3.17226e+57
102.761	3.22868e+57
103.788	3.30355e+57
104.826	3.38008e+57
105.874	3.45832e+57
106.933	3.53831e+57
108.003	3.62007e+57
109.083	3.68408e+57
110.173	3.76907e+57
111.275	3.85596e+57
112.388	3.94477e+57
113.512	4.01424e+57
114.647	4.10656e+57
115.793	4.20093e+57
116.951	4.29739e+57
118.121	4.39599e+57
119.302	4.47302e+57
120.495	4.57549e+57
121.7	4.68023e+57
122.917	4.78729e+57
124.146	4.87084e+57
125.388	4.98209e+57
126.641	5.09579e+57
127.908	5.21201e+57
129.187	5.30261e+57
130.479	5.42337e+57
131.784	5.54678e+57
133.101	5.67291e+57
134.432	5.77113e+57
135.777	5.90217e+57
137.135	6.03609e+57
138.506	6.14028e+57
139.891	6.27938e+57
141.29	6.42154e+57
142.703	6.56682e+57
144.13	6.67971e+57
145.571	6.8306e+57
147.027	6.98479e+57
148.497	7.10449e+57
149.982	7.26462e+57
151.482	7.42825e+57
152.997	7.55515e+57
154.527	7.72506e+57
156.072	7.89867e+57
157.633	8.07606e+57
159.209	8.21344e+57
160.801	8.39762e+57
162.409	8.58579e+57
164.033	8.73136e+57
165.673	8.92672e+57
167.33	9.1263e+57
169.003	9.28051e+57
170.694	9.48769e+57
172.4	9.64763e+57
174.124	9.86267e+57
175.866	1.00823e+58
177.624	1.02517e+58
179.401	1.04797e+58
181.195	1.07126e+58
183.007	1.08919e+58
184.837	1.11336e+58
186.685	1.13804e+58
188.552	1.15702e+58
190.437	1.18263e+58
192.342	1.20231e+58
194.265	1.22887e+58
196.208	1.256e+58
198.17	1.27682e+58
200.152	1.30497e+58
202.153	1.33371e+58
204.175	1.35574e+58
206.216	1.38555e+58
208.279	1.40837e+58
210.361	1.43928e+58
212.465	1.46291e+58
214.59	1.49496e+58
216.735	1.5277e+58
218.903	1.55269e+58
221.092	1.58662e+58
223.303	1.6125e+58
225.536	1.64768e+58
227.791	1.67447e+58
230.069	1.71093e+58
232.37	1.73867e+58
234.693	1.77646e+58
237.04	1.81502e+58
239.411	1.84433e+58
241.805	1.8843e+58
244.223	1.91462e+58
246.665	1.95603e+58
249.132	1.98741e+58
251.623	2.03031e+58
254.139	2.06277e+58
256.681	2.1072e+58
259.248	2.15256e+58
261.84	2.1868e+58
264.458	2.23377e+58
267.103	2.26919e+58
269.774	2.31782e+58
272.472	2.35443e+58
275.197	2.40478e+58
277.949	2.44264e+58
280.728	2.49477e+58
283.535	2.53391e+58
286.371	2.58784e+58
289.234	2.62828e+58
292.127	2.6841e+58
295.048	2.72588e+58
297.998	2.78363e+58
300.978	2.8268e+58
303.988	2.88656e+58
307.028	2.93114e+58
310.098	2.99294e+58
313.199	3.03897e+58
316.331	3.10287e+58
319.495	3.15038e+58
322.69	3.21646e+58
325.917	3.26551e+58
329.176	3.31519e+58
332.467	3.38444e+58
335.792	3.43569e+58
339.15	3.50726e+58
342.542	3.56014e+58
345.967	3.6341e+58
349.427	3.68863e+58
352.921	3.76505e+58
356.45	3.82128e+58
360.015	3.9002e+58
363.615	3.95816e+58
367.251	4.01683e+58
370.923	4.0994e+58
374.633	4.15985e+58
378.379	4.2451e+58
382.163	4.30738e+58
385.984	4.39538e+58
389.844	4.45952e+58
393.743	4.55033e+58
397.68	4.61637e+58
401.657	4.68317e+58
405.673	4.77804e+58
409.73	4.84679e+58
413.827	4.94463e+58
417.966	5.01537e+58
422.145	5.08689e+58
426.367	5.18903e+58
430.631	5.26259e+58
434.937	5.36787e+58
439.286	5.44349e+58
443.679	5.5199e+58
448.116	5.6297e+58
452.597	5.70824e+58
457.123	5.82133e+58
461.694	5.902e+58
466.311	5.9835e+58
470.974	6.10134e+58
475.684	6.18501e+58
480.441	6.30631e+58
485.245	6.3922e+58
490.098	6.47892e+58
494.999	6.60517e+58
499.949	6.69413e+58
504.948	6.824e+58
509.998	6.91523e+58
515.098	7.00729e+58
520.249	7.14231e+58
525.451	7.23666e+58
530.706	7.33185e+58
536.013	7.47212e+58
541.373	7.56963e+58
546.787	7.71377e+58
552.254	7.81359e+58
557.777	7.91426e+58
563.355	8.06382e+58
568.988	8.16682e+58
574.678	8.27064e+58
580.425	8.42569e+58
586.229	8.53185e+58
592.091	8.69097e+58
598.012	8.79946e+58
603.992	8.90876e+58
610.032	9.07353e+58
616.133	9.18516e+58
622.294	9.29755e+58
628.517	9.46805e+58
634.802	9.58276e+58
641.15	9.69822e+58
647.562	9.87446e+58
654.037	9.99221e+58
660.578	1.01107e+59
667.183	1.02927e+59
673.855	1.04134e+59
680.594	1.05348e+59
687.4	1.07227e+59
694.274	1.08463e+59
701.217	1.09705e+59
708.229	1.11642e+59
715.311	1.12906e+59
722.464	1.14886e+59
729.689	1.16171e+59
736.986	1.17461e+59
744.355	1.19499e+59
751.799	1.2081e+59
759.317	1.22125e+59
766.91	1.24222e+59
774.579	1.25556e+59
782.325	1.26896e+59
790.148	1.29049e+59
798.05	1.30406e+59
806.03	1.31767e+59
814.091	1.33977e+59
822.232	1.35355e+59
830.454	1.36737e+59
838.758	1.39001e+59
847.146	1.40398e+59
855.617	1.41797e+59
864.174	1.44116e+59
872.815	1.45529e+59
881.543	1.46943e+59
890.359	1.49315e+59
899.262	1.50741e+59
908.255	1.52168e+59
917.338	1.5459e+59
926.511	1.56027e+59
935.776	1.57464e+59
945.134	1.59935e+59
954.585	1.6138e+59
964.131	1.62823e+59
973.772	1.6534e+59
983.51	1.6679e+59
993.345	1.68237e+59
1003.28	1.70797e+59
1013.31	1.72248e+59
1023.44	1.73694e+59
1033.68	1.76295e+59
1044.02	1.77743e+59
1054.46	1.79185e+59
1065	1.81822e+59
1075.65	1.83264e+59
1086.41	1.84697e+59
1097.27	1.87369e+59
1108.24	1.888e+59
1119.33	1.90221e+59
1130.52	1.92922e+59
1141.82	1.94337e+59
1153.24	1.9574e+59
1164.78	1.98467e+59
1176.42	1.9986e+59
1188.19	2.01241e+59
1200.07	2.0399e+59
1212.07	2.05359e+59
1224.19	2.06712e+59
1236.43	2.09477e+59
1248.8	2.10815e+59
1261.28	2.12137e+59
1273.9	2.14913e+59
1286.64	2.16214e+59
1299.5	2.19001e+59
1312.5	2.2028e+59
1325.62	2.21539e+59
1338.88	2.24328e+59
1352.27	2.25561e+59
1365.79	2.26772e+59
1379.45	2.29557e+59
1393.24	2.30738e+59
1407.18	2.33523e+59
1421.25	2.34669e+59
1435.46	2.35793e+59
1449.81	2.38564e+59
1464.31	2.39649e+59
1478.96	2.40708e+59
1493.75	2.43458e+59
1508.68	2.44475e+59
1523.77	2.47214e+59
1539.01	2.48187e+59
1554.4	2.50911e+59
1569.94	2.51834e+59
1585.64	2.52727e+59
1601.5	2.5541e+59
1617.51	2.5625e+59
1633.69	2.58911e+59
1650.02	2.59695e+59
1666.52	2.60445e+59
1683.19	2.63056e+59
1700.02	2.63745e+59
1717.02	2.66324e+59
1734.19	2.66951e+59
1751.53	2.69493e+59
1769.05	2.70053e+59
1786.74	2.72557e+59
1804.61	2.73048e+59
1822.65	2.75508e+59
1840.88	2.75927e+59
1859.29	2.76305e+59
1877.88	2.78687e+59
1896.66	2.78989e+59
1915.63	2.81318e+59
1934.78	2.8154e+59
1954.13	2.83813e+59
1973.67	2.83953e+59
1993.41	2.86166e+59
2013.34	2.86222e+59
2033.48	2.88373e+59
2053.81	2.8834e+59
2074.35	2.90423e+59
2095.09	2.9248e+59
2116.04	2.92314e+59
2137.2	2.94298e+59
2158.58	2.94038e+59
2180.16	2.95946e+59
2201.96	2.95589e+59
2223.98	2.97418e+59
2246.22	2.96963e+59
2268.69	2.98708e+59
2291.37	3.00417e+59
2314.29	2.9981e+59
2337.43	3.0143e+59
2360.8	3.00719e+59
2384.41	3.02247e+59
2408.26	3.03733e+59
2432.34	3.02864e+59
2456.66	3.04253e+59
2481.23	3.03276e+59
2506.04	3.04565e+59
2531.1	3.05807e+59
2556.41	3.04663e+59
2581.98	3.05801e+59
2607.8	3.0689e+59
2633.87	3.05578e+59
2660.21	3.06557e+59
2686.81	3.07483e+59
2713.68	3.05998e+59
2740.82	3.06812e+59
2768.23	3.0757e+59
2795.91	3.08274e+59
2823.87	3.06557e+59
2852.11	3.07143e+59
2880.63	3.07669e+59
2909.43	3.05774e+59
2938.53	3.06181e+59
2967.91	3.06526e+59
2997.59	3.0681e+59
3027.57	3.04678e+59
3057.84	3.04838e+59
3088.42	3.04934e+59
3119.31	3.04966e+59
3150.5	3.04934e+59
3182.01	3.02503e+59
3213.83	3.0234e+59
3245.96	3.02113e+59
3278.42	3.01821e+59
3311.21	3.01462e+59
3344.32	3.01036e+59
3377.76	2.98247e+59
3411.54	2.97694e+59
3445.66	2.97069e+59
3480.11	2.96375e+59
3514.91	2.95616e+59
3550.06	2.94777e+59
3585.56	2.93878e+59
3621.42	2.92899e+59
3657.63	2.89653e+59
3694.21	2.88554e+59
3731.15	2.8738e+59
3768.46	2.86144e+59
3806.15	2.84825e+59
3844.21	2.83444e+59
3882.65	2.81999e+59
3921.48	2.8047e+59
3960.69	2.78877e+59
4000.3	2.7722e+59
4040.3	2.75493e+59
4080.71	2.73688e+59
4121.51	2.71819e+59
4162.73	2.69885e+59
4204.36	2.67888e+59
4246.4	2.65821e+59
4288.86	2.63677e+59
4331.75	2.61471e+59
4375.07	2.59202e+59
4418.82	2.56871e+59
4463.01	2.54479e+59
4507.64	2.52025e+59
4552.71	2.49512e+59
4598.24	2.46923e+59
4644.22	2.44276e+59
4690.67	2.41572e+59
4737.57	2.38811e+59
4784.95	2.35997e+59
4832.8	2.33128e+59
4881.13	2.3178e+59
4929.94	2.28779e+59
4979.24	2.25729e+59
5029.03	2.2263e+59
5079.32	2.1948e+59
5130.11	2.16277e+59
5181.41	2.13032e+59
5233.23	2.09746e+59
5285.56	2.07744e+59
5338.42	2.04351e+59
5391.8	2.00924e+59
5445.72	1.97456e+59
5500.17	1.93954e+59
5555.18	1.91583e+59
5610.73	1.87997e+59
5666.84	1.84381e+59
5723.5	1.80741e+59
5780.74	1.78108e+59
5838.55	1.74398e+59
5896.93	1.70674e+59
5955.9	1.66938e+59
6015.46	1.64077e+59
6075.61	1.60289e+59
6136.37	1.57317e+59
6197.73	1.53491e+59
6259.71	1.4967e+59
6322.31	1.46571e+59
6385.53	1.43412e+59
6449.39	1.3955e+59
6513.88	1.3632e+59
6579.02	1.32461e+59
6644.81	1.29177e+59
6711.26	1.25853e+59
6778.37	1.22497e+59
6846.16	1.19111e+59
6914.62	1.15279e+59
6983.76	1.11886e+59
7053.6	1.08843e+59
7124.14	1.05399e+59
7195.38	1.01953e+59
7267.33	9.87877e+58
7340	9.53315e+58
7413.4	9.21148e+58
7487.54	8.88711e+58
7562.41	8.57753e+58
7638.04	8.24847e+58
7714.42	7.94294e+58
7791.56	7.62974e+58
7869.48	7.31155e+58
7948.17	7.00337e+58
8027.66	6.68832e+58
8107.93	6.36605e+58
8189.01	6.04457e+58
8270.9	5.73575e+58
8353.61	5.43927e+58
8437.15	5.15484e+58
8521.52	4.88214e+58
8606.73	4.62087e+58
8692.8	4.37071e+58
8779.73	4.13137e+58
8867.53	3.90252e+58
8956.2	3.68387e+58
9045.76	3.4751e+58
9136.22	3.27591e+58
9227.58	3.08599e+58
9319.86	2.90504e+58
9413.06	2.73277e+58
9507.19	2.56888e+58
9602.26	2.41307e+58
9698.28	2.26507e+58
9795.26	2.12458e+58
9893.22	1.99132e+58
9992.15	1.86502e+58
10092.1	1.74541e+58
10193	1.63222e+58
10294.9	1.52519e+58
10397.9	1.42408e+58
10501.8	1.32861e+58
10606.9	1.23857e+58
10712.9	1.1537e+58
10820.1	1.07377e+58
10928.3	9.98563e+57
11037.5	9.27858e+57
11147.9	8.61439e+57
11259.4	7.99102e+57
11372	7.40645e+57
11485.7	6.85876e+57
11600.6	6.34605e+57
11716.6	5.86654e+57
11833.7	5.41846e+57
11952.1	5.00014e+57
12071.6	4.60996e+57
12192.3	4.24636e+57
12314.2	3.90784e+57
12437.4	3.59297e+57
12561.8	3.30038e+57
12687.4	3.02875e+57
12814.3	2.77681e+57
12942.4	2.54338e+57
13071.8	2.32731e+57
13202.5	2.12749e+57
13334.6	1.9429e+57
13467.9	1.77255e+57
13602.6	1.6155e+57
13738.6	1.47085e+57
13876	1.33778e+57
14014.8	1.21547e+57
14154.9	1.10319e+57
14296.5	1.00021e+57
14439.4	9.05874e+56
14583.8	8.19545e+56
14729.7	7.40631e+56
14876.9	6.68577e+56
15025.7	6.02858e+56
15176	5.42988e+56
15327.7	4.88506e+56
15481	4.38986e+56
15635.8	3.94028e+56
15792.2	3.5326e+56
15950.1	3.16335e+56
16109.6	2.82931e+56
16270.7	2.52749e+56
16433.4	2.25512e+56
16597.7	2.00962e+56
16763.7	1.78863e+56
16931.4	1.58994e+56
17100.7	1.41153e+56
17271.7	1.25153e+56
17444.4	1.10824e+56
17618.8	9.80074e+55
17795	8.65587e+55
17973	7.63457e+55
18152.7	6.72472e+55
18334.2	5.91527e+55
18517.6	5.19612e+55
18702.8	4.55808e+55
18889.8	3.9928e+55
19078.7	3.49269e+55
19269.5	3.05087e+55
19462.2	2.6611e+55
19656.8	2.31775e+55
19853.3	2.01574e+55
20051.9	1.75049e+55
20252.4	1.51786e+55
20454.9	1.31416e+55
20659.5	1.13606e+55
20866.1	9.80582e+54
21074.7	8.45065e+54
21285.5	7.27132e+54
21498.3	6.24663e+54
21713.3	5.35774e+54
21930.4	4.5879e+54
22149.8	3.92225e+54
22371.2	3.34764e+54
22595	2.85245e+54
22820.9	2.42641e+54
23049.1	2.06049e+54
23279.6	1.74676e+54
23512.4	1.47822e+54
23747.5	1.24877e+54
23985	1.05308e+54
24224.9	8.86461e+53
24467.1	7.4486e+53
24711.8	6.24738e+53
24958.9	5.23023e+53
25208.5	4.37055e+53
25460.6	3.64531e+53
25715.2	3.03466e+53
25972.3	2.52147e+53
26232	2.09101e+53
26494.4	1.73065e+53
26759.3	1.42957e+53
27026.9	1.17852e+53
27297.2	9.69603e+52
27570.1	7.961e+52
27845.8	6.52304e+52
28124.3	5.33373e+52
28405.5	4.35214e+52
28689.6	3.5437e+52
28976.5	2.87927e+52
29266.3	2.33438e+52
29558.9	1.88848e+52
29854.5	1.52441e+52
30153.1	1.22779e+52
30454.6	9.86665e+51
30759.1	7.91102e+51
31066.7	6.32851e+51
31377.4	5.05087e+51
31691.2	4.02176e+51
32008.1	3.1948e+51
32328.2	2.53184e+51
32651.4	2.00163e+51
32978	1.57861e+51
33307.7	1.24195e+51
33640.8	9.74663e+50
33977.2	7.6299e+50
34317	5.9578e+50
34660.2	4.64028e+50
35006.8	3.60482e+50
35356.8	2.79313e+50
35710.4	2.15853e+50
36067.5	1.66369e+50
36428.2	1.27885e+50
36792.5	9.80374e+49
37160.4	7.49507e+49
37532	5.71426e+49
37907.3	4.34442e+49
38286.4	3.29367e+49
38669.3	2.48996e+49
39055.9	1.87697e+49
39446.5	1.41078e+49
39841	1.05728e+49
40239.4	7.9001e+48
40641.8	5.88542e+48
41048.2	4.37129e+48
41458.7	3.23681e+48
41873.3	2.38939e+48
42292	1.75835e+48
42714.9	1.28991e+48
43142.1	9.43266e+47
43573.5	6.8757e+47
44009.2	4.99566e+47
44449.3	3.61784e+47
44893.8	2.61139e+47
45342.7	1.87865e+47
45796.2	1.34696e+47
46254.1	9.62472e+46
46716.7	6.85375e+46
47183.8	4.86364e+46
47655.7	3.43932e+46
48132.2	2.42351e+46
48613.6	1.70163e+46
49099.7	1.19047e+46
49590.7	8.29826e+45
50086.6	5.76309e+45
50587.5	3.98757e+45
51093.3	2.74871e+45
51604.3	1.88757e+45
52120.3	1.29125e+45
52641.5	8.79911e+44
53167.9	5.97267e+44
53699.6	4.03816e+44
54236.6	2.71935e+44
54779	1.82389e+44
55326.8	1.21833e+44
55880	8.10492e+43
56438.8	5.36944e+43
57003.2	3.54234e+43
57573.2	2.32708e+43
58149	1.52222e+43
58730.5	9.91442e+42
59317.8	6.4293e+42
59911	4.15095e+42
60510.1	2.66808e+42
61115.2	1.70726e+42
61726.3	1.0875e+42
62343.6	6.89557e+41
62967	4.35211e+41
63596.7	2.734e+41
64232.6	1.70942e+41
64875	1.06372e+41
65523.7	6.58737e+40
66179	4.05962e+40
66840.8	2.48958e+40
67509.2	1.51919e+40
68184.3	9.22401e+39
68866.1	5.57225e+39
69554.8	3.34904e+39
70250.3	2.00248e+39
70952.8	1.19111e+39
71662.3	7.04771e+38
72379	4.14796e+38
73102.7	2.42821e+38
73833.8	1.41378e+38
74572.1	8.18651e+37
75317.8	4.71424e+37
76071	2.69958e+37
76831.7	1.53719e+37
77600	8.70329e+36
78376	4.89934e+36
79159.8	2.74199e+36
79951.4	1.52561e+36
80750.9	8.43805e+35
81558.4	4.63915e+35
82374	2.53517e+35
83197.7	1.37695e+35
84029.7	7.43276e+34
84870	3.98725e+34
85718.7	2.1255e+34
86575.9	1.12586e+34
87441.7	5.92542e+33
88316.1	3.09839e+33
89199.2	1.60955e+33
90091.2	8.30616e+32
90992.1	4.25786e+32
91902.1	2.16795e+32
92821.1	1.09634e+32
93749.3	5.5062e+31
94686.8	2.74623e+31
95633.7	1.36009e+31
96590	6.68835e+30
97555.9	3.26555e+30
98531.5	1.58289e+30
99516.8	7.61673e+29
