5.29056e+12	3.72656e-13
7.05408e+12	6.02373e-13
8.8176e+12	9.08987e-13
1.05811e+13	1.24745e-12
1.23446e+13	1.68215e-12
1.41082e+13	2.15563e-12
1.58717e+13	2.65113e-12
1.76352e+13	3.23493e-12
1.93987e+13	3.87814e-12
2.11622e+13	4.5778e-12
2.29258e+13	5.41559e-12
2.46893e+13	6.23624e-12
2.64528e+13	7.01464e-12
2.82163e+13	7.9403e-12
2.99798e+13	8.9225e-12
3.17434e+13	1.01008e-11
3.35069e+13	1.10484e-11
3.52704e+13	1.23777e-11
3.70339e+13	1.33975e-11
3.87974e+13	1.46581e-11
4.0561e+13	1.59593e-11
4.23245e+13	1.75683e-11
4.4088e+13	1.90158e-11
4.58515e+13	2.02027e-11
4.7615e+13	2.17178e-11
4.93785e+13	2.32838e-11
5.11421e+13	2.52572e-11
5.29056e+13	2.65497e-11
5.46691e+13	2.86986e-11
5.64326e+13	3.003e-11
5.81961e+13	3.18533e-11
5.99597e+13	3.42204e-11
6.17232e+13	3.61583e-11
6.34867e+13	3.75766e-11
6.52502e+13	3.95595e-11
6.70137e+13	4.22235e-11
6.87773e+13	4.36937e-11
7.05408e+13	4.65148e-11
7.23043e+13	4.86993e-11
7.40678e+13	5.01621e-11
7.58313e+13	5.32171e-11
7.75949e+13	5.47555e-11
7.93584e+13	5.79107e-11
8.11219e+13	6.02782e-11
8.28854e+13	6.18468e-11
8.46489e+13	6.42659e-11
8.64125e+13	6.67502e-11
8.8176e+13	7.0254e-11
8.99395e+13	7.28533e-11
9.1703e+13	7.43801e-11
9.34665e+13	7.69907e-11
9.52301e+13	8.08345e-11
9.69936e+13	8.23073e-11
9.87571e+13	8.49795e-11
1.00521e+14	8.90076e-11
1.02284e+14	9.05462e-11
1.04048e+14	9.33747e-11
1.05811e+14	9.61921e-11
1.07575e+14	1.00479e-10
1.09338e+14	1.01895e-10
1.11102e+14	1.04791e-10
1.12865e+14	1.09294e-10
1.14629e+14	1.10671e-10
1.16392e+14	1.13604e-10
1.18156e+14	1.16503e-10
1.19919e+14	1.19537e-10
1.21683e+14	1.24394e-10
1.23446e+14	1.25632e-10
1.2521e+14	1.30425e-10
1.26973e+14	1.31662e-10
1.28737e+14	1.36732e-10
1.305e+14	1.39826e-10
1.32264e+14	1.41014e-10
1.34027e+14	1.46287e-10
1.35791e+14	1.47281e-10
1.37555e+14	1.52689e-10
1.39318e+14	1.5353e-10
1.41082e+14	1.56748e-10
1.42845e+14	1.62186e-10
1.44609e+14	1.63025e-10
1.46372e+14	1.66312e-10
1.48136e+14	1.71901e-10
1.49899e+14	1.75243e-10
1.51663e+14	1.75867e-10
1.53426e+14	1.81651e-10
1.5519e+14	1.82172e-10
1.56953e+14	1.8823e-10
1.58717e+14	1.88701e-10
1.6048e+14	1.94583e-10
1.62244e+14	1.97896e-10
1.64007e+14	2.0135e-10
1.65771e+14	2.01533e-10
1.67534e+14	2.07718e-10
1.69298e+14	2.10981e-10
1.71061e+14	2.14111e-10
1.72825e+14	2.14214e-10
1.74588e+14	2.20724e-10
1.76352e+14	2.20853e-10
1.78115e+14	2.24051e-10
1.79879e+14	2.27133e-10
1.81643e+14	2.33699e-10
1.83406e+14	2.36819e-10
1.8517e+14	2.36587e-10
1.86933e+14	2.39802e-10
1.88697e+14	2.46419e-10
1.9046e+14	2.46039e-10
1.92224e+14	2.52731e-10
1.93987e+14	2.52247e-10
1.95751e+14	2.59011e-10
1.97514e+14	2.58424e-10
1.99278e+14	2.65263e-10
2.01041e+14	2.68138e-10
2.02805e+14	2.71011e-10
2.04568e+14	2.70073e-10
2.06332e+14	2.7317e-10
2.08095e+14	2.76119e-10
2.09859e+14	2.79197e-10
2.11622e+14	2.86251e-10
2.13386e+14	2.8517e-10
2.15149e+14	2.88068e-10
2.16913e+14	2.90914e-10
2.18676e+14	2.98229e-10
2.2044e+14	2.96618e-10
2.22203e+14	2.99067e-10
2.23967e+14	3.0645e-10
2.25731e+14	3.09283e-10
2.27494e+14	3.07753e-10
2.29258e+14	3.10502e-10
2.31021e+14	3.17782e-10
2.32785e+14	3.20705e-10
2.34548e+14	3.23262e-10
2.36312e+14	3.25551e-10
2.38075e+14	3.28406e-10
2.39839e+14	3.26293e-10
2.41602e+14	3.28853e-10
2.43366e+14	3.31393e-10
2.45129e+14	3.39014e-10
2.46893e+14	3.36652e-10
2.48656e+14	3.43889e-10
2.5042e+14	3.41178e-10
2.52183e+14	3.43637e-10
2.53947e+14	3.46018e-10
2.5571e+14	3.53474e-10
2.57474e+14	3.56072e-10
2.59237e+14	3.53283e-10
2.61001e+14	3.60763e-10
2.62764e+14	3.63039e-10
2.64528e+14	3.65534e-10
2.66291e+14	3.6229e-10
2.68055e+14	3.63987e-10
2.69819e+14	3.6611e-10
2.71582e+14	3.68201e-10
2.73346e+14	3.75933e-10
2.75109e+14	3.72596e-10
2.76873e+14	3.80074e-10
2.78636e+14	3.76557e-10
2.804e+14	3.78496e-10
2.82163e+14	3.80397e-10
2.83927e+14	3.88118e-10
2.8569e+14	3.90034e-10
2.87454e+14	3.86213e-10
2.89217e+14	3.93662e-10
2.90981e+14	3.95421e-10
2.92744e+14	3.97167e-10
2.94508e+14	3.99178e-10
2.96271e+14	3.95127e-10
2.98035e+14	4.02579e-10
2.99798e+14	4.04187e-10
3.01562e+14	3.99934e-10
3.03325e+14	4.01438e-10
3.05089e+14	4.02964e-10
3.06852e+14	4.04732e-10
3.08616e+14	4.06248e-10
3.10379e+14	4.07668e-10
3.12143e+14	4.15033e-10
3.13906e+14	4.10418e-10
3.1567e+14	4.11786e-10
3.17434e+14	4.13086e-10
3.19197e+14	4.20437e-10
3.20961e+14	4.15595e-10
3.22724e+14	4.16836e-10
3.24488e+14	4.1833e-10
3.26251e+14	4.25697e-10
3.28015e+14	4.20682e-10
3.29778e+14	4.27945e-10
3.31542e+14	4.29042e-10
3.33305e+14	4.30137e-10
3.35069e+14	4.24939e-10
3.36832e+14	4.25966e-10
3.38596e+14	4.26926e-10
3.40359e+14	4.34073e-10
3.42123e+14	4.35001e-10
3.43886e+14	4.35883e-10
3.4565e+14	4.36765e-10
3.47413e+14	4.37943e-10
3.49177e+14	4.38771e-10
3.5094e+14	4.332e-10
3.52704e+14	4.40324e-10
3.54467e+14	4.3468e-10
3.56231e+14	4.35313e-10
3.57994e+14	4.35976e-10
3.59758e+14	4.4298e-10
3.61522e+14	4.43607e-10
3.63285e+14	4.37825e-10
3.65049e+14	4.3836e-10
3.66812e+14	4.45312e-10
3.68576e+14	4.45777e-10
3.70339e+14	4.46274e-10
3.72103e+14	4.46732e-10
3.73866e+14	4.40706e-10
3.7563e+14	4.47526e-10
3.77393e+14	4.41413e-10
3.79157e+14	4.48209e-10
3.8092e+14	4.42077e-10
3.82684e+14	4.42327e-10
3.84447e+14	4.49382e-10
3.86211e+14	4.43152e-10
3.87974e+14	4.4336e-10
3.89738e+14	4.50015e-10
3.91501e+14	4.50188e-10
3.93265e+14	4.50368e-10
3.95028e+14	4.43936e-10
3.96792e+14	4.43994e-10
3.98555e+14	4.50582e-10
4.00319e+14	4.44107e-10
4.02082e+14	4.44051e-10
4.03846e+14	4.50531e-10
4.0561e+14	4.50512e-10
4.07373e+14	4.43998e-10
4.09137e+14	4.50363e-10
4.109e+14	4.50237e-10
4.12664e+14	4.43623e-10
4.14427e+14	4.49903e-10
4.16191e+14	4.43258e-10
4.17954e+14	4.49539e-10
4.19718e+14	4.42826e-10
4.21481e+14	4.42557e-10
4.23245e+14	4.42252e-10
4.25008e+14	4.48413e-10
4.26772e+14	4.41657e-10
4.28535e+14	4.47733e-10
4.30299e+14	4.40956e-10
4.32062e+14	4.40591e-10
4.33826e+14	4.40192e-10
4.35589e+14	4.39756e-10
4.37353e+14	4.39285e-10
4.39116e+14	4.45205e-10
4.4088e+14	4.44703e-10
4.42643e+14	4.44544e-10
4.44407e+14	4.44043e-10
4.4617e+14	4.37121e-10
4.47934e+14	4.42917e-10
4.49698e+14	4.42245e-10
4.51461e+14	4.35293e-10
4.53225e+14	4.34727e-10
4.54988e+14	4.40391e-10
4.56752e+14	4.39704e-10
4.58515e+14	4.39033e-10
4.60279e+14	4.31962e-10
4.62042e+14	4.3123e-10
4.63806e+14	4.30427e-10
4.65569e+14	4.29681e-10
4.67333e+14	4.35169e-10
4.69096e+14	4.28125e-10
4.7086e+14	4.27368e-10
4.72623e+14	4.26492e-10
4.74387e+14	4.31849e-10
4.7615e+14	4.30989e-10
4.77914e+14	4.23857e-10
4.79677e+14	4.29169e-10
4.81441e+14	4.28593e-10
4.83204e+14	4.2156e-10
4.84968e+14	4.26747e-10
4.86731e+14	4.19615e-10
4.88495e+14	4.18639e-10
4.90258e+14	4.23789e-10
4.92022e+14	4.16651e-10
4.93785e+14	4.15639e-10
4.95549e+14	4.20608e-10
4.97313e+14	4.13518e-10
4.99076e+14	4.18494e-10
5.0084e+14	4.11384e-10
5.02603e+14	4.1027e-10
5.04367e+14	4.15119e-10
5.0613e+14	4.13979e-10
5.07894e+14	4.13198e-10
5.09657e+14	4.12077e-10
5.11421e+14	4.10903e-10
5.13184e+14	4.09653e-10
5.14948e+14	4.02592e-10
5.16711e+14	4.01401e-10
5.18475e+14	4.00188e-10
5.20238e+14	3.98953e-10
5.22002e+14	3.97687e-10
5.23765e+14	4.02232e-10
5.25529e+14	4.00993e-10
5.27292e+14	3.94253e-10
5.29056e+14	3.98796e-10
5.30819e+14	3.91705e-10
5.32583e+14	3.96138e-10
5.34346e+14	3.94824e-10
5.3611e+14	3.93483e-10
5.37873e+14	3.9212e-10
5.39637e+14	3.90731e-10
5.41401e+14	3.83712e-10
5.43164e+14	3.82668e-10
5.44928e+14	3.81396e-10
5.46691e+14	3.85534e-10
5.48455e+14	3.78596e-10
5.50218e+14	3.82648e-10
5.51982e+14	3.75751e-10
5.53745e+14	3.74349e-10
5.55509e+14	3.78698e-10
5.57272e+14	3.71862e-10
5.59036e+14	3.75805e-10
5.60799e+14	3.74295e-10
5.62563e+14	3.67436e-10
5.64326e+14	3.66002e-10
5.6609e+14	3.64502e-10
5.67853e+14	3.63341e-10
5.69617e+14	3.61859e-10
5.7138e+14	3.60394e-10
5.73144e+14	3.64153e-10
5.74907e+14	3.57357e-10
5.76671e+14	3.60981e-10
5.78434e+14	3.54649e-10
5.80198e+14	3.58306e-10
5.81961e+14	3.51568e-10
5.83725e+14	3.55131e-10
5.85489e+14	3.48497e-10
5.87252e+14	3.47216e-10
5.89016e+14	3.50775e-10
5.90779e+14	3.49131e-10
5.92543e+14	3.47563e-10
5.94306e+14	3.40999e-10
5.9607e+14	3.44691e-10
5.97833e+14	3.38197e-10
5.99597e+14	3.41504e-10
6.0136e+14	3.34963e-10
6.03124e+14	3.38195e-10
6.04887e+14	3.32009e-10
6.06651e+14	3.30496e-10
6.08414e+14	3.3366e-10
6.10178e+14	3.2725e-10
6.11941e+14	3.3063e-10
6.13705e+14	3.29078e-10
6.15468e+14	3.22739e-10
6.17232e+14	3.21119e-10
6.18995e+14	3.19485e-10
6.20759e+14	3.18128e-10
6.22522e+14	3.16525e-10
6.24286e+14	3.14854e-10
6.26049e+14	3.17788e-10
6.27813e+14	3.16447e-10
6.29577e+14	3.10283e-10
6.3134e+14	3.08736e-10
6.33104e+14	3.11606e-10
6.34867e+14	3.05604e-10
6.36631e+14	3.04037e-10
6.38394e+14	3.06825e-10
6.40158e+14	3.05227e-10
6.41921e+14	3.03637e-10
6.43685e+14	3.02045e-10
6.45448e+14	2.96161e-10
6.47212e+14	2.9466e-10
6.48975e+14	2.93055e-10
6.50739e+14	2.95739e-10
6.52502e+14	2.8995e-10
6.54266e+14	2.92567e-10
6.56029e+14	2.86799e-10
6.57793e+14	2.89349e-10
6.59556e+14	2.83654e-10
6.6132e+14	2.86259e-10
6.63083e+14	2.80593e-10
6.64847e+14	2.83106e-10
6.6661e+14	2.77458e-10
6.68374e+14	2.75903e-10
6.70137e+14	2.74315e-10
6.71901e+14	2.72782e-10
6.73664e+14	2.71274e-10
6.75428e+14	2.73595e-10
6.77192e+14	2.72011e-10
6.78955e+14	2.66557e-10
6.80719e+14	2.6885e-10
6.82482e+14	2.67341e-10
6.84246e+14	2.65798e-10
6.86009e+14	2.60464e-10
6.87773e+14	2.62737e-10
6.89536e+14	2.61167e-10
6.913e+14	2.55872e-10
6.93063e+14	2.54335e-10
6.94827e+14	2.52793e-10
6.9659e+14	2.51218e-10
6.98354e+14	2.53341e-10
7.00117e+14	2.51845e-10
7.01881e+14	2.4669e-10
7.03644e+14	2.48783e-10
7.05408e+14	2.47218e-10
7.07171e+14	2.45734e-10
7.08935e+14	2.44206e-10
7.10698e+14	2.4262e-10
7.12462e+14	2.37646e-10
7.14225e+14	2.36184e-10
7.15989e+14	2.34698e-10
7.17752e+14	2.36604e-10
7.19516e+14	2.31738e-10
7.2128e+14	2.33705e-10
7.23043e+14	2.3217e-10
7.24807e+14	2.2735e-10
7.2657e+14	2.25937e-10
7.28334e+14	2.24452e-10
7.30097e+14	2.26282e-10
7.31861e+14	2.24762e-10
7.33624e+14	2.23348e-10
7.35388e+14	2.21869e-10
7.37151e+14	2.17181e-10
7.38915e+14	2.15753e-10
7.40678e+14	2.17467e-10
7.42442e+14	2.16032e-10
7.44205e+14	2.14571e-10
7.45969e+14	2.10096e-10
7.47732e+14	2.11803e-10
7.49496e+14	2.07321e-10
7.51259e+14	2.08931e-10
7.53023e+14	2.04571e-10
7.54786e+14	2.06111e-10
7.5655e+14	2.0178e-10
7.58313e+14	2.00367e-10
7.60077e+14	2.01947e-10
7.6184e+14	2.00553e-10
7.63604e+14	1.99128e-10
7.65368e+14	1.94926e-10
7.67131e+14	1.9641e-10
7.68895e+14	1.92236e-10
7.70658e+14	1.90884e-10
7.72422e+14	1.89532e-10
7.74185e+14	1.90944e-10
7.75949e+14	1.89607e-10
7.77712e+14	1.85601e-10
7.79476e+14	1.84254e-10
7.81239e+14	1.856e-10
7.83003e+14	1.81664e-10
7.84766e+14	1.80332e-10
7.8653e+14	1.81694e-10
7.88293e+14	1.77808e-10
7.90057e+14	1.79064e-10
7.9182e+14	1.75231e-10
7.93584e+14	1.73987e-10
7.95347e+14	1.75246e-10
7.97111e+14	1.73979e-10
7.98874e+14	1.7023e-10
8.00638e+14	1.71447e-10
8.02401e+14	1.6771e-10
8.04165e+14	1.68883e-10
8.05928e+14	1.65234e-10
8.07692e+14	1.66455e-10
8.09456e+14	1.62803e-10
8.11219e+14	1.63937e-10
8.12983e+14	1.62779e-10
8.14746e+14	1.59254e-10
8.1651e+14	1.60331e-10
8.18273e+14	1.5684e-10
8.20037e+14	1.57879e-10
8.218e+14	1.56712e-10
8.23564e+14	1.55543e-10
8.25327e+14	1.5437e-10
8.27091e+14	1.53199e-10
8.28854e+14	1.49858e-10
8.30618e+14	1.48702e-10
8.32381e+14	1.47542e-10
8.34145e+14	1.4857e-10
8.35908e+14	1.45356e-10
8.37672e+14	1.46298e-10
8.39435e+14	1.45173e-10
8.41199e+14	1.44075e-10
8.42962e+14	1.4089e-10
8.44726e+14	1.39805e-10
8.46489e+14	1.40713e-10
8.48253e+14	1.37642e-10
8.50016e+14	1.36569e-10
8.5178e+14	1.3743e-10
8.53543e+14	1.36363e-10
8.55307e+14	1.33361e-10
8.57071e+14	1.32324e-10
8.58834e+14	1.3127e-10
8.60598e+14	1.30227e-10
8.62361e+14	1.29189e-10
8.64125e+14	1.28147e-10
8.65888e+14	1.27106e-10
8.67652e+14	1.27941e-10
8.69415e+14	1.26961e-10
8.71179e+14	1.25938e-10
8.72942e+14	1.23162e-10
8.74706e+14	1.23937e-10
8.76469e+14	1.22956e-10
8.78233e+14	1.20179e-10
8.79996e+14	1.2095e-10
8.8176e+14	1.18203e-10
8.83523e+14	1.1898e-10
8.85287e+14	1.16336e-10
8.8705e+14	1.15401e-10
8.88814e+14	1.16114e-10
8.90577e+14	1.13439e-10
8.92341e+14	1.12505e-10
8.94104e+14	1.11618e-10
8.95868e+14	1.10759e-10
8.97631e+14	1.09824e-10
8.99395e+14	1.10492e-10
9.01159e+14	1.09547e-10
9.02922e+14	1.08644e-10
9.04686e+14	1.06224e-10
9.06449e+14	1.05337e-10
9.08213e+14	1.06002e-10
9.09976e+14	1.03589e-10
9.1174e+14	1.04243e-10
9.13503e+14	1.01846e-10
9.15267e+14	1.02504e-10
9.1703e+14	1.00184e-10
9.18794e+14	1.00738e-10
9.20557e+14	9.84743e-11
9.22321e+14	9.76614e-11
9.24084e+14	9.68483e-11
9.25848e+14	9.60353e-11
9.27611e+14	9.52122e-11
9.29375e+14	9.43977e-11
9.31138e+14	9.49513e-11
9.32902e+14	9.41295e-11
9.34665e+14	9.19972e-11
9.36429e+14	9.2587e-11
9.38192e+14	9.04465e-11
9.39956e+14	8.96366e-11
9.41719e+14	9.01561e-11
9.43483e+14	8.81311e-11
9.45247e+14	8.73567e-11
9.4701e+14	8.66171e-11
9.48774e+14	8.58417e-11
9.50537e+14	8.51346e-11
9.52301e+14	8.56292e-11
9.54064e+14	8.36353e-11
9.55828e+14	8.29308e-11
9.57591e+14	8.34248e-11
9.59355e+14	8.15307e-11
9.61118e+14	8.08275e-11
9.62882e+14	8.13008e-11
9.64645e+14	8.05892e-11
9.66409e+14	7.98765e-11
9.68172e+14	7.8036e-11
9.69936e+14	7.7337e-11
9.71699e+14	7.66456e-11
9.73463e+14	7.70642e-11
9.75226e+14	7.6387e-11
9.7699e+14	7.57527e-11
9.78753e+14	7.39677e-11
9.80517e+14	7.43781e-11
9.8228e+14	7.26877e-11
9.84044e+14	7.20233e-11
9.85807e+14	7.24412e-11
9.87571e+14	7.0747e-11
9.89335e+14	7.11507e-11
9.91098e+14	7.04887e-11
9.92862e+14	6.88859e-11
9.94625e+14	6.92546e-11
9.96389e+14	6.76081e-11
9.98152e+14	6.79979e-11
9.99916e+14	6.74027e-11
1.00168e+15	6.58469e-11
1.00344e+15	6.62137e-11
1.00521e+15	6.56201e-11
1.00697e+15	6.40931e-11
1.00873e+15	6.35096e-11
1.0105e+15	6.29273e-11
1.01226e+15	6.23536e-11
1.01402e+15	6.26755e-11
1.01579e+15	6.12216e-11
1.01755e+15	6.07013e-11
1.01931e+15	6.1e-11
1.02108e+15	6.04492e-11
1.02284e+15	5.90635e-11
1.0246e+15	5.93413e-11
1.02637e+15	5.79399e-11
1.02813e+15	5.8296e-11
1.0299e+15	5.6945e-11
1.03166e+15	5.6407e-11
1.03342e+15	5.58944e-11
1.03519e+15	5.61577e-11
1.03695e+15	5.5672e-11
1.03871e+15	5.43618e-11
1.04048e+15	5.38284e-11
1.04224e+15	5.33532e-11
1.044e+15	5.36425e-11
1.04577e+15	5.31605e-11
1.04753e+15	5.26733e-11
1.04929e+15	5.21929e-11
1.05106e+15	5.17145e-11
1.05282e+15	5.04935e-11
1.05458e+15	5.07518e-11
1.05635e+15	4.95535e-11
1.05811e+15	4.90785e-11
1.05988e+15	4.86093e-11
1.06164e+15	4.88701e-11
1.0634e+15	4.77552e-11
1.06517e+15	4.72897e-11
1.06693e+15	4.68505e-11
1.06869e+15	4.71174e-11
1.07046e+15	4.66413e-11
1.07222e+15	4.61965e-11
1.07398e+15	4.51251e-11
1.07575e+15	4.46893e-11
1.07751e+15	4.49286e-11
1.07927e+15	4.38486e-11
1.08104e+15	4.34672e-11
1.0828e+15	4.36969e-11
1.08456e+15	4.32606e-11
1.08633e+15	4.22602e-11
1.08809e+15	4.18813e-11
1.08986e+15	4.14796e-11
1.09162e+15	4.10516e-11
1.09338e+15	4.06807e-11
1.09515e+15	4.03061e-11
1.09691e+15	3.9931e-11
1.09867e+15	3.95565e-11
1.10044e+15	3.91884e-11
1.1022e+15	3.93829e-11
1.10396e+15	3.84449e-11
1.10573e+15	3.80792e-11
1.10749e+15	3.82599e-11
1.10925e+15	3.78847e-11
1.11102e+15	3.75381e-11
1.11278e+15	3.66803e-11
1.11454e+15	3.68477e-11
1.11631e+15	3.64774e-11
1.11807e+15	3.61249e-11
1.11983e+15	3.57934e-11
1.1216e+15	3.54576e-11
1.12336e+15	3.46181e-11
1.12513e+15	3.42844e-11
1.12689e+15	3.39574e-11
1.12865e+15	3.41225e-11
1.13042e+15	3.37992e-11
1.13218e+15	3.29989e-11
1.13394e+15	3.26779e-11
1.13571e+15	3.23678e-11
1.13747e+15	3.25291e-11
1.13923e+15	3.17543e-11
1.141e+15	3.19103e-11
1.14276e+15	3.11476e-11
1.14452e+15	3.08526e-11
1.14629e+15	3.1004e-11
1.14805e+15	3.02654e-11
1.14981e+15	3.0412e-11
1.15158e+15	2.96896e-11
1.15334e+15	2.94048e-11
1.15511e+15	2.91207e-11
1.15687e+15	2.92599e-11
1.15863e+15	2.85594e-11
1.1604e+15	2.86972e-11
1.16216e+15	2.84267e-11
1.16392e+15	2.81512e-11
1.16569e+15	2.74792e-11
1.16745e+15	2.72143e-11
1.16921e+15	2.69545e-11
1.17098e+15	2.66952e-11
1.17274e+15	2.64366e-11
1.1745e+15	2.61786e-11
1.17627e+15	2.59232e-11
1.17803e+15	2.56762e-11
1.17979e+15	2.57993e-11
1.18156e+15	2.51834e-11
1.18332e+15	2.53002e-11
1.18509e+15	2.46984e-11
1.18685e+15	2.48161e-11
1.18861e+15	2.42227e-11
1.19038e+15	2.39876e-11
1.19214e+15	2.37546e-11
1.1939e+15	2.38664e-11
1.19567e+15	2.33003e-11
1.19743e+15	2.30728e-11
1.19919e+15	2.31817e-11
1.20096e+15	2.29583e-11
1.20272e+15	2.2409e-11
1.20448e+15	2.25153e-11
1.20625e+15	2.19777e-11
1.20801e+15	2.17613e-11
1.20977e+15	2.155e-11
1.21154e+15	2.16515e-11
1.2133e+15	2.14422e-11
1.21507e+15	2.09257e-11
1.21683e+15	2.07223e-11
1.21859e+15	2.08228e-11
1.22036e+15	2.03226e-11
1.22212e+15	2.01244e-11
1.22388e+15	1.99292e-11
1.22565e+15	1.97351e-11
1.22741e+15	1.95441e-11
1.22917e+15	1.93541e-11
1.23094e+15	1.9441e-11
1.2327e+15	1.92502e-11
1.23446e+15	1.87905e-11
1.23623e+15	1.88791e-11
1.23799e+15	1.84256e-11
1.23975e+15	1.82456e-11
1.24152e+15	1.83303e-11
1.24328e+15	1.78909e-11
1.24504e+15	1.79742e-11
1.24681e+15	1.75434e-11
1.24857e+15	1.76259e-11
1.25034e+15	1.74514e-11
1.2521e+15	1.7281e-11
1.25386e+15	1.68672e-11
1.25563e+15	1.6947e-11
1.25739e+15	1.65386e-11
1.25915e+15	1.66163e-11
1.26092e+15	1.62169e-11
1.26268e+15	1.60569e-11
1.26444e+15	1.5899e-11
1.26621e+15	1.59742e-11
1.26797e+15	1.58182e-11
1.26973e+15	1.54375e-11
1.2715e+15	1.55098e-11
1.27326e+15	1.51364e-11
1.27502e+15	1.52077e-11
1.27679e+15	1.50588e-11
1.27855e+15	1.49104e-11
1.28032e+15	1.47625e-11
1.28208e+15	1.46187e-11
1.28384e+15	1.44769e-11
1.28561e+15	1.43349e-11
1.28737e+15	1.41934e-11
1.28913e+15	1.40545e-11
1.2909e+15	1.37158e-11
1.29266e+15	1.37787e-11
1.29442e+15	1.36425e-11
1.29619e+15	1.33141e-11
1.29795e+15	1.31853e-11
1.29971e+15	1.32471e-11
1.30148e+15	1.3115e-11
1.30324e+15	1.29886e-11
1.305e+15	1.26761e-11
1.30677e+15	1.25522e-11
1.30853e+15	1.26079e-11
1.3103e+15	1.24844e-11
1.31206e+15	1.23613e-11
1.31382e+15	1.20626e-11
1.31559e+15	1.21175e-11
1.31735e+15	1.19999e-11
1.31911e+15	1.1712e-11
1.32088e+15	1.17658e-11
1.32264e+15	1.16491e-11
1.3244e+15	1.13672e-11
1.32617e+15	1.14204e-11
1.32793e+15	1.13078e-11
1.32969e+15	1.10377e-11
1.33146e+15	1.10883e-11
1.33322e+15	1.08218e-11
1.33498e+15	1.0715e-11
1.33675e+15	1.07634e-11
1.33851e+15	1.06586e-11
1.34027e+15	1.04011e-11
1.34204e+15	1.02986e-11
1.3438e+15	1.03477e-11
1.34557e+15	1.02442e-11
1.34733e+15	9.99658e-12
1.34909e+15	1.00451e-11
1.35086e+15	9.80264e-12
1.35262e+15	9.84754e-12
1.35438e+15	9.75135e-12
1.35615e+15	9.65234e-12
1.35791e+15	9.55763e-12
1.35967e+15	9.32771e-12
1.36144e+15	9.23658e-12
1.3632e+15	9.14709e-12
1.36496e+15	9.18848e-12
1.36673e+15	8.96775e-12
1.36849e+15	9.00706e-12
1.37025e+15	8.79051e-12
1.37202e+15	8.8306e-12
1.37378e+15	8.61845e-12
1.37555e+15	8.53467e-12
1.37731e+15	8.57308e-12
1.37907e+15	8.36802e-12
1.38084e+15	8.28503e-12
1.3826e+15	8.20228e-12
1.38436e+15	8.12368e-12
1.38613e+15	8.04266e-12
1.38789e+15	7.96208e-12
1.38965e+15	7.88284e-12
1.39142e+15	7.80765e-12
1.39318e+15	7.84436e-12
1.39494e+15	7.65566e-12
1.39671e+15	7.69036e-12
1.39847e+15	7.50444e-12
1.40023e+15	7.53739e-12
1.402e+15	7.4638e-12
1.40376e+15	7.28564e-12
1.40553e+15	7.2135e-12
1.40729e+15	7.24436e-12
1.40905e+15	7.07099e-12
1.41082e+15	7.00101e-12
1.41258e+15	6.93206e-12
1.41434e+15	6.86575e-12
1.41611e+15	6.79748e-12
1.41787e+15	6.82845e-12
1.41963e+15	6.66349e-12
1.4214e+15	6.59819e-12
1.42316e+15	6.62813e-12
1.42492e+15	6.46901e-12
1.42669e+15	6.4054e-12
1.42845e+15	6.43549e-12
1.43021e+15	6.28078e-12
1.43198e+15	6.21902e-12
1.43374e+15	6.15713e-12
1.4355e+15	6.18568e-12
1.43727e+15	6.03758e-12
1.43903e+15	6.06481e-12
1.4408e+15	5.91886e-12
1.44256e+15	5.86045e-12
1.44432e+15	5.88875e-12
1.44609e+15	5.82979e-12
1.44785e+15	5.77311e-12
1.44961e+15	5.7145e-12
1.45138e+15	5.57797e-12
1.45314e+15	5.60326e-12
1.4549e+15	5.46865e-12
1.45667e+15	5.4947e-12
1.45843e+15	5.4415e-12
1.46019e+15	5.30966e-12
1.46196e+15	5.25731e-12
1.46372e+15	5.20636e-12
1.46548e+15	5.15535e-12
1.46725e+15	5.10357e-12
1.46901e+15	5.05306e-12
1.47078e+15	5.07643e-12
1.47254e+15	5.02748e-12
1.4743e+15	4.9789e-12
1.47607e+15	4.92908e-12
1.47783e+15	4.88063e-12
1.47959e+15	4.83435e-12
1.48136e+15	4.71767e-12
1.48312e+15	4.67015e-12
1.48488e+15	4.69237e-12
1.48665e+15	4.64673e-12
1.48841e+15	4.60118e-12
1.49017e+15	4.4896e-12
1.49194e+15	4.44579e-12
1.4937e+15	4.46751e-12
1.49546e+15	4.35994e-12
1.49723e+15	4.38066e-12
1.49899e+15	4.27472e-12
1.50076e+15	4.29538e-12
1.50252e+15	4.19204e-12
1.50428e+15	4.2116e-12
1.50605e+15	4.17042e-12
1.50781e+15	4.0701e-12
1.50957e+15	4.02974e-12
1.51134e+15	3.98959e-12
1.5131e+15	3.95038e-12
1.51486e+15	3.91233e-12
1.51663e+15	3.87343e-12
1.51839e+15	3.89235e-12
1.52015e+15	3.79968e-12
1.52192e+15	3.8169e-12
1.52368e+15	3.77793e-12
1.52544e+15	3.74181e-12
1.52721e+15	3.65355e-12
1.52897e+15	3.67003e-12
1.53074e+15	3.63344e-12
1.5325e+15	3.54681e-12
1.53426e+15	3.56407e-12
1.53603e+15	3.47798e-12
1.53779e+15	3.44415e-12
1.53955e+15	3.40951e-12
1.54132e+15	3.42585e-12
1.54308e+15	3.3927e-12
1.54484e+15	3.31145e-12
1.54661e+15	3.2796e-12
1.54837e+15	3.24734e-12
1.55013e+15	3.21513e-12
1.5519e+15	3.18378e-12
1.55366e+15	3.15346e-12
1.55542e+15	3.12218e-12
1.55719e+15	3.09124e-12
1.55895e+15	3.1066e-12
1.56071e+15	3.07628e-12
1.56248e+15	3.04572e-12
1.56424e+15	2.97316e-12
1.56601e+15	2.98721e-12
1.56777e+15	2.95803e-12
1.56953e+15	2.8875e-12
1.5713e+15	2.85909e-12
1.57306e+15	2.83062e-12
1.57482e+15	2.80357e-12
1.57659e+15	2.77705e-12
1.57835e+15	2.78967e-12
1.58011e+15	2.7237e-12
1.58188e+15	2.69658e-12
1.58364e+15	2.67082e-12
1.5854e+15	2.68238e-12
1.58717e+15	2.61851e-12
1.58893e+15	2.59376e-12
1.59069e+15	2.56862e-12
1.59246e+15	2.58108e-12
1.59422e+15	2.51912e-12
1.59599e+15	2.49467e-12
1.59775e+15	2.46991e-12
1.59951e+15	2.48076e-12
1.60128e+15	2.42166e-12
1.60304e+15	2.43359e-12
1.6048e+15	2.37534e-12
1.60657e+15	2.35252e-12
1.60833e+15	2.32932e-12
1.61009e+15	2.30734e-12
1.61186e+15	2.28514e-12
1.61362e+15	2.26229e-12
1.61538e+15	2.24052e-12
1.61715e+15	2.21921e-12
1.61891e+15	2.22959e-12
1.62067e+15	2.2081e-12
1.62244e+15	2.18633e-12
1.6242e+15	2.13394e-12
1.62597e+15	2.11371e-12
1.62773e+15	2.09388e-12
1.62949e+15	2.10328e-12
1.63126e+15	2.08254e-12
1.63302e+15	2.06299e-12
1.63478e+15	2.0135e-12
1.63655e+15	1.99467e-12
1.63831e+15	1.97559e-12
1.64007e+15	1.98439e-12
1.64184e+15	1.93728e-12
1.6436e+15	1.91905e-12
1.64536e+15	1.90091e-12
1.64713e+15	1.88287e-12
1.64889e+15	1.89166e-12
1.65065e+15	1.87339e-12
1.65242e+15	1.82862e-12
1.65418e+15	1.81043e-12
1.65594e+15	1.81875e-12
1.65771e+15	1.80143e-12
1.65947e+15	1.75925e-12
1.66124e+15	1.76669e-12
1.663e+15	1.72439e-12
1.66476e+15	1.73311e-12
1.66653e+15	1.71609e-12
1.66829e+15	1.67603e-12
1.67005e+15	1.68389e-12
1.67182e+15	1.66698e-12
1.67358e+15	1.62777e-12
1.67534e+15	1.61254e-12
1.67711e+15	1.59739e-12
1.67887e+15	1.58226e-12
1.68063e+15	1.59e-12
1.6824e+15	1.57444e-12
1.68416e+15	1.55921e-12
1.68592e+15	1.5219e-12
1.68769e+15	1.50704e-12
1.68945e+15	1.49224e-12
1.69122e+15	1.47807e-12
1.69298e+15	1.48589e-12
1.69474e+15	1.47102e-12
1.69651e+15	1.45678e-12
1.69827e+15	1.42253e-12
1.70003e+15	1.40858e-12
1.7018e+15	1.41619e-12
1.70356e+15	1.38264e-12
1.70532e+15	1.38879e-12
1.70709e+15	1.37601e-12
1.70885e+15	1.36274e-12
1.71061e+15	1.3489e-12
1.71238e+15	1.3171e-12
1.71414e+15	1.30469e-12
1.7159e+15	1.31113e-12
1.71767e+15	1.29862e-12
1.71943e+15	1.26771e-12
1.7212e+15	1.2555e-12
1.72296e+15	1.2433e-12
1.72472e+15	1.24959e-12
1.72649e+15	1.22067e-12
1.72825e+15	1.22622e-12
1.73001e+15	1.1966e-12
1.73178e+15	1.18513e-12
1.73354e+15	1.1743e-12
1.7353e+15	1.16292e-12
1.73707e+15	1.15215e-12
1.73883e+15	1.15772e-12
1.74059e+15	1.14692e-12
1.74236e+15	1.13553e-12
1.74412e+15	1.10913e-12
1.74588e+15	1.09854e-12
1.74765e+15	1.08743e-12
1.74941e+15	1.07743e-12
1.75117e+15	1.08325e-12
1.75294e+15	1.07321e-12
1.7547e+15	1.06266e-12
1.75647e+15	1.0365e-12
1.75823e+15	1.02668e-12
1.75999e+15	1.03169e-12
1.76176e+15	1.00735e-12
1.76352e+15	9.98133e-13
1.76528e+15	1.00386e-12
1.76705e+15	9.79789e-13
1.76881e+15	9.70381e-13
1.77057e+15	9.74818e-13
1.77234e+15	9.51738e-13
1.7741e+15	9.56949e-13
1.77586e+15	9.33932e-13
1.77763e+15	9.38441e-13
1.77939e+15	9.16535e-13
1.78115e+15	9.20831e-13
1.78292e+15	9.1253e-13
1.78468e+15	9.03562e-13
1.78645e+15	8.82276e-13
1.78821e+15	8.73685e-13
1.78997e+15	8.659e-13
1.79174e+15	8.70149e-13
1.7935e+15	8.61511e-13
1.79526e+15	8.5371e-13
1.79703e+15	8.45887e-13
1.79879e+15	8.38284e-13
1.80055e+15	8.30118e-13
1.80232e+15	8.09663e-13
1.80408e+15	8.13926e-13
1.80584e+15	8.06278e-13
1.80761e+15	7.98629e-13
1.80937e+15	7.79845e-13
1.81113e+15	7.72386e-13
1.8129e+15	7.76236e-13
1.81466e+15	7.69148e-13
1.81643e+15	7.51597e-13
1.81819e+15	7.44399e-13
1.81995e+15	7.37075e-13
1.82172e+15	7.29916e-13
1.82348e+15	7.23053e-13
1.82524e+15	7.16832e-13
1.82701e+15	7.09614e-13
1.82877e+15	7.02795e-13
1.83053e+15	7.06772e-13
1.8323e+15	6.89895e-13
1.83406e+15	6.93724e-13
1.83582e+15	6.77079e-13
1.83759e+15	6.8077e-13
1.83935e+15	6.74041e-13
1.84111e+15	6.58323e-13
1.84288e+15	6.51731e-13
1.84464e+15	6.46126e-13
1.84641e+15	6.49353e-13
1.84817e+15	6.42863e-13
1.84993e+15	6.27958e-13
1.8517e+15	6.22425e-13
1.85346e+15	6.25391e-13
1.85522e+15	6.10124e-13
1.85699e+15	6.04676e-13
1.85875e+15	6.07822e-13
1.86051e+15	6.02312e-13
1.86228e+15	5.96671e-13
1.86404e+15	5.82633e-13
1.8658e+15	5.85544e-13
1.86757e+15	5.71822e-13
1.86933e+15	5.66453e-13
1.87109e+15	5.69339e-13
1.87286e+15	5.64102e-13
1.87462e+15	5.58787e-13
1.87638e+15	5.45702e-13
1.87815e+15	5.40494e-13
1.87991e+15	5.43289e-13
1.88168e+15	5.38297e-13
1.88344e+15	5.25621e-13
1.8852e+15	5.28364e-13
1.88697e+15	5.15981e-13
1.88873e+15	5.1852e-13
1.89049e+15	5.13707e-13
1.89226e+15	5.09003e-13
1.89402e+15	5.04189e-13
1.89578e+15	4.99526e-13
1.89755e+15	4.9495e-13
1.89931e+15	4.83232e-13
1.90107e+15	4.85805e-13
1.90284e+15	4.744e-13
1.9046e+15	4.76741e-13
1.90636e+15	4.72368e-13
1.90813e+15	4.6131e-13
1.90989e+15	4.56964e-13
1.91166e+15	4.59357e-13
1.91342e+15	4.48568e-13
1.91518e+15	4.4434e-13
1.91695e+15	4.46661e-13
1.91871e+15	4.36237e-13
1.92047e+15	4.38496e-13
1.92224e+15	4.28138e-13
1.924e+15	4.24205e-13
1.92576e+15	4.20345e-13
1.92753e+15	4.22529e-13
1.92929e+15	4.18573e-13
1.93105e+15	4.1471e-13
1.93282e+15	4.04984e-13
1.93458e+15	4.07099e-13
1.93634e+15	4.03302e-13
1.93811e+15	3.99595e-13
1.93987e+15	3.90238e-13
1.94164e+15	3.92288e-13
1.9434e+15	3.83165e-13
1.94516e+15	3.85074e-13
1.94693e+15	3.81496e-13
1.94869e+15	3.7805e-13
1.95045e+15	3.69179e-13
1.95222e+15	3.65772e-13
1.95398e+15	3.62347e-13
1.95574e+15	3.59013e-13
1.95751e+15	3.5574e-13
1.95927e+15	3.57637e-13
1.96103e+15	3.54335e-13
1.9628e+15	3.46071e-13
1.96456e+15	3.42816e-13
1.96632e+15	3.44621e-13
1.96809e+15	3.4149e-13
1.96985e+15	3.3834e-13
1.97161e+15	3.35265e-13
1.97338e+15	3.32205e-13
1.97514e+15	3.24426e-13
1.97691e+15	3.21451e-13
1.97867e+15	3.18469e-13
1.98043e+15	3.15541e-13
1.9822e+15	3.12602e-13
1.98396e+15	3.14269e-13
1.98572e+15	3.11426e-13
1.98749e+15	3.08566e-13
1.98925e+15	3.01391e-13
1.99101e+15	2.98649e-13
1.99278e+15	2.95916e-13
1.99454e+15	2.97382e-13
1.9963e+15	2.90416e-13
1.99807e+15	2.91992e-13
1.99983e+15	2.85168e-13
2.00159e+15	2.86625e-13
2.00336e+15	2.84026e-13
2.00512e+15	2.77429e-13
2.00689e+15	2.74885e-13
2.00865e+15	2.76371e-13
2.01041e+15	2.69936e-13
2.01218e+15	2.7137e-13
2.01394e+15	2.68885e-13
2.0157e+15	2.62583e-13
2.01747e+15	2.60174e-13
2.01923e+15	2.57829e-13
2.02099e+15	2.59213e-13
2.02276e+15	2.5317e-13
2.02452e+15	2.545e-13
2.02628e+15	2.52179e-13
2.02805e+15	2.49897e-13
2.02981e+15	2.44042e-13
2.03157e+15	2.41836e-13
2.03334e+15	2.43128e-13
2.0351e+15	2.37448e-13
2.03687e+15	2.35286e-13
2.03863e+15	2.33163e-13
2.04039e+15	2.34384e-13
2.04216e+15	2.28941e-13
2.04392e+15	2.30167e-13
2.04568e+15	2.28068e-13
2.04745e+15	2.22734e-13
2.04921e+15	2.20703e-13
2.05097e+15	2.18709e-13
2.05274e+15	2.19852e-13
2.0545e+15	2.17867e-13
2.05626e+15	2.12791e-13
2.05803e+15	2.10849e-13
2.05979e+15	2.08936e-13
2.06155e+15	2.10069e-13
2.06332e+15	2.05159e-13
2.06508e+15	2.0332e-13
2.06684e+15	2.01484e-13
2.06861e+15	1.99656e-13
2.07037e+15	1.97834e-13
2.07214e+15	1.98895e-13
2.0739e+15	1.94281e-13
2.07566e+15	1.95304e-13
2.07743e+15	1.93533e-13
2.07919e+15	1.89044e-13
2.08095e+15	1.90068e-13
2.08272e+15	1.85656e-13
2.08448e+15	1.86681e-13
2.08624e+15	1.84963e-13
2.08801e+15	1.80645e-13
2.08977e+15	1.8164e-13
2.09153e+15	1.79988e-13
2.0933e+15	1.75758e-13
2.09506e+15	1.74183e-13
2.09682e+15	1.72639e-13
2.09859e+15	1.71104e-13
2.10035e+15	1.69556e-13
2.10212e+15	1.68029e-13
2.10388e+15	1.68907e-13
2.10564e+15	1.6739e-13
2.10741e+15	1.63499e-13
2.10917e+15	1.62016e-13
2.11093e+15	1.60538e-13
2.1127e+15	1.61447e-13
2.11446e+15	1.60012e-13
2.11622e+15	1.56277e-13
2.11799e+15	1.54884e-13
2.11975e+15	1.53476e-13
2.12151e+15	1.54264e-13
2.12328e+15	1.50694e-13
2.12504e+15	1.51537e-13
2.1268e+15	1.50194e-13
2.12857e+15	1.46705e-13
2.13033e+15	1.45388e-13
2.1321e+15	1.44054e-13
2.13386e+15	1.44846e-13
2.13562e+15	1.43546e-13
2.13739e+15	1.42292e-13
2.13915e+15	1.4101e-13
2.14091e+15	1.39725e-13
2.14268e+15	1.36477e-13
2.14444e+15	1.3526e-13
2.1462e+15	1.34027e-13
2.14797e+15	1.32819e-13
2.14973e+15	1.3355e-13
2.15149e+15	1.32361e-13
2.15326e+15	1.31168e-13
2.15502e+15	1.2998e-13
2.15678e+15	1.26949e-13
2.15855e+15	1.27673e-13
2.16031e+15	1.26542e-13
2.16208e+15	1.23592e-13
2.16384e+15	1.22499e-13
2.1656e+15	1.21393e-13
2.16737e+15	1.22022e-13
2.16913e+15	1.20962e-13
2.17089e+15	1.18155e-13
2.17266e+15	1.18787e-13
2.17442e+15	1.17721e-13
2.17618e+15	1.15006e-13
2.17795e+15	1.13999e-13
2.17971e+15	1.1463e-13
2.18147e+15	1.13579e-13
2.18324e+15	1.12571e-13
2.185e+15	1.09966e-13
2.18676e+15	1.10599e-13
2.18853e+15	1.08034e-13
2.19029e+15	1.07056e-13
2.19205e+15	1.07625e-13
2.19382e+15	1.06656e-13
2.19558e+15	1.04225e-13
2.19735e+15	1.04786e-13
2.19911e+15	1.03848e-13
2.20087e+15	1.01417e-13
2.20264e+15	1.00516e-13
2.2044e+15	1.01098e-13
2.20616e+15	1.00195e-13
2.20793e+15	9.92917e-14
2.20969e+15	9.69791e-14
2.21145e+15	9.61098e-14
2.21322e+15	9.66801e-14
2.21498e+15	9.57947e-14
2.21674e+15	9.3561e-14
2.21851e+15	9.40898e-14
2.22027e+15	9.19066e-14
2.22203e+15	9.2411e-14
2.2238e+15	9.02791e-14
2.22556e+15	9.07728e-14
2.22733e+15	8.86639e-14
2.22909e+15	8.91407e-14
2.23085e+15	8.83731e-14
2.23262e+15	8.7602e-14
2.23438e+15	8.55675e-14
2.23614e+15	8.48094e-14
2.23791e+15	8.52867e-14
2.23967e+15	8.45288e-14
2.24143e+15	8.37516e-14
2.2432e+15	8.18184e-14
2.24496e+15	8.10901e-14
2.24672e+15	8.03894e-14
2.24849e+15	7.96703e-14
2.25025e+15	8.01e-14
2.25201e+15	7.82335e-14
2.25378e+15	7.75326e-14
2.25554e+15	7.79953e-14
2.25731e+15	7.72953e-14
2.25907e+15	7.66098e-14
2.26083e+15	7.48214e-14
2.2626e+15	7.41653e-14
2.26436e+15	7.46056e-14
2.26612e+15	7.28748e-14
2.26789e+15	7.32474e-14
2.26965e+15	7.25923e-14
2.27141e+15	7.19631e-14
2.27318e+15	7.03076e-14
2.27494e+15	7.07123e-14
2.2767e+15	7.00674e-14
2.27847e+15	6.94388e-14
2.28023e+15	6.78628e-14
2.28199e+15	6.823e-14
2.28376e+15	6.76248e-14
2.28552e+15	6.60458e-14
2.28728e+15	6.64189e-14
2.28905e+15	6.49108e-14
2.29081e+15	6.43274e-14
2.29258e+15	6.46548e-14
2.29434e+15	6.31712e-14
2.2961e+15	6.26315e-14
2.29787e+15	6.20862e-14
2.29963e+15	6.24226e-14
2.30139e+15	6.18542e-14
2.30316e+15	6.04216e-14
2.30492e+15	6.07646e-14
2.30668e+15	5.9352e-14
2.30845e+15	5.97029e-14
2.31021e+15	5.91622e-14
2.31197e+15	5.86474e-14
2.31374e+15	5.81343e-14
2.3155e+15	5.76113e-14
2.31726e+15	5.62572e-14
2.31903e+15	5.5776e-14
2.32079e+15	5.60866e-14
2.32256e+15	5.47872e-14
2.32432e+15	5.50965e-14
2.32608e+15	5.38403e-14
2.32785e+15	5.41277e-14
2.32961e+15	5.28822e-14
2.33137e+15	5.24116e-14
2.33314e+15	5.19541e-14
2.3349e+15	5.22342e-14
2.33666e+15	5.1031e-14
2.33843e+15	5.05657e-14
2.34019e+15	5.08575e-14
2.34195e+15	4.96914e-14
2.34372e+15	4.999e-14
2.34548e+15	4.88315e-14
2.34724e+15	4.90799e-14
2.34901e+15	4.79473e-14
2.35077e+15	4.75195e-14
2.35254e+15	4.71054e-14
2.3543e+15	4.73853e-14
2.35606e+15	4.6957e-14
2.35783e+15	4.65301e-14
2.35959e+15	4.54553e-14
2.36135e+15	4.57343e-14
2.36312e+15	4.4677e-14
2.36488e+15	4.49316e-14
2.36664e+15	4.45254e-14
2.36841e+15	4.41337e-14
2.37017e+15	4.37311e-14
2.37193e+15	4.27314e-14
2.3737e+15	4.23605e-14
2.37546e+15	4.26027e-14
2.37722e+15	4.16131e-14
2.37899e+15	4.18249e-14
2.38075e+15	4.14557e-14
2.38251e+15	4.05085e-14
2.38428e+15	4.01699e-14
2.38604e+15	3.98102e-14
2.38781e+15	4.00262e-14
2.38957e+15	3.96645e-14
2.39133e+15	3.87506e-14
2.3931e+15	3.84191e-14
2.39486e+15	3.86318e-14
2.39662e+15	3.77488e-14
2.39839e+15	3.79545e-14
2.40015e+15	3.76236e-14
2.40191e+15	3.72829e-14
2.40368e+15	3.69554e-14
2.40544e+15	3.60928e-14
2.4072e+15	3.57823e-14
2.40897e+15	3.59893e-14
2.41073e+15	3.56773e-14
2.41249e+15	3.53662e-14
2.41426e+15	3.50443e-14
2.41602e+15	3.47334e-14
2.41779e+15	3.39328e-14
2.41955e+15	3.36319e-14
2.42131e+15	3.33324e-14
2.42308e+15	3.30338e-14
2.42484e+15	3.32129e-14
2.4266e+15	3.29221e-14
2.42837e+15	3.21749e-14
2.43013e+15	3.18907e-14
2.43189e+15	3.20665e-14
2.43366e+15	3.13231e-14
2.43542e+15	3.15048e-14
2.43718e+15	3.12217e-14
2.43895e+15	3.05061e-14
2.44071e+15	3.06689e-14
2.44247e+15	2.99724e-14
2.44424e+15	3.01379e-14
2.446e+15	2.94409e-14
2.44777e+15	2.95931e-14
2.44953e+15	2.9337e-14
2.45129e+15	2.90826e-14
2.45306e+15	2.84046e-14
2.45482e+15	2.85634e-14
2.45658e+15	2.83123e-14
2.45835e+15	2.80621e-14
2.46011e+15	2.78214e-14
2.46187e+15	2.7581e-14
2.46364e+15	2.73317e-14
2.4654e+15	2.66972e-14
2.46716e+15	2.68391e-14
2.46893e+15	2.623e-14
2.47069e+15	2.63771e-14
2.47245e+15	2.57781e-14
2.47422e+15	2.55393e-14
2.47598e+15	2.53189e-14
2.47775e+15	2.54565e-14
2.47951e+15	2.48732e-14
2.48127e+15	2.50144e-14
2.48304e+15	2.47869e-14
2.4848e+15	2.42158e-14
2.48656e+15	2.43585e-14
2.48833e+15	2.41417e-14
2.49009e+15	2.35905e-14
2.49185e+15	2.37283e-14
2.49362e+15	2.35145e-14
2.49538e+15	2.29747e-14
2.49714e+15	2.27656e-14
2.49891e+15	2.28935e-14
2.50067e+15	2.2358e-14
2.50243e+15	2.24894e-14
2.5042e+15	2.19779e-14
2.50596e+15	2.17808e-14
2.50772e+15	2.15849e-14
2.50949e+15	2.14057e-14
2.51125e+15	2.12114e-14
2.51302e+15	2.10339e-14
2.51478e+15	2.11447e-14
2.51654e+15	2.06568e-14
2.51831e+15	2.07709e-14
2.52007e+15	2.02988e-14
2.52183e+15	2.04094e-14
2.5236e+15	1.99351e-14
2.52536e+15	1.97634e-14
2.52712e+15	1.98759e-14
2.52889e+15	1.94192e-14
2.53065e+15	1.92563e-14
2.53241e+15	1.90874e-14
2.53418e+15	1.91933e-14
2.53594e+15	1.87495e-14
2.5377e+15	1.85815e-14
2.53947e+15	1.84147e-14
2.54123e+15	1.85288e-14
2.543e+15	1.83772e-14
2.54476e+15	1.82099e-14
2.54652e+15	1.77846e-14
2.54829e+15	1.7628e-14
2.55005e+15	1.74796e-14
2.55181e+15	1.73239e-14
2.55358e+15	1.71833e-14
2.55534e+15	1.70276e-14
2.5571e+15	1.68678e-14
2.55887e+15	1.67242e-14
2.56063e+15	1.68226e-14
2.56239e+15	1.64392e-14
2.56416e+15	1.65347e-14
2.56592e+15	1.61566e-14
2.56768e+15	1.60164e-14
2.56945e+15	1.61077e-14
2.57121e+15	1.59667e-14
2.57298e+15	1.58263e-14
2.57474e+15	1.54617e-14
2.5765e+15	1.53246e-14
2.57827e+15	1.51944e-14
2.58003e+15	1.50719e-14
2.58179e+15	1.5154e-14
2.58356e+15	1.48021e-14
2.58532e+15	1.46682e-14
2.58708e+15	1.4535e-14
2.58885e+15	1.44023e-14
2.59061e+15	1.42764e-14
2.59237e+15	1.43638e-14
2.59414e+15	1.40271e-14
2.5959e+15	1.40992e-14
2.59766e+15	1.37797e-14
2.59943e+15	1.36645e-14
2.60119e+15	1.35362e-14
2.60295e+15	1.36095e-14
2.60472e+15	1.32996e-14
2.60648e+15	1.31732e-14
2.60825e+15	1.3243e-14
2.61001e+15	1.29401e-14
2.61177e+15	1.3002e-14
2.61354e+15	1.27031e-14
2.6153e+15	1.25928e-14
2.61706e+15	1.26571e-14
2.61883e+15	1.25453e-14
2.62059e+15	1.22438e-14
2.62235e+15	1.21284e-14
2.62412e+15	1.20198e-14
2.62588e+15	1.19111e-14
2.62764e+15	1.18046e-14
2.62941e+15	1.18615e-14
2.63117e+15	1.1585e-14
2.63293e+15	1.14729e-14
2.6347e+15	1.15438e-14
2.63646e+15	1.12744e-14
2.63823e+15	1.1164e-14
2.63999e+15	1.10602e-14
2.64175e+15	1.11103e-14
2.64352e+15	1.08586e-14
2.64528e+15	1.09138e-14
2.64704e+15	1.06497e-14
2.64881e+15	1.07071e-14
2.65057e+15	1.0458e-14
2.65233e+15	1.0353e-14
2.6541e+15	1.02584e-14
2.65586e+15	1.0312e-14
2.65762e+15	1.0217e-14
2.65939e+15	1.01127e-14
2.66115e+15	9.87496e-15
2.66291e+15	9.78762e-15
2.66468e+15	9.69189e-15
2.66644e+15	9.59031e-15
2.66821e+15	9.6426e-15
2.66997e+15	9.55183e-15
2.67173e+15	9.46066e-15
2.6735e+15	9.24033e-15
2.67526e+15	9.15223e-15
2.67702e+15	9.05914e-15
2.67879e+15	8.9659e-15
2.68055e+15	8.87926e-15
2.68231e+15	8.92016e-15
2.68408e+15	8.71025e-15
2.68584e+15	8.75045e-15
2.6876e+15	8.53937e-15
2.68937e+15	8.5817e-15
2.69113e+15	8.49659e-15
2.69289e+15	8.2949e-15
2.69466e+15	8.2119e-15
2.69642e+15	8.24685e-15
2.69819e+15	8.16713e-15
2.69995e+15	8.08433e-15
2.70171e+15	7.8907e-15
2.70348e+15	7.81422e-15
2.70524e+15	7.74227e-15
2.707e+15	7.66578e-15
2.70877e+15	7.69671e-15
2.71053e+15	7.61996e-15
2.71229e+15	7.54031e-15
2.71406e+15	7.35741e-15
2.71582e+15	7.28386e-15
2.71758e+15	7.32361e-15
2.71935e+15	7.14182e-15
2.72111e+15	7.06866e-15
2.72287e+15	7.09448e-15
2.72464e+15	6.92441e-15
2.7264e+15	6.85785e-15
2.72816e+15	6.88502e-15
2.72993e+15	6.71602e-15
2.73169e+15	6.65364e-15
2.73346e+15	6.67599e-15
2.73522e+15	6.51038e-15
2.73698e+15	6.53541e-15
2.73875e+15	6.38075e-15
2.74051e+15	6.40468e-15
2.74227e+15	6.25257e-15
2.74404e+15	6.18175e-15
2.7458e+15	6.11792e-15
2.74756e+15	6.14392e-15
2.74933e+15	6.07991e-15
2.75109e+15	6.02112e-15
2.75285e+15	5.86605e-15
2.75462e+15	5.88849e-15
2.75638e+15	5.74381e-15
2.75814e+15	5.68256e-15
2.75991e+15	5.70814e-15
2.76167e+15	5.56309e-15
2.76344e+15	5.5083e-15
2.7652e+15	5.52631e-15
2.76696e+15	5.38994e-15
2.76873e+15	5.33411e-15
2.77049e+15	5.27506e-15
2.77225e+15	5.21967e-15
2.77402e+15	5.16516e-15
2.77578e+15	5.1822e-15
2.77754e+15	5.05351e-15
2.77931e+15	5.06964e-15
2.78107e+15	5.01546e-15
2.78283e+15	4.96254e-15
2.7846e+15	4.83622e-15
2.78636e+15	4.78449e-15
2.78812e+15	4.73359e-15
2.78989e+15	4.75111e-15
2.79165e+15	4.6972e-15
2.79342e+15	4.64599e-15
2.79518e+15	4.59593e-15
2.79694e+15	4.47857e-15
2.79871e+15	4.49376e-15
2.80047e+15	4.4453e-15
2.80223e+15	4.33108e-15
2.804e+15	4.28279e-15
2.80576e+15	4.23623e-15
2.80752e+15	4.25123e-15
2.80929e+15	4.14137e-15
2.81105e+15	4.15477e-15
2.81281e+15	4.10906e-15
2.81458e+15	4.06329e-15
2.81634e+15	4.01586e-15
2.8181e+15	3.91364e-15
2.81987e+15	3.86941e-15
2.82163e+15	3.82634e-15
2.82339e+15	3.78387e-15
2.82516e+15	3.793e-15
2.82692e+15	3.74971e-15
2.82869e+15	3.65433e-15
2.83045e+15	3.66519e-15
2.83221e+15	3.62377e-15
2.83398e+15	3.58024e-15
2.83574e+15	3.48821e-15
2.8375e+15	3.49835e-15
2.83927e+15	3.40845e-15
2.84103e+15	3.36897e-15
2.84279e+15	3.32775e-15
2.84456e+15	3.28921e-15
2.84632e+15	3.25108e-15
2.84808e+15	3.25963e-15
2.84985e+15	3.17554e-15
2.85161e+15	3.13842e-15
2.85337e+15	3.10155e-15
2.85514e+15	3.06281e-15
2.8569e+15	3.02632e-15
2.85867e+15	3.03423e-15
2.86043e+15	2.95513e-15
2.86219e+15	2.96274e-15
2.86396e+15	2.88542e-15
2.86572e+15	2.85054e-15
2.86748e+15	2.8164e-15
2.86925e+15	2.7825e-15
2.87101e+15	2.78905e-15
2.87277e+15	2.7142e-15
2.87454e+15	2.71965e-15
2.8763e+15	2.68646e-15
2.87806e+15	2.61574e-15
2.87983e+15	2.62106e-15
2.88159e+15	2.55195e-15
2.88335e+15	2.55729e-15
2.88512e+15	2.48954e-15
2.88688e+15	2.45867e-15
2.88865e+15	2.42824e-15
2.89041e+15	2.43315e-15
2.89217e+15	2.40273e-15
2.89394e+15	2.37277e-15
2.8957e+15	2.34278e-15
2.89746e+15	2.31347e-15
2.89923e+15	2.28438e-15
2.90099e+15	2.22317e-15
2.90275e+15	2.22683e-15
2.90452e+15	2.19838e-15
2.90628e+15	2.13924e-15
2.90804e+15	2.11204e-15
2.90981e+15	2.11513e-15
2.91157e+15	2.05803e-15
2.91333e+15	2.06075e-15
2.9151e+15	2.00502e-15
2.91686e+15	1.97903e-15
2.91862e+15	1.98164e-15
2.92039e+15	1.95586e-15
2.92215e+15	1.90283e-15
2.92392e+15	1.87763e-15
2.92568e+15	1.85281e-15
2.92744e+15	1.82839e-15
2.92921e+15	1.80395e-15
2.93097e+15	1.80598e-15
2.93273e+15	1.78196e-15
2.9345e+15	1.75814e-15
2.93626e+15	1.71103e-15
2.93802e+15	1.68816e-15
2.93979e+15	1.66522e-15
2.94155e+15	1.64263e-15
2.94331e+15	1.62042e-15
2.94508e+15	1.5982e-15
2.94684e+15	1.59944e-15
2.9486e+15	1.55501e-15
2.95037e+15	1.55598e-15
2.95213e+15	1.53451e-15
2.9539e+15	1.5145e-15
2.95566e+15	1.49361e-15
2.95742e+15	1.47266e-15
2.95919e+15	1.45204e-15
2.96095e+15	1.41126e-15
2.96271e+15	1.41151e-15
2.96448e+15	1.3718e-15
2.96624e+15	1.3535e-15
2.968e+15	1.35362e-15
2.96977e+15	1.31522e-15
2.97153e+15	1.31522e-15
2.97329e+15	1.27807e-15
2.97506e+15	1.27845e-15
2.97682e+15	1.24202e-15
2.97858e+15	1.22422e-15
2.98035e+15	1.22442e-15
2.98211e+15	1.20683e-15
2.98388e+15	1.18922e-15
2.98564e+15	1.15528e-15
2.9874e+15	1.15508e-15
2.98917e+15	1.12191e-15
2.99093e+15	1.12152e-15
2.99269e+15	1.08926e-15
2.99446e+15	1.07337e-15
2.99622e+15	1.07281e-15
2.99798e+15	1.05684e-15
2.99975e+15	1.04128e-15
3.00151e+15	1.02581e-15
3.00327e+15	9.9579e-16
3.00504e+15	9.95213e-16
3.0068e+15	9.80217e-16
3.00856e+15	9.51598e-16
3.01033e+15	9.50833e-16
3.01209e+15	9.36581e-16
3.01386e+15	9.09117e-16
3.01562e+15	8.95253e-16
3.01738e+15	8.94267e-16
3.01915e+15	8.67929e-16
3.02091e+15	8.54399e-16
3.02267e+15	8.41242e-16
3.02444e+15	8.28127e-16
3.0262e+15	8.15201e-16
3.02796e+15	8.02603e-16
3.02973e+15	7.90186e-16
3.03149e+15	7.77636e-16
3.03325e+15	7.65314e-16
3.03502e+15	7.64186e-16
3.03678e+15	7.41149e-16
3.03854e+15	7.40012e-16
3.04031e+15	7.28183e-16
3.04207e+15	7.16289e-16
3.04383e+15	7.04722e-16
3.0456e+15	6.83506e-16
3.04736e+15	6.72556e-16
3.04913e+15	6.71172e-16
3.05089e+15	6.60066e-16
3.05265e+15	6.49227e-16
3.05442e+15	6.38718e-16
3.05618e+15	6.2815e-16
3.05794e+15	6.08782e-16
3.05971e+15	6.07437e-16
3.06147e+15	5.97345e-16
3.06323e+15	5.78876e-16
3.065e+15	5.6912e-16
3.06676e+15	5.59475e-16
3.06852e+15	5.50018e-16
3.07029e+15	5.48622e-16
3.07205e+15	5.31499e-16
3.07381e+15	5.22434e-16
3.07558e+15	5.13364e-16
3.07734e+15	5.04573e-16
3.07911e+15	5.03082e-16
3.08087e+15	4.94322e-16
3.08263e+15	4.78559e-16
3.0844e+15	4.77053e-16
3.08616e+15	4.62111e-16
3.08792e+15	4.60475e-16
3.08969e+15	4.45803e-16
3.09145e+15	4.44322e-16
3.09321e+15	4.30066e-16
3.09498e+15	4.2853e-16
3.09674e+15	4.207e-16
3.0985e+15	4.1316e-16
3.10027e+15	4.05713e-16
3.10203e+15	3.983e-16
3.10379e+15	3.91009e-16
3.10556e+15	3.83809e-16
3.10732e+15	3.76645e-16
3.10909e+15	3.69671e-16
3.11085e+15	3.62865e-16
3.11261e+15	3.56057e-16
3.11438e+15	3.44467e-16
3.11614e+15	3.42899e-16
3.1179e+15	3.36324e-16
3.11967e+15	3.25241e-16
3.12143e+15	3.19049e-16
3.12319e+15	3.1748e-16
3.12496e+15	3.11346e-16
3.12672e+15	3.05388e-16
3.12848e+15	2.9954e-16
3.13025e+15	2.89416e-16
3.13201e+15	2.83715e-16
3.13377e+15	2.78188e-16
3.13554e+15	2.76594e-16
3.1373e+15	2.71181e-16
3.13906e+15	2.65805e-16
3.14083e+15	2.60524e-16
3.14259e+15	2.5528e-16
3.14436e+15	2.46545e-16
3.14612e+15	2.45016e-16
3.14788e+15	2.36556e-16
3.14965e+15	2.31728e-16
3.15141e+15	2.26991e-16
3.15317e+15	2.22279e-16
3.15494e+15	2.20908e-16
3.1567e+15	2.16314e-16
3.15846e+15	2.08689e-16
3.16023e+15	2.07268e-16
3.16199e+15	2.02925e-16
3.16375e+15	1.95748e-16
3.16552e+15	1.94336e-16
3.16728e+15	1.90215e-16
3.16904e+15	1.83514e-16
3.17081e+15	1.79488e-16
3.17257e+15	1.75562e-16
3.17434e+15	1.71741e-16
3.1761e+15	1.67921e-16
3.17786e+15	1.64247e-16
3.17963e+15	1.62982e-16
3.18139e+15	1.59361e-16
3.18315e+15	1.55809e-16
3.18492e+15	1.52289e-16
3.18668e+15	1.46682e-16
3.18844e+15	1.43328e-16
3.19021e+15	1.40043e-16
3.19197e+15	1.38856e-16
3.19373e+15	1.3564e-16
3.1955e+15	1.32493e-16
3.19726e+15	1.29366e-16
3.19902e+15	1.24558e-16
3.20079e+15	1.23358e-16
3.20255e+15	1.18643e-16
3.20432e+15	1.17502e-16
3.20608e+15	1.13071e-16
3.20784e+15	1.10403e-16
3.20961e+15	1.07685e-16
3.21137e+15	1.05024e-16
3.21313e+15	1.03947e-16
3.2149e+15	9.99363e-17
3.21666e+15	9.74283e-17
3.21842e+15	9.6427e-17
3.22019e+15	9.4034e-17
3.22195e+15	9.16755e-17
3.22371e+15	8.80745e-17
3.22548e+15	8.70705e-17
3.22724e+15	8.36237e-17
3.229e+15	8.26314e-17
3.23077e+15	7.9305e-17
3.23253e+15	7.7239e-17
3.23429e+15	7.63199e-17
3.23606e+15	7.42788e-17
3.23782e+15	7.12802e-17
3.23959e+15	7.03458e-17
3.24135e+15	6.84745e-17
3.24311e+15	6.66246e-17
3.24488e+15	6.48165e-17
3.24664e+15	6.3042e-17
3.2484e+15	6.12865e-17
3.25017e+15	5.87182e-17
3.25193e+15	5.78892e-17
3.25369e+15	5.54537e-17
3.25546e+15	5.46736e-17
3.25722e+15	5.23392e-17
3.25898e+15	5.08635e-17
3.26075e+15	5.01116e-17
3.26251e+15	4.7928e-17
3.26427e+15	4.65325e-17
3.26604e+15	4.5163e-17
3.2678e+15	4.38192e-17
3.26957e+15	4.31185e-17
3.27133e+15	4.18255e-17
3.27309e+15	3.99974e-17
3.27486e+15	3.93252e-17
3.27662e+15	3.81074e-17
3.27838e+15	3.64033e-17
3.28015e+15	3.52484e-17
3.28191e+15	3.41601e-17
3.28367e+15	3.3568e-17
3.28544e+15	3.20189e-17
3.2872e+15	3.14118e-17
3.28896e+15	2.99694e-17
3.29073e+15	2.902e-17
3.29249e+15	2.80533e-17
3.29425e+15	2.75063e-17
3.29602e+15	2.65813e-17
3.29778e+15	2.56974e-17
3.29955e+15	2.44624e-17
3.30131e+15	2.36428e-17
3.30307e+15	2.31539e-17
3.30484e+15	2.233e-17
3.3066e+15	2.15527e-17
3.30836e+15	2.04952e-17
3.31013e+15	1.97582e-17
3.31189e+15	1.9319e-17
3.31365e+15	1.83553e-17
3.31542e+15	1.7697e-17
3.31718e+15	1.70362e-17
3.31894e+15	1.66409e-17
3.32071e+15	1.57896e-17
3.32247e+15	1.51912e-17
3.32423e+15	1.48219e-17
3.326e+15	1.40456e-17
3.32776e+15	1.34976e-17
3.32953e+15	1.29689e-17
3.33129e+15	1.26356e-17
3.33305e+15	1.21274e-17
3.33482e+15	1.14685e-17
3.33658e+15	1.11618e-17
3.33834e+15	1.05477e-17
3.34011e+15	1.01105e-17
3.34187e+15	9.82503e-18
3.34363e+15	9.40834e-18
3.3454e+15	9.00475e-18
3.34716e+15	8.49277e-18
3.34892e+15	8.12169e-18
3.35069e+15	7.7607e-18
3.35245e+15	7.4135e-18
3.35421e+15	7.07814e-18
3.35598e+15	6.75588e-18
3.35774e+15	6.44225e-18
3.3595e+15	6.14039e-18
3.36127e+15	5.93545e-18
3.36303e+15	5.65275e-18
3.3648e+15	5.30236e-18
3.36656e+15	5.04301e-18
3.36832e+15	4.86312e-18
3.37009e+15	4.55478e-18
3.37185e+15	4.32346e-18
3.37361e+15	4.16098e-18
3.37538e+15	3.94416e-18
3.37714e+15	3.73846e-18
3.3789e+15	3.48889e-18
3.38067e+15	3.30111e-18
3.38243e+15	3.12014e-18
3.38419e+15	2.9906e-18
3.38596e+15	2.82227e-18
3.38772e+15	2.66215e-18
3.38948e+15	2.50818e-18
3.39125e+15	2.36158e-18
3.39301e+15	2.18964e-18
3.39478e+15	2.05844e-18
3.39654e+15	1.96108e-18
3.3983e+15	1.83948e-18
3.40007e+15	1.69932e-18
3.40183e+15	1.61377e-18
3.40359e+15	1.48766e-18
3.40536e+15	1.41036e-18
3.40712e+15	1.31618e-18
3.40888e+15	1.20868e-18
3.41065e+15	1.14158e-18
3.41241e+15	1.06116e-18
3.41417e+15	9.71596e-19
3.41594e+15	9.14078e-19
3.4177e+15	8.466e-19
3.41946e+15	7.71914e-19
3.42123e+15	7.22939e-19
3.42299e+15	6.56896e-19
3.42476e+15	6.04677e-19
3.42652e+15	5.63872e-19
3.42828e+15	5.09845e-19
3.43005e+15	4.73638e-19
3.43181e+15	4.26831e-19
3.43357e+15	3.89024e-19
3.43534e+15	3.54252e-19
3.4371e+15	3.22003e-19
3.43886e+15	2.96233e-19
3.44063e+15	2.64046e-19
3.44239e+15	2.38246e-19
3.44415e+15	2.17629e-19
3.44592e+15	1.92465e-19
3.44768e+15	1.72156e-19
3.44944e+15	1.55949e-19
3.45121e+15	1.36859e-19
3.45297e+15	1.21406e-19
3.45473e+15	1.07354e-19
3.4565e+15	9.60046e-20
3.45826e+15	8.30439e-20
3.46003e+15	7.2601e-20
3.46179e+15	6.32579e-20
3.46355e+15	5.56063e-20
3.46532e+15	4.73418e-20
3.46708e+15	4.12454e-20
3.46884e+15	3.52328e-20
3.47061e+15	2.99251e-20
3.47237e+15	2.52618e-20
3.47413e+15	1.12612e-20
