5.29056e+12	3.11206e-12
7.05408e+12	5.53258e-12
8.8176e+12	8.64472e-12
1.05811e+13	1.24472e-11
1.23446e+13	1.69422e-11
1.41082e+13	2.21265e-11
1.58717e+13	2.79046e-11
1.76352e+13	3.44471e-11
1.93987e+13	4.16817e-11
2.11622e+13	4.96003e-11
2.29258e+13	5.82127e-11
2.46893e+13	6.75074e-11
2.64528e+13	7.72136e-11
2.82163e+13	8.78448e-11
2.99798e+13	9.91607e-11
3.17434e+13	1.11161e-10
3.35069e+13	1.23405e-10
3.52704e+13	1.36727e-10
3.70339e+13	1.50731e-10
3.87974e+13	1.64826e-10
4.0561e+13	1.80139e-10
4.23245e+13	1.9541e-10
4.4088e+13	2.12019e-10
4.58515e+13	2.29305e-10
4.7615e+13	2.46359e-10
4.93785e+13	2.64929e-10
5.11421e+13	2.83128e-10
5.29056e+13	3.02941e-10
5.46691e+13	3.22299e-10
5.64326e+13	3.43372e-10
5.81961e+13	3.63803e-10
5.99597e+13	3.86165e-10
6.17232e+13	4.07686e-10
6.34867e+13	4.31246e-10
6.52502e+13	4.53835e-10
6.70137e+13	4.7691e-10
6.87773e+13	5.02262e-10
7.05408e+13	5.26374e-10
7.23043e+13	5.52938e-10
7.40678e+13	5.78006e-10
7.58313e+13	6.03593e-10
7.75949e+13	6.319e-10
7.93584e+13	6.58477e-10
8.11219e+13	6.85419e-10
8.28854e+13	7.12866e-10
8.46489e+13	7.43332e-10
8.64125e+13	7.71729e-10
8.8176e+13	8.00453e-10
8.99395e+13	8.29672e-10
9.1703e+13	8.592e-10
9.34665e+13	8.9234e-10
9.52301e+13	9.22859e-10
9.69936e+13	9.53659e-10
9.87571e+13	9.84835e-10
1.00521e+14	1.01638e-09
1.02284e+14	1.04841e-09
1.04048e+14	1.08067e-09
1.05811e+14	1.11734e-09
1.07575e+14	1.15043e-09
1.09338e+14	1.18386e-09
1.11102e+14	1.21762e-09
1.12865e+14	1.25171e-09
1.14629e+14	1.28613e-09
1.16392e+14	1.32086e-09
1.18156e+14	1.35576e-09
1.19919e+14	1.39111e-09
1.21683e+14	1.42676e-09
1.23446e+14	1.4627e-09
1.2521e+14	1.49877e-09
1.26973e+14	1.52968e-09
1.28737e+14	1.56634e-09
1.305e+14	1.60308e-09
1.32264e+14	1.64028e-09
1.34027e+14	1.67774e-09
1.35791e+14	1.71525e-09
1.37555e+14	1.75322e-09
1.39318e+14	1.79122e-09
1.41082e+14	1.82294e-09
1.42845e+14	1.86126e-09
1.44609e+14	1.89979e-09
1.46372e+14	1.93878e-09
1.48136e+14	1.97775e-09
1.49899e+14	2.00972e-09
1.51663e+14	2.04895e-09
1.53426e+14	2.08837e-09
1.5519e+14	2.12799e-09
1.56953e+14	2.16002e-09
1.58717e+14	2.19985e-09
1.6048e+14	2.23985e-09
1.62244e+14	2.27156e-09
1.64007e+14	2.31202e-09
1.65771e+14	2.35237e-09
1.67534e+14	2.38396e-09
1.69298e+14	2.42446e-09
1.71061e+14	2.46509e-09
1.72825e+14	2.49651e-09
1.74588e+14	2.53726e-09
1.76352e+14	2.57847e-09
1.78115e+14	2.60968e-09
1.79879e+14	2.65065e-09
1.81643e+14	2.68164e-09
1.83406e+14	2.72269e-09
1.8517e+14	2.75344e-09
1.86933e+14	2.79453e-09
1.88697e+14	2.83571e-09
1.9046e+14	2.86615e-09
1.92224e+14	2.90736e-09
1.93987e+14	2.9375e-09
1.95751e+14	2.97871e-09
1.97514e+14	3.00856e-09
1.99278e+14	3.04975e-09
2.01041e+14	3.07928e-09
2.02805e+14	3.10818e-09
2.04568e+14	3.14923e-09
2.06332e+14	3.17818e-09
2.08095e+14	3.21916e-09
2.09859e+14	3.24776e-09
2.11622e+14	3.28867e-09
2.13386e+14	3.31688e-09
2.15149e+14	3.3577e-09
2.16913e+14	3.38554e-09
2.18676e+14	3.4131e-09
2.2044e+14	3.45367e-09
2.22203e+14	3.48036e-09
2.23967e+14	3.50723e-09
2.25731e+14	3.54751e-09
2.27494e+14	3.57396e-09
2.29258e+14	3.61408e-09
2.31021e+14	3.64008e-09
2.32785e+14	3.66581e-09
2.34548e+14	3.70559e-09
2.36312e+14	3.73032e-09
2.38075e+14	3.75528e-09
2.39839e+14	3.7947e-09
2.41602e+14	3.81917e-09
2.43366e+14	3.84334e-09
2.45129e+14	3.86721e-09
2.46893e+14	3.90604e-09
2.48656e+14	3.9294e-09
2.5042e+14	3.95189e-09
2.52183e+14	3.9903e-09
2.53947e+14	4.01283e-09
2.5571e+14	4.03504e-09
2.57474e+14	4.05695e-09
2.59237e+14	4.09468e-09
2.61001e+14	4.11605e-09
2.62764e+14	4.13709e-09
2.64528e+14	4.15782e-09
2.66291e+14	4.19485e-09
2.68055e+14	4.21439e-09
2.69819e+14	4.23423e-09
2.71582e+14	4.25374e-09
2.73346e+14	4.27292e-09
2.75109e+14	4.30897e-09
2.76873e+14	4.32758e-09
2.78636e+14	4.34585e-09
2.804e+14	4.36381e-09
2.82163e+14	4.38142e-09
2.83927e+14	4.39869e-09
2.8569e+14	4.43347e-09
2.87454e+14	4.45016e-09
2.89217e+14	4.46653e-09
2.90981e+14	4.48255e-09
2.92744e+14	4.49822e-09
2.94508e+14	4.51363e-09
2.96271e+14	4.54708e-09
2.98035e+14	4.5619e-09
2.99798e+14	4.57631e-09
3.01562e+14	4.59045e-09
3.03325e+14	4.60417e-09
3.05089e+14	4.61763e-09
3.06852e+14	4.63074e-09
3.08616e+14	4.66263e-09
3.10379e+14	4.67515e-09
3.12143e+14	4.68733e-09
3.13906e+14	4.69917e-09
3.1567e+14	4.71075e-09
3.17434e+14	4.72191e-09
3.19197e+14	4.73281e-09
3.20961e+14	4.74329e-09
3.22724e+14	4.75352e-09
3.24488e+14	4.7634e-09
3.26251e+14	4.79289e-09
3.28015e+14	4.80216e-09
3.29778e+14	4.81111e-09
3.31542e+14	4.81973e-09
3.33305e+14	4.8281e-09
3.35069e+14	4.83605e-09
3.36832e+14	4.84374e-09
3.38596e+14	4.85111e-09
3.40359e+14	4.85806e-09
3.42123e+14	4.86478e-09
3.43886e+14	4.87115e-09
3.4565e+14	4.8772e-09
3.47413e+14	4.88302e-09
3.49177e+14	4.90922e-09
3.5094e+14	4.91436e-09
3.52704e+14	4.91926e-09
3.54467e+14	4.92382e-09
3.56231e+14	4.92799e-09
3.57994e+14	4.93193e-09
3.59758e+14	4.93555e-09
3.61522e+14	4.93885e-09
3.63285e+14	4.94193e-09
3.65049e+14	4.9446e-09
3.66812e+14	4.94705e-09
3.68576e+14	4.9491e-09
3.70339e+14	4.95093e-09
3.72103e+14	4.95245e-09
3.73866e+14	4.95367e-09
3.7563e+14	4.95458e-09
3.77393e+14	4.95519e-09
3.79157e+14	4.95551e-09
3.8092e+14	4.95561e-09
3.82684e+14	4.95531e-09
3.84447e+14	4.95482e-09
3.86211e+14	4.97574e-09
3.87974e+14	4.9747e-09
3.89738e+14	4.97335e-09
3.91501e+14	4.97173e-09
3.93265e+14	4.96991e-09
3.95028e+14	4.96771e-09
3.96792e+14	4.96523e-09
3.98555e+14	4.96256e-09
4.00319e+14	4.95961e-09
4.02082e+14	4.95628e-09
4.03846e+14	4.95277e-09
4.0561e+14	4.949e-09
4.07373e+14	4.94504e-09
4.09137e+14	4.94072e-09
4.109e+14	4.93614e-09
4.12664e+14	4.93138e-09
4.14427e+14	4.92626e-09
4.16191e+14	4.92097e-09
4.17954e+14	4.91543e-09
4.19718e+14	4.90963e-09
4.21481e+14	4.90357e-09
4.23245e+14	4.89726e-09
4.25008e+14	4.8907e-09
4.26772e+14	4.884e-09
4.28535e+14	4.87693e-09
4.30299e+14	4.86974e-09
4.32062e+14	4.86229e-09
4.33826e+14	4.8546e-09
4.35589e+14	4.84668e-09
4.37353e+14	4.83851e-09
4.39116e+14	4.83012e-09
4.4088e+14	4.8215e-09
4.42643e+14	4.81274e-09
4.44407e+14	4.82596e-09
4.4617e+14	4.81674e-09
4.47934e+14	4.80731e-09
4.49698e+14	4.79756e-09
4.51461e+14	4.78768e-09
4.53225e+14	4.77769e-09
4.54988e+14	4.76739e-09
4.56752e+14	4.75687e-09
4.58515e+14	4.74624e-09
4.60279e+14	4.7353e-09
4.62042e+14	4.72426e-09
4.63806e+14	4.71291e-09
4.65569e+14	4.70147e-09
4.67333e+14	4.68983e-09
4.69096e+14	4.678e-09
4.7086e+14	4.66607e-09
4.72623e+14	4.65384e-09
4.74387e+14	4.64143e-09
4.7615e+14	4.62894e-09
4.77914e+14	4.61616e-09
4.79677e+14	4.60329e-09
4.81441e+14	4.59024e-09
4.83204e+14	4.59908e-09
4.84968e+14	4.58565e-09
4.86731e+14	4.57206e-09
4.88495e+14	4.55829e-09
4.90258e+14	4.54446e-09
4.92022e+14	4.53036e-09
4.93785e+14	4.5162e-09
4.95549e+14	4.50177e-09
4.97313e+14	4.48728e-09
4.99076e+14	4.47263e-09
5.0084e+14	4.45784e-09
5.02603e+14	4.44288e-09
5.04367e+14	4.42779e-09
5.0613e+14	4.41253e-09
5.07894e+14	4.39724e-09
5.09657e+14	4.40337e-09
5.11421e+14	4.38775e-09
5.13184e+14	4.37188e-09
5.14948e+14	4.35599e-09
5.16711e+14	4.33996e-09
5.18475e+14	4.32379e-09
5.20238e+14	4.3075e-09
5.22002e+14	4.29108e-09
5.23765e+14	4.27452e-09
5.25529e+14	4.25795e-09
5.27292e+14	4.24116e-09
5.29056e+14	4.24565e-09
5.30819e+14	4.22856e-09
5.32583e+14	4.21147e-09
5.34346e+14	4.19426e-09
5.3611e+14	4.17695e-09
5.37873e+14	4.15952e-09
5.39637e+14	4.14198e-09
5.41401e+14	4.12434e-09
5.43164e+14	4.1066e-09
5.44928e+14	4.1098e-09
5.46691e+14	4.0918e-09
5.48455e+14	4.07382e-09
5.50218e+14	4.05563e-09
5.51982e+14	4.03745e-09
5.53745e+14	4.01918e-09
5.55509e+14	4.00083e-09
5.57272e+14	4.00304e-09
5.59036e+14	3.98445e-09
5.60799e+14	3.96579e-09
5.62563e+14	3.94703e-09
5.64326e+14	3.92831e-09
5.6609e+14	3.90941e-09
5.67853e+14	3.89054e-09
5.69617e+14	3.8918e-09
5.7138e+14	3.87273e-09
5.73144e+14	3.85359e-09
5.74907e+14	3.83437e-09
5.76671e+14	3.81498e-09
5.78434e+14	3.79576e-09
5.80198e+14	3.79638e-09
5.81961e+14	3.77685e-09
5.83725e+14	3.75726e-09
5.85489e+14	3.73773e-09
5.87252e+14	3.71803e-09
5.89016e+14	3.71818e-09
5.90779e+14	3.69831e-09
5.92543e+14	3.67851e-09
5.94306e+14	3.65865e-09
5.9607e+14	3.63876e-09
5.97833e+14	3.63835e-09
5.99597e+14	3.6183e-09
6.0136e+14	3.5982e-09
6.03124e+14	3.57807e-09
6.04887e+14	3.5579e-09
6.06651e+14	3.55708e-09
6.08414e+14	3.53677e-09
6.10178e+14	3.51655e-09
6.11941e+14	3.49618e-09
6.13705e+14	3.49495e-09
6.15468e+14	3.47457e-09
6.17232e+14	3.45416e-09
6.18995e+14	3.43372e-09
6.20759e+14	3.41327e-09
6.22522e+14	3.41157e-09
6.24286e+14	3.391e-09
6.26049e+14	3.37042e-09
6.27813e+14	3.34993e-09
6.29577e+14	3.34788e-09
6.3134e+14	3.32728e-09
6.33104e+14	3.31211e-09
6.34867e+14	3.29516e-09
6.36631e+14	3.28001e-09
6.38394e+14	3.2647e-09
6.40158e+14	3.24946e-09
6.41921e+14	3.23235e-09
6.43685e+14	3.21703e-09
6.45448e+14	3.20167e-09
6.47212e+14	3.18639e-09
6.48975e+14	3.17095e-09
6.50739e+14	3.15548e-09
6.52502e+14	3.14008e-09
6.54266e+14	3.12454e-09
6.56029e+14	3.10907e-09
6.57793e+14	3.09347e-09
6.59556e+14	3.07795e-09
6.6132e+14	3.06239e-09
6.63083e+14	3.04856e-09
6.64847e+14	3.03295e-09
6.6661e+14	3.01731e-09
6.68374e+14	3.00165e-09
6.70137e+14	2.98768e-09
6.71901e+14	2.97197e-09
6.73664e+14	2.95806e-09
6.75428e+14	2.9423e-09
6.77192e+14	2.92652e-09
6.78955e+14	2.91253e-09
6.80719e+14	2.89671e-09
6.82482e+14	2.88267e-09
6.84246e+14	2.86861e-09
6.86009e+14	2.85284e-09
6.87773e+14	2.83874e-09
6.89536e+14	2.82461e-09
6.913e+14	2.8088e-09
6.93063e+14	2.79463e-09
6.94827e+14	2.78044e-09
6.9659e+14	2.76624e-09
6.98354e+14	2.75038e-09
7.00117e+14	2.73625e-09
7.01881e+14	2.722e-09
7.03644e+14	2.70785e-09
7.05408e+14	2.69357e-09
7.07171e+14	2.67938e-09
7.08935e+14	2.66519e-09
7.10698e+14	2.65088e-09
7.12462e+14	2.63666e-09
7.14225e+14	2.62243e-09
7.15989e+14	2.60978e-09
7.17752e+14	2.59553e-09
7.19516e+14	2.58127e-09
7.2128e+14	2.56712e-09
7.23043e+14	2.55441e-09
7.24807e+14	2.54013e-09
7.2657e+14	2.52596e-09
7.28334e+14	2.51322e-09
7.30097e+14	2.49904e-09
7.31861e+14	2.48627e-09
7.33624e+14	2.47208e-09
7.35388e+14	2.45941e-09
7.37151e+14	2.44511e-09
7.38915e+14	2.43243e-09
7.40678e+14	2.41823e-09
7.42442e+14	2.40553e-09
7.44205e+14	2.39283e-09
7.45969e+14	2.37864e-09
7.47732e+14	2.36604e-09
7.49496e+14	2.35333e-09
7.51259e+14	2.34061e-09
7.53023e+14	2.328e-09
7.54786e+14	2.31527e-09
7.5655e+14	2.30121e-09
7.58313e+14	2.28849e-09
7.60077e+14	2.27588e-09
7.6184e+14	2.26326e-09
7.63604e+14	2.25054e-09
7.65368e+14	2.23935e-09
7.67131e+14	2.22674e-09
7.68895e+14	2.21413e-09
7.70658e+14	2.20152e-09
7.72422e+14	2.18892e-09
7.74185e+14	2.17632e-09
7.75949e+14	2.16512e-09
7.77712e+14	2.15263e-09
7.79476e+14	2.14005e-09
7.81239e+14	2.12884e-09
7.83003e+14	2.11638e-09
7.84766e+14	2.10517e-09
7.8653e+14	2.09271e-09
7.88293e+14	2.08027e-09
7.90057e+14	2.06907e-09
7.9182e+14	2.05798e-09
7.93584e+14	2.04555e-09
7.95347e+14	2.03447e-09
7.97111e+14	2.02206e-09
7.98874e+14	2.01099e-09
8.00638e+14	1.99992e-09
8.02401e+14	1.98885e-09
8.04165e+14	1.97648e-09
8.05928e+14	1.96542e-09
8.07692e+14	1.95448e-09
8.09456e+14	1.94344e-09
8.11219e+14	1.9324e-09
8.12983e+14	1.92147e-09
8.14746e+14	1.91055e-09
8.1651e+14	1.89953e-09
8.18273e+14	1.88863e-09
8.20037e+14	1.87763e-09
8.218e+14	1.86674e-09
8.23564e+14	1.85587e-09
8.25327e+14	1.845e-09
8.27091e+14	1.83414e-09
8.28854e+14	1.8233e-09
8.30618e+14	1.81369e-09
8.32381e+14	1.80286e-09
8.34145e+14	1.79204e-09
8.35908e+14	1.78256e-09
8.37672e+14	1.77176e-09
8.39435e+14	1.76098e-09
8.41199e+14	1.75152e-09
8.42962e+14	1.74076e-09
8.44726e+14	1.7313e-09
8.46489e+14	1.72057e-09
8.48253e+14	1.71113e-09
8.50016e+14	1.70053e-09
8.5178e+14	1.691e-09
8.53543e+14	1.68159e-09
8.55307e+14	1.67102e-09
8.57071e+14	1.66163e-09
8.58834e+14	1.65224e-09
8.60598e+14	1.64172e-09
8.62361e+14	1.63236e-09
8.64125e+14	1.623e-09
8.65888e+14	1.61365e-09
8.67652e+14	1.60432e-09
8.69415e+14	1.5951e-09
8.71179e+14	1.58578e-09
8.72942e+14	1.57658e-09
8.74706e+14	1.56729e-09
8.76469e+14	1.55811e-09
8.78233e+14	1.54884e-09
8.79996e+14	1.53968e-09
8.8176e+14	1.53044e-09
8.83523e+14	1.52131e-09
8.85287e+14	1.51219e-09
8.8705e+14	1.50309e-09
8.88814e+14	1.494e-09
8.90577e+14	1.48588e-09
8.92341e+14	1.47682e-09
8.94104e+14	1.46777e-09
8.95868e+14	1.45989e-09
8.97631e+14	1.45086e-09
8.99395e+14	1.44186e-09
9.01159e+14	1.4339e-09
9.02922e+14	1.42491e-09
9.04686e+14	1.41708e-09
9.06449e+14	1.40813e-09
9.08213e+14	1.40031e-09
9.09976e+14	1.39139e-09
9.1174e+14	1.3836e-09
9.13503e+14	1.37571e-09
9.15267e+14	1.36693e-09
9.1703e+14	1.35917e-09
9.18794e+14	1.35132e-09
9.20557e+14	1.34259e-09
9.22321e+14	1.33486e-09
9.24084e+14	1.32714e-09
9.25848e+14	1.31944e-09
9.27611e+14	1.31174e-09
9.29375e+14	1.30309e-09
9.31138e+14	1.29542e-09
9.32902e+14	1.28777e-09
9.34665e+14	1.28012e-09
9.36429e+14	1.2726e-09
9.38192e+14	1.26498e-09
9.39956e+14	1.25737e-09
9.41719e+14	1.24977e-09
9.43483e+14	1.2423e-09
9.45247e+14	1.23566e-09
9.4701e+14	1.2282e-09
9.48774e+14	1.22066e-09
9.50537e+14	1.21323e-09
9.52301e+14	1.20582e-09
9.54064e+14	1.19832e-09
9.55828e+14	1.19184e-09
9.57591e+14	1.18446e-09
9.59355e+14	1.17711e-09
9.61118e+14	1.17065e-09
9.62882e+14	1.16332e-09
9.64645e+14	1.15689e-09
9.66409e+14	1.14959e-09
9.68172e+14	1.1423e-09
9.69936e+14	1.1359e-09
9.71699e+14	1.12864e-09
9.73463e+14	1.12226e-09
9.75226e+14	1.11589e-09
9.7699e+14	1.10877e-09
9.78753e+14	1.10243e-09
9.80517e+14	1.09524e-09
9.8228e+14	1.08901e-09
9.84044e+14	1.0827e-09
9.85807e+14	1.07566e-09
9.87571e+14	1.06937e-09
9.89335e+14	1.06319e-09
9.91098e+14	1.05692e-09
9.92862e+14	1.05076e-09
9.94625e+14	1.04462e-09
9.96389e+14	1.03756e-09
9.98152e+14	1.03144e-09
9.99916e+14	1.02533e-09
1.00168e+15	1.01924e-09
1.00344e+15	1.01315e-09
1.00521e+15	1.00708e-09
1.00697e+15	1.00102e-09
1.00873e+15	9.94966e-10
1.0105e+15	9.8893e-10
1.01226e+15	9.82904e-10
1.01402e+15	9.77673e-10
1.01579e+15	9.71668e-10
1.01755e+15	9.65781e-10
1.01931e+15	9.59803e-10
1.02108e+15	9.53839e-10
1.02284e+15	9.48753e-10
1.0246e+15	9.42813e-10
1.02637e+15	9.36885e-10
1.02813e+15	9.31072e-10
1.0299e+15	9.26025e-10
1.03166e+15	9.20135e-10
1.03342e+15	9.15104e-10
1.03519e+15	9.09237e-10
1.03695e+15	9.03489e-10
1.03871e+15	8.98486e-10
1.04048e+15	8.92661e-10
1.04224e+15	8.87678e-10
1.044e+15	8.82703e-10
1.04577e+15	8.77017e-10
1.04753e+15	8.72062e-10
1.04929e+15	8.66402e-10
1.05106e+15	8.61468e-10
1.05282e+15	8.56542e-10
1.05458e+15	8.5092e-10
1.05635e+15	8.46016e-10
1.05811e+15	8.41119e-10
1.05988e+15	8.35537e-10
1.06164e+15	8.30662e-10
1.0634e+15	8.259e-10
1.06517e+15	8.21043e-10
1.06693e+15	8.16197e-10
1.06869e+15	8.11463e-10
1.07046e+15	8.06636e-10
1.07222e+15	8.01144e-10
1.07398e+15	7.96445e-10
1.07575e+15	7.91649e-10
1.07751e+15	7.86969e-10
1.07927e+15	7.82195e-10
1.08104e+15	7.77534e-10
1.0828e+15	7.72884e-10
1.08456e+15	7.68793e-10
1.08633e+15	7.64162e-10
1.08809e+15	7.59541e-10
1.08986e+15	7.54929e-10
1.09162e+15	7.50227e-10
1.09338e+15	7.45638e-10
1.09515e+15	7.41695e-10
1.09691e+15	7.37125e-10
1.09867e+15	7.32567e-10
1.10044e+15	7.28019e-10
1.1022e+15	7.24108e-10
1.10396e+15	7.1958e-10
1.10573e+15	7.15065e-10
1.10749e+15	7.11176e-10
1.10925e+15	7.06681e-10
1.11102e+15	7.02196e-10
1.11278e+15	6.98434e-10
1.11454e+15	6.93971e-10
1.11631e+15	6.90123e-10
1.11807e+15	6.85681e-10
1.11983e+15	6.81908e-10
1.1216e+15	6.77529e-10
1.12336e+15	6.73752e-10
1.12513e+15	6.69982e-10
1.12689e+15	6.65634e-10
1.12865e+15	6.61891e-10
1.13042e+15	6.57576e-10
1.13218e+15	6.5386e-10
1.13394e+15	6.50142e-10
1.13571e+15	6.45868e-10
1.13747e+15	6.42186e-10
1.13923e+15	6.38503e-10
1.141e+15	6.34836e-10
1.14276e+15	6.31178e-10
1.14452e+15	6.26979e-10
1.14629e+15	6.23348e-10
1.14805e+15	6.19725e-10
1.14981e+15	6.16112e-10
1.15158e+15	6.12514e-10
1.15334e+15	6.08927e-10
1.15511e+15	6.05345e-10
1.15687e+15	6.01774e-10
1.15863e+15	5.9822e-10
1.1604e+15	5.94137e-10
1.16216e+15	5.90613e-10
1.16392e+15	5.87618e-10
1.16569e+15	5.84108e-10
1.16745e+15	5.80605e-10
1.16921e+15	5.77123e-10
1.17098e+15	5.73648e-10
1.17274e+15	5.70182e-10
1.1745e+15	5.66724e-10
1.17627e+15	5.63276e-10
1.17803e+15	5.59846e-10
1.17979e+15	5.56935e-10
1.18156e+15	5.53531e-10
1.18332e+15	5.50126e-10
1.18509e+15	5.4674e-10
1.18685e+15	5.43865e-10
1.18861e+15	5.40504e-10
1.19038e+15	5.37142e-10
1.19214e+15	5.34295e-10
1.1939e+15	5.3096e-10
1.19567e+15	5.27644e-10
1.19743e+15	5.24825e-10
1.19919e+15	5.21515e-10
1.20096e+15	5.1872e-10
1.20272e+15	5.15435e-10
1.20448e+15	5.12652e-10
1.20625e+15	5.09395e-10
1.20801e+15	5.06623e-10
1.20977e+15	5.03384e-10
1.21154e+15	5.00634e-10
1.2133e+15	4.97421e-10
1.21507e+15	4.94685e-10
1.21683e+15	4.91489e-10
1.21859e+15	4.88776e-10
1.22036e+15	4.86068e-10
1.22212e+15	4.82907e-10
1.22388e+15	4.80213e-10
1.22565e+15	4.77533e-10
1.22741e+15	4.74408e-10
1.22917e+15	4.71742e-10
1.23094e+15	4.69083e-10
1.2327e+15	4.65982e-10
1.23446e+15	4.63346e-10
1.23623e+15	4.60716e-10
1.23799e+15	4.58092e-10
1.23975e+15	4.55473e-10
1.24152e+15	4.52871e-10
1.24328e+15	4.4984e-10
1.24504e+15	4.47252e-10
1.24681e+15	4.4467e-10
1.24857e+15	4.42104e-10
1.25034e+15	4.39534e-10
1.2521e+15	4.36979e-10
1.25386e+15	4.34433e-10
1.25563e+15	4.31901e-10
1.25739e+15	4.29366e-10
1.25915e+15	4.26848e-10
1.26092e+15	4.24335e-10
1.26268e+15	4.2183e-10
1.26444e+15	4.1933e-10
1.26621e+15	4.16847e-10
1.26797e+15	4.14371e-10
1.26973e+15	4.11901e-10
1.2715e+15	4.09438e-10
1.27326e+15	4.07383e-10
1.27502e+15	4.04941e-10
1.27679e+15	4.02505e-10
1.27855e+15	4.00076e-10
1.28032e+15	3.97655e-10
1.28208e+15	3.95239e-10
1.28384e+15	3.93232e-10
1.28561e+15	3.90838e-10
1.28737e+15	3.88451e-10
1.28913e+15	3.8607e-10
1.2909e+15	3.84081e-10
1.29266e+15	3.81723e-10
1.29442e+15	3.79361e-10
1.29619e+15	3.77395e-10
1.29795e+15	3.75056e-10
1.29971e+15	3.73109e-10
1.30148e+15	3.70781e-10
1.30324e+15	3.68471e-10
1.305e+15	3.66538e-10
1.30677e+15	3.6424e-10
1.30853e+15	3.62315e-10
1.3103e+15	3.60029e-10
1.31206e+15	3.58124e-10
1.31382e+15	3.5585e-10
1.31559e+15	3.53954e-10
1.31735e+15	3.51703e-10
1.31911e+15	3.49826e-10
1.32088e+15	3.47588e-10
1.32264e+15	3.4572e-10
1.3244e+15	3.43493e-10
1.32617e+15	3.41636e-10
1.32793e+15	3.39782e-10
1.32969e+15	3.37594e-10
1.33146e+15	3.3575e-10
1.33322e+15	3.33919e-10
1.33498e+15	3.31749e-10
1.33675e+15	3.29918e-10
1.33851e+15	3.28112e-10
1.34027e+15	3.2596e-10
1.34204e+15	3.24153e-10
1.3438e+15	3.2236e-10
1.34557e+15	3.20572e-10
1.34733e+15	3.18445e-10
1.34909e+15	3.16676e-10
1.35086e+15	3.14901e-10
1.35262e+15	3.13132e-10
1.35438e+15	3.11376e-10
1.35615e+15	3.09614e-10
1.35791e+15	3.07542e-10
1.35967e+15	3.05801e-10
1.36144e+15	3.04064e-10
1.3632e+15	3.02341e-10
1.36496e+15	3.00613e-10
1.36673e+15	2.98899e-10
1.36849e+15	2.97179e-10
1.37025e+15	2.95474e-10
1.37202e+15	2.93773e-10
1.37378e+15	2.92077e-10
1.37555e+15	2.90395e-10
1.37731e+15	2.88708e-10
1.37907e+15	2.87036e-10
1.38084e+15	2.85367e-10
1.3826e+15	2.83693e-10
1.38436e+15	2.82044e-10
1.38613e+15	2.80389e-10
1.38789e+15	2.78739e-10
1.38965e+15	2.77094e-10
1.39142e+15	2.75463e-10
1.39318e+15	2.74133e-10
1.39494e+15	2.7251e-10
1.39671e+15	2.70891e-10
1.39847e+15	2.69278e-10
1.40023e+15	2.67668e-10
1.402e+15	2.66064e-10
1.40376e+15	2.64763e-10
1.40553e+15	2.63176e-10
1.40729e+15	2.61584e-10
1.40905e+15	2.60007e-10
1.41082e+15	2.58718e-10
1.41258e+15	2.57149e-10
1.41434e+15	2.55595e-10
1.41611e+15	2.54315e-10
1.41787e+15	2.52769e-10
1.41963e+15	2.51217e-10
1.4214e+15	2.49957e-10
1.42316e+15	2.48424e-10
1.42492e+15	2.46895e-10
1.42669e+15	2.45644e-10
1.42845e+15	2.44134e-10
1.43021e+15	2.42619e-10
1.43198e+15	2.41387e-10
1.43374e+15	2.3988e-10
1.4355e+15	2.38654e-10
1.43727e+15	2.37165e-10
1.43903e+15	2.35946e-10
1.4408e+15	2.34465e-10
1.44256e+15	2.33252e-10
1.44432e+15	2.31791e-10
1.44609e+15	2.30583e-10
1.44785e+15	2.2913e-10
1.44961e+15	2.27928e-10
1.45138e+15	2.26483e-10
1.45314e+15	2.25298e-10
1.4549e+15	2.23862e-10
1.45667e+15	2.22682e-10
1.45843e+15	2.21517e-10
1.46019e+15	2.20093e-10
1.46196e+15	2.18922e-10
1.46372e+15	2.17765e-10
1.46548e+15	2.16363e-10
1.46725e+15	2.15202e-10
1.46901e+15	2.14053e-10
1.47078e+15	2.12664e-10
1.47254e+15	2.11522e-10
1.4743e+15	2.10393e-10
1.47607e+15	2.09016e-10
1.47783e+15	2.07883e-10
1.47959e+15	2.06763e-10
1.48136e+15	2.05646e-10
1.48312e+15	2.04284e-10
1.48488e+15	2.03173e-10
1.48665e+15	2.02066e-10
1.48841e+15	2.0096e-10
1.49017e+15	1.99857e-10
1.49194e+15	1.98526e-10
1.4937e+15	1.97441e-10
1.49546e+15	1.96347e-10
1.49723e+15	1.95267e-10
1.49899e+15	1.94179e-10
1.50076e+15	1.93104e-10
1.50252e+15	1.92033e-10
1.50428e+15	1.90739e-10
1.50605e+15	1.89674e-10
1.50781e+15	1.88612e-10
1.50957e+15	1.87551e-10
1.51134e+15	1.86495e-10
1.5131e+15	1.8544e-10
1.51486e+15	1.844e-10
1.51663e+15	1.83351e-10
1.51839e+15	1.82316e-10
1.52015e+15	1.81284e-10
1.52192e+15	1.80254e-10
1.52368e+15	1.79217e-10
1.52544e+15	1.78193e-10
1.52721e+15	1.77183e-10
1.52897e+15	1.76165e-10
1.53074e+15	1.75149e-10
1.5325e+15	1.74137e-10
1.53426e+15	1.73346e-10
1.53603e+15	1.72338e-10
1.53779e+15	1.71344e-10
1.53955e+15	1.70342e-10
1.54132e+15	1.69354e-10
1.54308e+15	1.68368e-10
1.54484e+15	1.67386e-10
1.54661e+15	1.66406e-10
1.54837e+15	1.6563e-10
1.55013e+15	1.64655e-10
1.5519e+15	1.63683e-10
1.55366e+15	1.62725e-10
1.55542e+15	1.61759e-10
1.55719e+15	1.60992e-10
1.55895e+15	1.60041e-10
1.56071e+15	1.59094e-10
1.56248e+15	1.58138e-10
1.56424e+15	1.57389e-10
1.56601e+15	1.5645e-10
1.56777e+15	1.55513e-10
1.56953e+15	1.54579e-10
1.5713e+15	1.53838e-10
1.57306e+15	1.52909e-10
1.57482e+15	1.51983e-10
1.57659e+15	1.51257e-10
1.57835e+15	1.50336e-10
1.58011e+15	1.49429e-10
1.58188e+15	1.48699e-10
1.58364e+15	1.47796e-10
1.5854e+15	1.47069e-10
1.58717e+15	1.46172e-10
1.58893e+15	1.45278e-10
1.59069e+15	1.44567e-10
1.59246e+15	1.43677e-10
1.59422e+15	1.4297e-10
1.59599e+15	1.42086e-10
1.59775e+15	1.41382e-10
1.59951e+15	1.40503e-10
1.60128e+15	1.39627e-10
1.60304e+15	1.38939e-10
1.6048e+15	1.38068e-10
1.60657e+15	1.37384e-10
1.60833e+15	1.36518e-10
1.61009e+15	1.35838e-10
1.61186e+15	1.34988e-10
1.61362e+15	1.343e-10
1.61538e+15	1.33624e-10
1.61715e+15	1.32782e-10
1.61891e+15	1.3211e-10
1.62067e+15	1.31272e-10
1.62244e+15	1.30604e-10
1.6242e+15	1.29771e-10
1.62597e+15	1.29107e-10
1.62773e+15	1.28454e-10
1.62949e+15	1.27629e-10
1.63126e+15	1.2697e-10
1.63302e+15	1.2616e-10
1.63478e+15	1.25504e-10
1.63655e+15	1.24861e-10
1.63831e+15	1.24059e-10
1.64007e+15	1.23408e-10
1.64184e+15	1.22769e-10
1.6436e+15	1.21975e-10
1.64536e+15	1.2134e-10
1.64713e+15	1.20707e-10
1.64889e+15	1.20075e-10
1.65065e+15	1.1929e-10
1.65242e+15	1.18662e-10
1.65418e+15	1.18035e-10
1.65594e+15	1.17257e-10
1.65771e+15	1.16635e-10
1.65947e+15	1.16024e-10
1.66124e+15	1.15405e-10
1.663e+15	1.14636e-10
1.66476e+15	1.14031e-10
1.66653e+15	1.13417e-10
1.66829e+15	1.12815e-10
1.67005e+15	1.12214e-10
1.67182e+15	1.11457e-10
1.67358e+15	1.10861e-10
1.67534e+15	1.10265e-10
1.67711e+15	1.09672e-10
1.67887e+15	1.0908e-10
1.68063e+15	1.0849e-10
1.6824e+15	1.07901e-10
1.68416e+15	1.07171e-10
1.68592e+15	1.06586e-10
1.68769e+15	1.06002e-10
1.68945e+15	1.0542e-10
1.69122e+15	1.0484e-10
1.69298e+15	1.04272e-10
1.69474e+15	1.03695e-10
1.69651e+15	1.03119e-10
1.69827e+15	1.02556e-10
1.70003e+15	1.01983e-10
1.7018e+15	1.01423e-10
1.70356e+15	1.00865e-10
1.70532e+15	1.00297e-10
1.70709e+15	9.97419e-11
1.70885e+15	9.91882e-11
1.71061e+15	9.86253e-11
1.71238e+15	9.8075e-11
1.71414e+15	9.75261e-11
1.7159e+15	9.69787e-11
1.71767e+15	9.6433e-11
1.71943e+15	9.58888e-11
1.7212e+15	9.53465e-11
1.72296e+15	9.48056e-11
1.72472e+15	9.42662e-11
1.72649e+15	9.37393e-11
1.72825e+15	9.32034e-11
1.73001e+15	9.26689e-11
1.73178e+15	9.2136e-11
1.73354e+15	9.16155e-11
1.7353e+15	9.10859e-11
1.73707e+15	9.05686e-11
1.73883e+15	9.00422e-11
1.74059e+15	8.9652e-11
1.74236e+15	8.91282e-11
1.74412e+15	8.8617e-11
1.74588e+15	8.81071e-11
1.74765e+15	8.75881e-11
1.74941e+15	8.70815e-11
1.75117e+15	8.65767e-11
1.75294e+15	8.61934e-11
1.7547e+15	8.56912e-11
1.75647e+15	8.51796e-11
1.75823e+15	8.46806e-11
1.75999e+15	8.41832e-11
1.76176e+15	8.36873e-11
1.76352e+15	8.331e-11
1.76528e+15	8.28277e-11
1.76705e+15	8.23361e-11
1.76881e+15	8.18461e-11
1.77057e+15	8.14726e-11
1.77234e+15	8.09853e-11
1.7741e+15	8.05106e-11
1.77586e+15	8.00264e-11
1.77763e+15	7.96569e-11
1.77939e+15	7.91862e-11
1.78115e+15	7.87066e-11
1.78292e+15	7.82392e-11
1.78468e+15	7.78734e-11
1.78645e+15	7.74086e-11
1.78821e+15	7.69349e-11
1.78997e+15	7.65829e-11
1.79174e+15	7.61224e-11
1.7935e+15	7.56527e-11
1.79526e+15	7.53036e-11
1.79703e+15	7.48475e-11
1.79879e+15	7.43929e-11
1.80055e+15	7.40465e-11
1.80232e+15	7.3584e-11
1.80408e+15	7.31337e-11
1.80584e+15	7.27902e-11
1.80761e+15	7.23426e-11
1.80937e+15	7.18967e-11
1.81113e+15	7.15561e-11
1.8129e+15	7.11127e-11
1.81466e+15	7.07738e-11
1.81643e+15	7.03439e-11
1.81819e+15	6.9905e-11
1.81995e+15	6.9569e-11
1.82172e+15	6.91327e-11
1.82348e+15	6.87984e-11
1.82524e+15	6.83756e-11
1.82701e+15	6.80432e-11
1.82877e+15	6.76122e-11
1.83053e+15	6.71935e-11
1.8323e+15	6.68641e-11
1.83406e+15	6.6448e-11
1.83582e+15	6.61204e-11
1.83759e+15	6.5707e-11
1.83935e+15	6.53813e-11
1.84111e+15	6.49705e-11
1.84288e+15	6.46465e-11
1.84464e+15	6.42384e-11
1.84641e+15	6.3927e-11
1.84817e+15	6.3511e-11
1.84993e+15	6.32012e-11
1.8517e+15	6.27984e-11
1.85346e+15	6.24905e-11
1.85522e+15	6.20799e-11
1.85699e+15	6.17738e-11
1.85875e+15	6.14684e-11
1.86051e+15	6.10721e-11
1.86228e+15	6.07686e-11
1.86404e+15	6.03739e-11
1.8658e+15	6.00721e-11
1.86757e+15	5.96811e-11
1.86933e+15	5.93823e-11
1.87109e+15	5.89939e-11
1.87286e+15	5.86969e-11
1.87462e+15	5.84006e-11
1.87638e+15	5.80182e-11
1.87815e+15	5.77236e-11
1.87991e+15	5.73437e-11
1.88168e+15	5.70521e-11
1.88344e+15	5.67625e-11
1.8852e+15	5.63873e-11
1.88697e+15	5.60993e-11
1.88873e+15	5.58121e-11
1.89049e+15	5.54407e-11
1.89226e+15	5.51564e-11
1.89402e+15	5.48728e-11
1.89578e+15	5.4506e-11
1.89755e+15	5.42253e-11
1.89931e+15	5.39443e-11
1.90107e+15	5.35834e-11
1.90284e+15	5.33053e-11
1.9046e+15	5.30278e-11
1.90636e+15	5.26707e-11
1.90813e+15	5.23961e-11
1.90989e+15	5.21223e-11
1.91166e+15	5.17698e-11
1.91342e+15	5.14978e-11
1.91518e+15	5.12276e-11
1.91695e+15	5.08788e-11
1.91871e+15	5.06114e-11
1.92047e+15	5.03438e-11
1.92224e+15	5.0078e-11
1.924e+15	4.97348e-11
1.92576e+15	4.94718e-11
1.92753e+15	4.92085e-11
1.92929e+15	4.89471e-11
1.93105e+15	4.86097e-11
1.93282e+15	4.83499e-11
1.93458e+15	4.80909e-11
1.93634e+15	4.78339e-11
1.93811e+15	4.75022e-11
1.93987e+15	4.72468e-11
1.94164e+15	4.69921e-11
1.9434e+15	4.67394e-11
1.94516e+15	4.64872e-11
1.94693e+15	4.61613e-11
1.94869e+15	4.5912e-11
1.95045e+15	4.56624e-11
1.95222e+15	4.54136e-11
1.95398e+15	4.51665e-11
1.95574e+15	4.48483e-11
1.95751e+15	4.46031e-11
1.95927e+15	4.43596e-11
1.96103e+15	4.41158e-11
1.9628e+15	4.38737e-11
1.96456e+15	4.36324e-11
1.96632e+15	4.3322e-11
1.96809e+15	4.30835e-11
1.96985e+15	4.28447e-11
1.97161e+15	4.26077e-11
1.97338e+15	4.23715e-11
1.97514e+15	4.2136e-11
1.97691e+15	4.19011e-11
1.97867e+15	4.16681e-11
1.98043e+15	4.13684e-11
1.9822e+15	4.11361e-11
1.98396e+15	4.09056e-11
1.98572e+15	4.06767e-11
1.98749e+15	4.04477e-11
1.98925e+15	4.02204e-11
1.99101e+15	3.99938e-11
1.99278e+15	3.97679e-11
1.99454e+15	3.95428e-11
1.9963e+15	3.92537e-11
1.99807e+15	3.90314e-11
1.99983e+15	3.88098e-11
2.00159e+15	3.85878e-11
2.00336e+15	3.83676e-11
2.00512e+15	3.81492e-11
2.00689e+15	3.79305e-11
2.00865e+15	3.77135e-11
2.01041e+15	3.74972e-11
2.01218e+15	3.72817e-11
2.01394e+15	3.70669e-11
2.0157e+15	3.68528e-11
2.01747e+15	3.66394e-11
2.01923e+15	3.64278e-11
2.02099e+15	3.62168e-11
2.02276e+15	3.60067e-11
2.02452e+15	3.57972e-11
2.02628e+15	3.55884e-11
2.02805e+15	3.53813e-11
2.02981e+15	3.5174e-11
2.03157e+15	3.49684e-11
2.03334e+15	3.47635e-11
2.0351e+15	3.45594e-11
2.03687e+15	3.43558e-11
2.03863e+15	3.41541e-11
2.04039e+15	3.3952e-11
2.04216e+15	3.37518e-11
2.04392e+15	3.35521e-11
2.04568e+15	3.33532e-11
2.04745e+15	3.3155e-11
2.04921e+15	3.29574e-11
2.05097e+15	3.27616e-11
2.05274e+15	3.25656e-11
2.0545e+15	3.23712e-11
2.05626e+15	3.21775e-11
2.05803e+15	3.19845e-11
2.05979e+15	3.17922e-11
2.06155e+15	3.16016e-11
2.06332e+15	3.14107e-11
2.06508e+15	3.12215e-11
2.06684e+15	3.1033e-11
2.06861e+15	3.08452e-11
2.07037e+15	3.06581e-11
2.07214e+15	3.04717e-11
2.0739e+15	3.02869e-11
2.07566e+15	3.01019e-11
2.07743e+15	2.99186e-11
2.07919e+15	2.97349e-11
2.08095e+15	2.96045e-11
2.08272e+15	2.9423e-11
2.08448e+15	2.92431e-11
2.08624e+15	2.90629e-11
2.08801e+15	2.88834e-11
2.08977e+15	2.87056e-11
2.09153e+15	2.85285e-11
2.0933e+15	2.83511e-11
2.09506e+15	2.81752e-11
2.09682e+15	2.80011e-11
2.09859e+15	2.78267e-11
2.10035e+15	2.77019e-11
2.10212e+15	2.75295e-11
2.10388e+15	2.73569e-11
2.10564e+15	2.71859e-11
2.10741e+15	2.70155e-11
2.10917e+15	2.68459e-11
2.11093e+15	2.66769e-11
2.1127e+15	2.65086e-11
2.11446e+15	2.6389e-11
2.11622e+15	2.62218e-11
2.11799e+15	2.60562e-11
2.11975e+15	2.58913e-11
2.12151e+15	2.57261e-11
2.12328e+15	2.55625e-11
2.12504e+15	2.54005e-11
2.1268e+15	2.52382e-11
2.12857e+15	2.51218e-11
2.13033e+15	2.49616e-11
2.1321e+15	2.4801e-11
2.13386e+15	2.4642e-11
2.13562e+15	2.44837e-11
2.13739e+15	2.43261e-11
2.13915e+15	2.42131e-11
2.14091e+15	2.40565e-11
2.14268e+15	2.39006e-11
2.14444e+15	2.37463e-11
2.1462e+15	2.35917e-11
2.14797e+15	2.34386e-11
2.14973e+15	2.32853e-11
2.15149e+15	2.3176e-11
2.15326e+15	2.30247e-11
2.15502e+15	2.2874e-11
2.15678e+15	2.27239e-11
2.15855e+15	2.25745e-11
2.16031e+15	2.24681e-11
2.16208e+15	2.23197e-11
2.16384e+15	2.21729e-11
2.1656e+15	2.20267e-11
2.16737e+15	2.18802e-11
2.16913e+15	2.17353e-11
2.17089e+15	2.16312e-11
2.17266e+15	2.14873e-11
2.17442e+15	2.13441e-11
2.17618e+15	2.12024e-11
2.17795e+15	2.10603e-11
2.17971e+15	2.09591e-11
2.18147e+15	2.08181e-11
2.18324e+15	2.06786e-11
2.185e+15	2.05398e-11
2.18676e+15	2.04016e-11
2.18853e+15	2.03022e-11
2.19029e+15	2.0165e-11
2.19205e+15	2.00284e-11
2.19382e+15	1.98924e-11
2.19558e+15	1.97579e-11
2.19735e+15	1.96605e-11
2.19911e+15	1.9527e-11
2.20087e+15	1.93932e-11
2.20264e+15	1.9261e-11
2.2044e+15	1.91293e-11
2.20616e+15	1.90345e-11
2.20793e+15	1.89039e-11
2.20969e+15	1.87738e-11
2.21145e+15	1.86443e-11
2.21322e+15	1.85164e-11
2.21498e+15	1.84235e-11
2.21674e+15	1.82956e-11
2.21851e+15	1.81692e-11
2.22027e+15	1.80434e-11
2.22203e+15	1.79172e-11
2.2238e+15	1.78271e-11
2.22556e+15	1.77028e-11
2.22733e+15	1.75791e-11
2.22909e+15	1.7456e-11
2.23085e+15	1.73335e-11
2.23262e+15	1.7246e-11
2.23438e+15	1.71244e-11
2.23614e+15	1.70043e-11
2.23791e+15	1.68839e-11
2.23967e+15	1.67978e-11
2.24143e+15	1.66784e-11
2.2432e+15	1.65604e-11
2.24496e+15	1.64429e-11
2.24672e+15	1.63261e-11
2.24849e+15	1.62417e-11
2.25025e+15	1.61258e-11
2.25201e+15	1.60104e-11
2.25378e+15	1.58956e-11
2.25554e+15	1.57822e-11
2.25731e+15	1.56996e-11
2.25907e+15	1.55872e-11
2.26083e+15	1.54744e-11
2.2626e+15	1.5363e-11
2.26436e+15	1.52522e-11
2.26612e+15	1.51722e-11
2.26789e+15	1.50615e-11
2.26965e+15	1.49521e-11
2.27141e+15	1.48433e-11
2.27318e+15	1.47647e-11
2.27494e+15	1.46576e-11
2.2767e+15	1.45503e-11
2.27847e+15	1.44435e-11
2.28023e+15	1.4338e-11
2.28199e+15	1.42611e-11
2.28376e+15	1.41565e-11
2.28552e+15	1.40517e-11
2.28728e+15	1.39482e-11
2.28905e+15	1.38452e-11
2.29081e+15	1.37708e-11
2.29258e+15	1.36679e-11
2.29434e+15	1.35664e-11
2.2961e+15	1.34662e-11
2.29787e+15	1.33656e-11
2.29963e+15	1.32929e-11
2.30139e+15	1.31933e-11
2.30316e+15	1.30942e-11
2.30492e+15	1.29964e-11
2.30668e+15	1.28983e-11
2.30845e+15	1.28015e-11
2.31021e+15	1.27308e-11
2.31197e+15	1.26349e-11
2.31374e+15	1.25394e-11
2.3155e+15	1.24445e-11
2.31726e+15	1.23494e-11
2.31903e+15	1.22554e-11
2.32079e+15	1.21875e-11
2.32256e+15	1.20944e-11
2.32432e+15	1.20019e-11
2.32608e+15	1.19106e-11
2.32785e+15	1.1819e-11
2.32961e+15	1.1728e-11
2.33137e+15	1.16619e-11
2.33314e+15	1.15724e-11
2.3349e+15	1.14827e-11
2.33666e+15	1.13942e-11
2.33843e+15	1.13054e-11
2.34019e+15	1.12179e-11
2.34195e+15	1.11308e-11
2.34372e+15	1.10442e-11
2.34548e+15	1.09815e-11
2.34724e+15	1.0895e-11
2.34901e+15	1.08098e-11
2.35077e+15	1.07249e-11
2.35254e+15	1.06406e-11
2.3543e+15	1.05574e-11
2.35606e+15	1.0474e-11
2.35783e+15	1.03911e-11
2.35959e+15	1.03086e-11
2.36135e+15	1.02273e-11
2.36312e+15	1.01678e-11
2.36488e+15	1.00873e-11
2.36664e+15	1.00065e-11
2.36841e+15	9.92695e-12
2.37017e+15	9.84711e-12
2.37193e+15	9.76843e-12
2.3737e+15	9.69018e-12
2.37546e+15	9.61242e-12
2.37722e+15	9.53507e-12
2.37899e+15	9.4575e-12
2.38075e+15	9.38108e-12
2.38251e+15	9.30507e-12
2.38428e+15	9.23021e-12
2.38604e+15	9.1551e-12
2.38781e+15	9.08043e-12
2.38957e+15	9.00619e-12
2.39133e+15	8.93239e-12
2.3931e+15	8.8597e-12
2.39486e+15	8.78678e-12
2.39662e+15	8.71494e-12
2.39839e+15	8.64288e-12
2.40015e+15	8.57189e-12
2.40191e+15	8.50067e-12
2.40368e+15	8.43055e-12
2.40544e+15	8.36019e-12
2.4072e+15	8.2909e-12
2.40897e+15	8.22202e-12
2.41073e+15	8.15357e-12
2.41249e+15	8.08551e-12
2.41426e+15	8.0179e-12
2.41602e+15	7.93259e-12
2.41779e+15	7.86589e-12
2.41955e+15	7.79961e-12
2.42131e+15	7.73374e-12
2.42308e+15	7.66827e-12
2.42484e+15	7.6032e-12
2.4266e+15	7.53853e-12
2.42837e+15	7.47487e-12
2.43013e+15	7.411e-12
2.43189e+15	7.34813e-12
2.43366e+15	7.2682e-12
2.43542e+15	7.20623e-12
2.43718e+15	7.14405e-12
2.43895e+15	7.08286e-12
2.44071e+15	7.02145e-12
2.44247e+15	6.96102e-12
2.44424e+15	6.90097e-12
2.446e+15	6.82529e-12
2.44777e+15	6.76554e-12
2.44953e+15	6.70672e-12
2.45129e+15	6.64831e-12
2.45306e+15	6.59026e-12
2.45482e+15	6.51713e-12
2.45658e+15	6.45994e-12
2.45835e+15	6.40312e-12
2.46011e+15	6.34666e-12
2.46187e+15	6.29112e-12
2.46364e+15	6.2205e-12
2.4654e+15	6.16523e-12
2.46716e+15	6.11033e-12
2.46893e+15	6.0418e-12
2.47069e+15	5.98772e-12
2.47245e+15	5.93453e-12
2.47422e+15	5.88115e-12
2.47598e+15	5.81458e-12
2.47775e+15	5.76199e-12
2.47951e+15	5.71031e-12
2.48127e+15	5.6452e-12
2.48304e+15	5.59376e-12
2.4848e+15	5.5432e-12
2.48656e+15	5.47954e-12
2.48833e+15	5.42974e-12
2.49009e+15	5.36707e-12
2.49185e+15	5.31804e-12
2.49362e+15	5.26936e-12
2.49538e+15	5.20809e-12
2.49714e+15	5.16015e-12
2.49891e+15	5.09985e-12
2.50067e+15	5.05266e-12
2.50243e+15	4.99332e-12
2.5042e+15	4.94736e-12
2.50596e+15	4.88897e-12
2.50772e+15	4.84324e-12
2.50949e+15	4.78627e-12
2.51125e+15	4.74127e-12
2.51302e+15	4.68521e-12
2.51478e+15	4.64093e-12
2.51654e+15	4.58577e-12
2.51831e+15	4.53066e-12
2.52007e+15	4.48794e-12
2.52183e+15	4.43419e-12
2.5236e+15	4.38047e-12
2.52536e+15	4.33883e-12
2.52712e+15	4.28644e-12
2.52889e+15	4.23455e-12
2.53065e+15	4.18314e-12
2.53241e+15	4.14292e-12
2.53418e+15	4.09236e-12
2.53594e+15	4.04228e-12
2.5377e+15	3.99267e-12
2.53947e+15	3.94353e-12
2.54123e+15	3.89486e-12
2.543e+15	3.85718e-12
2.54476e+15	3.80933e-12
2.54652e+15	3.76193e-12
2.54829e+15	3.71499e-12
2.55005e+15	3.6689e-12
2.55181e+15	3.62285e-12
2.55358e+15	3.57764e-12
2.55534e+15	3.53286e-12
2.5571e+15	3.4787e-12
2.55887e+15	3.4348e-12
2.56063e+15	3.39132e-12
2.56239e+15	3.34828e-12
2.56416e+15	3.30565e-12
2.56592e+15	3.26345e-12
2.56768e+15	3.22167e-12
2.56945e+15	3.1803e-12
2.57121e+15	3.13934e-12
2.57298e+15	3.09879e-12
2.57474e+15	3.05865e-12
2.5765e+15	3.01891e-12
2.57827e+15	2.97957e-12
2.58003e+15	2.94097e-12
2.58179e+15	2.90242e-12
2.58356e+15	2.86426e-12
2.58532e+15	2.8265e-12
2.58708e+15	2.78912e-12
2.58885e+15	2.75213e-12
2.59061e+15	2.71551e-12
2.59237e+15	2.67959e-12
2.59414e+15	2.64373e-12
2.5959e+15	2.60825e-12
2.59766e+15	2.57313e-12
2.59943e+15	2.54594e-12
2.60119e+15	2.51147e-12
2.60295e+15	2.47737e-12
2.60472e+15	2.44392e-12
2.60648e+15	2.41054e-12
2.60825e+15	2.37751e-12
2.61001e+15	2.34512e-12
2.61177e+15	2.31279e-12
2.61354e+15	2.28081e-12
2.6153e+15	2.25602e-12
2.61706e+15	2.22465e-12
2.61883e+15	2.19389e-12
2.62059e+15	2.1632e-12
2.62235e+15	2.13284e-12
2.62412e+15	2.10307e-12
2.62588e+15	2.07337e-12
2.62764e+15	2.05035e-12
2.62941e+15	2.02123e-12
2.63117e+15	1.99269e-12
2.63293e+15	1.96421e-12
2.6347e+15	1.9363e-12
2.63646e+15	1.91446e-12
2.63823e+15	1.88686e-12
2.63999e+15	1.85981e-12
2.64175e+15	1.83282e-12
2.64352e+15	1.80638e-12
2.64528e+15	1.78568e-12
2.64704e+15	1.75954e-12
2.64881e+15	1.73393e-12
2.65057e+15	1.7086e-12
2.65233e+15	1.68856e-12
2.6541e+15	1.66376e-12
2.65586e+15	1.63924e-12
2.65762e+15	1.615e-12
2.65939e+15	1.59582e-12
2.66115e+15	1.57209e-12
2.66291e+15	1.54863e-12
2.66468e+15	1.53027e-12
2.66644e+15	1.5071e-12
2.66821e+15	1.48441e-12
2.66997e+15	1.46664e-12
2.67173e+15	1.44442e-12
2.6735e+15	1.42247e-12
2.67526e+15	1.40528e-12
2.67702e+15	1.38379e-12
2.67879e+15	1.36238e-12
2.68055e+15	1.34576e-12
2.68231e+15	1.32499e-12
2.68408e+15	1.30447e-12
2.68584e+15	1.2884e-12
2.6876e+15	1.26833e-12
2.68937e+15	1.24851e-12
2.69113e+15	1.23298e-12
2.69289e+15	1.21359e-12
2.69466e+15	1.1984e-12
2.69642e+15	1.17943e-12
2.69819e+15	1.16071e-12
2.69995e+15	1.14604e-12
2.70171e+15	1.12773e-12
2.70348e+15	1.11338e-12
2.70524e+15	1.09564e-12
2.707e+15	1.07797e-12
2.70877e+15	1.06412e-12
2.71053e+15	1.04685e-12
2.71229e+15	1.03331e-12
2.71406e+15	1.01643e-12
2.71582e+15	1.0032e-12
2.71758e+15	9.8686e-13
2.71935e+15	9.73932e-13
2.72111e+15	9.57824e-13
2.72287e+15	9.45194e-13
2.72464e+15	9.2946e-13
2.7264e+15	9.17261e-13
2.72816e+15	9.01894e-13
2.72993e+15	8.89845e-13
2.73169e+15	8.74973e-13
2.73346e+15	8.63206e-13
2.73522e+15	8.48558e-13
2.73698e+15	8.3707e-13
2.73875e+15	8.22898e-13
2.74051e+15	8.11683e-13
2.74227e+15	7.97851e-13
2.74404e+15	7.86905e-13
2.7458e+15	7.73288e-13
2.74756e+15	7.62724e-13
2.74933e+15	7.49439e-13
2.75109e+15	7.39132e-13
2.75285e+15	7.28822e-13
2.75462e+15	7.16004e-13
2.75638e+15	7.06059e-13
2.75814e+15	6.93559e-13
2.75991e+15	6.8386e-13
2.76167e+15	6.7416e-13
2.76344e+15	6.62213e-13
2.7652e+15	6.52797e-13
2.76696e+15	6.411e-13
2.76873e+15	6.31941e-13
2.77049e+15	6.22875e-13
2.77225e+15	6.11613e-13
2.77402e+15	6.02787e-13
2.77578e+15	5.94061e-13
2.77754e+15	5.83213e-13
2.77931e+15	5.7471e-13
2.78107e+15	5.64143e-13
2.78283e+15	5.5587e-13
2.7846e+15	5.47683e-13
2.78636e+15	5.3752e-13
2.78812e+15	5.29555e-13
2.78989e+15	5.21684e-13
2.79165e+15	5.13904e-13
2.79342e+15	5.04241e-13
2.79518e+15	4.96667e-13
2.79694e+15	4.89191e-13
2.79871e+15	4.79898e-13
2.80047e+15	4.72622e-13
2.80223e+15	4.65433e-13
2.804e+15	4.565e-13
2.80576e+15	4.49505e-13
2.80752e+15	4.42603e-13
2.80929e+15	4.35777e-13
2.81105e+15	4.27305e-13
2.81281e+15	4.20673e-13
2.81458e+15	4.14116e-13
2.81634e+15	4.07646e-13
2.8181e+15	3.99618e-13
2.81987e+15	3.93321e-13
2.82163e+15	3.87109e-13
2.82339e+15	3.80982e-13
2.82516e+15	3.74925e-13
2.82692e+15	3.67413e-13
2.82869e+15	3.61534e-13
2.83045e+15	3.55722e-13
2.83221e+15	3.49991e-13
2.83398e+15	3.44333e-13
2.83574e+15	3.37319e-13
2.8375e+15	3.31823e-13
2.83927e+15	3.26399e-13
2.84103e+15	3.21045e-13
2.84279e+15	3.15761e-13
2.84456e+15	3.09219e-13
2.84632e+15	3.04095e-13
2.84808e+15	2.99033e-13
2.84985e+15	2.94043e-13
2.85161e+15	2.8912e-13
2.85337e+15	2.84261e-13
2.85514e+15	2.79468e-13
2.8569e+15	2.73532e-13
2.85867e+15	2.68888e-13
2.86043e+15	2.64301e-13
2.86219e+15	2.59782e-13
2.86396e+15	2.55324e-13
2.86572e+15	2.50922e-13
2.86748e+15	2.46584e-13
2.86925e+15	2.42307e-13
2.87101e+15	2.38088e-13
2.87277e+15	2.33933e-13
2.87454e+15	2.28786e-13
2.8763e+15	2.24756e-13
2.87806e+15	2.20786e-13
2.87983e+15	2.16868e-13
2.88159e+15	2.1301e-13
2.88335e+15	2.09206e-13
2.88512e+15	2.05456e-13
2.88688e+15	2.0176e-13
2.88865e+15	1.98116e-13
2.89041e+15	1.94529e-13
2.89217e+15	1.9099e-13
2.89394e+15	1.87506e-13
2.8957e+15	1.84069e-13
2.89746e+15	1.80686e-13
2.89923e+15	1.77353e-13
2.90099e+15	1.74068e-13
2.90275e+15	1.70832e-13
2.90452e+15	1.67644e-13
2.90628e+15	1.64504e-13
2.90804e+15	1.61413e-13
2.90981e+15	1.58366e-13
2.91157e+15	1.55368e-13
2.91333e+15	1.52412e-13
2.9151e+15	1.49505e-13
2.91686e+15	1.46641e-13
2.91862e+15	1.43821e-13
2.92039e+15	1.41045e-13
2.92215e+15	1.38314e-13
2.92392e+15	1.35623e-13
2.92568e+15	1.32974e-13
2.92744e+15	1.30369e-13
2.92921e+15	1.27802e-13
2.93097e+15	1.25278e-13
2.93273e+15	1.22794e-13
2.9345e+15	1.20349e-13
2.93626e+15	1.17944e-13
2.93802e+15	1.16177e-13
2.93979e+15	1.13838e-13
2.94155e+15	1.11537e-13
2.94331e+15	1.09276e-13
2.94508e+15	1.07049e-13
2.94684e+15	1.0486e-13
2.9486e+15	1.02708e-13
2.95037e+15	1.0059e-13
2.95213e+15	9.85082e-14
2.9539e+15	9.64606e-14
2.95566e+15	9.49575e-14
2.95742e+15	9.29691e-14
2.95919e+15	9.10141e-14
2.96095e+15	8.90941e-14
2.96271e+15	8.72046e-14
2.96448e+15	8.53493e-14
2.96624e+15	8.35256e-14
2.968e+15	8.21853e-14
2.96977e+15	8.04159e-14
2.97153e+15	7.86771e-14
2.97329e+15	7.69686e-14
2.97506e+15	7.53764e-14
2.97682e+15	7.38089e-14
2.97858e+15	7.22676e-14
2.98035e+15	7.07538e-14
2.98211e+15	6.92654e-14
2.98388e+15	6.78006e-14
2.98564e+15	6.63622e-14
2.9874e+15	6.49484e-14
2.98917e+15	6.35588e-14
2.99093e+15	6.2193e-14
2.99269e+15	6.08508e-14
2.99446e+15	5.95335e-14
2.99622e+15	5.82375e-14
2.99798e+15	5.69981e-14
2.99975e+15	5.5748e-14
3.00151e+15	5.452e-14
3.00327e+15	5.33445e-14
3.00504e+15	5.21592e-14
3.0068e+15	5.1026e-14
3.00856e+15	4.98822e-14
3.01033e+15	4.87889e-14
3.01209e+15	4.76868e-14
3.01386e+15	4.66323e-14
3.01562e+15	4.55978e-14
3.01738e+15	4.45528e-14
3.01915e+15	4.35555e-14
3.02091e+15	4.2575e-14
3.02267e+15	4.16134e-14
3.02444e+15	4.06693e-14
3.0262e+15	3.97173e-14
3.02796e+15	3.88079e-14
3.02973e+15	3.79407e-14
3.03149e+15	3.70642e-14
3.03325e+15	3.6204e-14
3.03502e+15	3.53609e-14
3.03678e+15	3.45327e-14
3.03854e+15	3.37211e-14
3.04031e+15	3.29249e-14
3.04207e+15	3.21642e-14
3.04383e+15	3.13977e-14
3.0456e+15	3.06459e-14
3.04736e+15	2.99295e-14
3.04913e+15	2.92062e-14
3.05089e+15	2.85163e-14
3.05265e+15	2.78206e-14
3.05442e+15	2.7158e-14
3.05618e+15	2.65081e-14
3.05794e+15	2.58522e-14
3.05971e+15	2.52276e-14
3.06147e+15	2.46152e-14
3.06323e+15	2.40148e-14
3.065e+15	2.34098e-14
3.06676e+15	2.28332e-14
3.06852e+15	2.22681e-14
3.07029e+15	2.1715e-14
3.07205e+15	2.11723e-14
3.07381e+15	2.06413e-14
3.07558e+15	2.01204e-14
3.07734e+15	1.96107e-14
3.07911e+15	1.91115e-14
3.08087e+15	1.86226e-14
3.08263e+15	1.81566e-14
3.0844e+15	1.76875e-14
3.08616e+15	1.72287e-14
3.08792e+15	1.67916e-14
3.08969e+15	1.63512e-14
3.09145e+15	1.59207e-14
3.09321e+15	1.55106e-14
3.09498e+15	1.5098e-14
3.09674e+15	1.47052e-14
3.0985e+15	1.431e-14
3.10027e+15	1.39343e-14
3.10203e+15	1.35665e-14
3.10379e+15	1.31963e-14
3.10556e+15	1.28444e-14
3.10732e+15	1.25001e-14
3.10909e+15	1.21536e-14
3.11085e+15	1.18247e-14
3.11261e+15	1.15027e-14
3.11438e+15	1.11882e-14
3.11614e+15	1.08806e-14
3.1179e+15	1.05796e-14
3.11967e+15	1.02857e-14
3.12143e+15	9.99837e-15
3.12319e+15	9.7176e-15
3.12496e+15	9.44323e-15
3.12672e+15	9.17516e-15
3.12848e+15	8.92105e-15
3.13025e+15	8.66506e-15
3.13201e+15	8.41505e-15
3.13377e+15	8.17118e-15
3.13554e+15	7.93959e-15
3.1373e+15	7.70696e-15
3.13906e+15	7.48636e-15
3.14083e+15	7.26456e-15
3.14259e+15	7.05429e-15
3.14436e+15	6.84294e-15
3.14612e+15	6.64264e-15
3.14788e+15	6.44136e-15
3.14965e+15	6.25065e-15
3.15141e+15	6.06477e-15
3.15317e+15	5.87784e-15
3.15494e+15	5.701e-15
3.1567e+15	5.52849e-15
3.15846e+15	5.36005e-15
3.16023e+15	5.19598e-15
3.16199e+15	5.03131e-15
3.16375e+15	4.88004e-15
3.16552e+15	4.72357e-15
3.16728e+15	4.57552e-15
3.16904e+15	4.43566e-15
3.17081e+15	4.29499e-15
3.17257e+15	4.15797e-15
3.17434e+15	4.02467e-15
3.1761e+15	3.89471e-15
3.17786e+15	3.76832e-15
3.17963e+15	3.64528e-15
3.18139e+15	3.52903e-15
3.18315e+15	3.41239e-15
3.18492e+15	3.30223e-15
3.18668e+15	3.19173e-15
3.18844e+15	3.08426e-15
3.19021e+15	2.9828e-15
3.19197e+15	2.88121e-15
3.19373e+15	2.78523e-15
3.1955e+15	2.69198e-15
3.19726e+15	2.59844e-15
3.19902e+15	2.51031e-15
3.20079e+15	2.42463e-15
3.20255e+15	2.33874e-15
3.20432e+15	2.25787e-15
3.20608e+15	2.17929e-15
3.20784e+15	2.10303e-15
3.20961e+15	2.02887e-15
3.21137e+15	1.95469e-15
3.21313e+15	1.88484e-15
3.2149e+15	1.81914e-15
3.21666e+15	1.75128e-15
3.21842e+15	1.68749e-15
3.22019e+15	1.62747e-15
3.22195e+15	1.56739e-15
3.22371e+15	1.50913e-15
3.22548e+15	1.45264e-15
3.22724e+15	1.39789e-15
3.229e+15	1.34643e-15
3.23077e+15	1.29498e-15
3.23253e+15	1.24514e-15
3.23429e+15	1.19837e-15
3.23606e+15	1.1516e-15
3.23782e+15	1.10637e-15
3.23959e+15	1.06387e-15
3.24135e+15	1.02148e-15
3.24311e+15	9.81709e-16
3.24488e+15	9.42021e-16
3.24664e+15	9.04806e-16
3.2484e+15	8.68797e-16
3.25017e+15	8.3289e-16
3.25193e+15	7.99243e-16
3.25369e+15	7.66715e-16
3.25546e+15	7.35309e-16
3.25722e+15	7.03991e-16
3.25898e+15	6.74707e-16
3.26075e+15	6.46426e-16
3.26251e+15	6.19093e-16
3.26427e+15	5.92738e-16
3.26604e+15	5.67308e-16
3.2678e+15	5.42777e-16
3.26957e+15	5.19119e-16
3.27133e+15	4.96312e-16
3.27309e+15	4.74353e-16
3.27486e+15	4.53173e-16
3.27662e+15	4.33403e-16
3.27838e+15	4.13757e-16
3.28015e+15	3.94827e-16
3.28191e+15	3.7663e-16
3.28367e+15	3.59665e-16
3.28544e+15	3.42811e-16
3.2872e+15	3.26593e-16
3.28896e+15	3.11504e-16
3.29073e+15	2.96544e-16
3.29249e+15	2.82607e-16
3.29425e+15	2.68785e-16
3.29602e+15	2.5593e-16
3.29778e+15	2.43203e-16
3.29955e+15	2.31364e-16
3.30131e+15	2.20012e-16
3.30307e+15	2.09122e-16
3.30484e+15	1.98335e-16
3.3066e+15	1.88336e-16
3.30836e+15	1.78754e-16
3.31013e+15	1.69575e-16
3.31189e+15	1.60508e-16
3.31365e+15	1.52109e-16
3.31542e+15	1.44082e-16
3.31718e+15	1.36398e-16
3.31894e+15	1.29058e-16
3.32071e+15	1.22045e-16
3.32247e+15	1.1556e-16
3.32423e+15	1.09159e-16
3.326e+15	1.03053e-16
3.32776e+15	9.72305e-17
3.32953e+15	9.16811e-17
3.33129e+15	8.65629e-17
3.33305e+15	8.15223e-17
3.33482e+15	7.6726e-17
3.33658e+15	7.21648e-17
3.33834e+15	6.7966e-17
3.34011e+15	6.38401e-17
3.34187e+15	6.00466e-17
3.34363e+15	5.63229e-17
3.3454e+15	5.29033e-17
3.34716e+15	4.95508e-17
3.34892e+15	4.64753e-17
3.35069e+15	4.35589e-17
3.35245e+15	4.07051e-17
3.35421e+15	3.80921e-17
3.35598e+15	3.56191e-17
3.35774e+15	3.32801e-17
3.3595e+15	3.09971e-17
3.36127e+15	2.89127e-17
3.36303e+15	2.69454e-17
3.3648e+15	2.50898e-17
3.36656e+15	2.33409e-17
3.36832e+15	2.16938e-17
3.37009e+15	2.01439e-17
3.37185e+15	1.87337e-17
3.37361e+15	1.73616e-17
3.37538e+15	1.60735e-17
3.37714e+15	1.48654e-17
3.3789e+15	1.377e-17
3.38067e+15	1.27078e-17
3.38243e+15	1.17462e-17
3.38419e+15	1.08154e-17
3.38596e+15	9.97457e-18
3.38772e+15	9.1622e-18
3.38948e+15	8.42975e-18
3.39125e+15	7.72358e-18
3.39301e+15	7.08818e-18
3.39478e+15	6.49667e-18
3.39654e+15	5.94657e-18
3.3983e+15	5.43552e-18
3.40007e+15	4.96139e-18
3.40183e+15	4.52196e-18
3.40359e+15	4.11525e-18
3.40536e+15	3.73926e-18
3.40712e+15	3.40373e-18
3.40888e+15	3.08281e-18
3.41065e+15	2.78735e-18
3.41241e+15	2.52474e-18
3.41417e+15	2.27468e-18
3.41594e+15	2.05306e-18
3.4177e+15	1.84962e-18
3.41946e+15	1.6632e-18
3.42123e+15	1.49259e-18
3.42299e+15	1.33674e-18
3.42476e+15	1.19462e-18
3.42652e+15	1.06525e-18
3.42828e+15	9.51729e-19
3.43005e+15	8.44764e-19
3.43181e+15	7.51266e-19
3.43357e+15	6.66506e-19
3.43534e+15	5.87136e-19
3.4371e+15	5.18195e-19
3.43886e+15	4.56101e-19
3.44063e+15	4.02271e-19
3.44239e+15	3.52056e-19
3.44415e+15	3.07153e-19
3.44592e+15	2.68513e-19
3.44768e+15	2.32741e-19
3.44944e+15	2.01018e-19
3.45121e+15	1.73948e-19
3.45297e+15	1.49977e-19
3.45473e+15	1.2805e-19
3.4565e+15	1.09257e-19
3.45826e+15	9.27517e-20
3.46003e+15	7.83212e-20
3.46179e+15	6.58075e-20
3.46355e+15	5.49249e-20
3.46532e+15	4.55495e-20
3.46708e+15	3.7516e-20
3.46884e+15	3.06733e-20
3.47061e+15	2.48817e-20
3.47237e+15	2.0013e-20
3.47413e+15	1.59637e-20
