5.29056e+12	1.6838e+44
7.05408e+12	2.99344e+44
8.8176e+12	4.67728e+44
1.05811e+13	6.73537e+44
1.23446e+13	9.1677e+44
1.41082e+13	1.19744e+45
1.58717e+13	1.50992e+45
1.76352e+13	1.86415e+45
1.93987e+13	2.25566e+45
2.11622e+13	2.68449e+45
2.29258e+13	3.15061e+45
2.46893e+13	3.65407e+45
2.64528e+13	4.17933e+45
2.82163e+13	4.75531e+45
2.99798e+13	5.36848e+45
3.17434e+13	6.01885e+45
3.35069e+13	6.68161e+45
3.52704e+13	7.40374e+45
3.70339e+13	8.16296e+45
3.87974e+13	8.92609e+45
4.0561e+13	9.75642e+45
4.23245e+13	1.05844e+46
4.4088e+13	1.14854e+46
4.58515e+13	1.24232e+46
4.7615e+13	1.33482e+46
4.93785e+13	1.4356e+46
5.11421e+13	1.53435e+46
5.29056e+13	1.64209e+46
5.46691e+13	1.74698e+46
5.64326e+13	1.86162e+46
5.81961e+13	1.97256e+46
5.99597e+13	2.09405e+46
6.17232e+13	2.21094e+46
6.34867e+13	2.33924e+46
6.52502e+13	2.46198e+46
6.70137e+13	2.58738e+46
6.87773e+13	2.72554e+46
7.05408e+13	2.85664e+46
7.23043e+13	3.00148e+46
7.40678e+13	3.13819e+46
7.58313e+13	3.27739e+46
7.75949e+13	3.43187e+46
7.93584e+13	3.57652e+46
8.11219e+13	3.72361e+46
8.28854e+13	3.87306e+46
8.46489e+13	4.03996e+46
8.64125e+13	4.19467e+46
8.8176e+13	4.35168e+46
8.99395e+13	4.51093e+46
9.1703e+13	4.67242e+46
9.34665e+13	4.85429e+46
9.52301e+13	5.02077e+46
9.69936e+13	5.18939e+46
9.87571e+13	5.36013e+46
1.00521e+14	5.53294e+46
1.02284e+14	5.70781e+46
1.04048e+14	5.88468e+46
1.05811e+14	6.08643e+46
1.07575e+14	6.26795e+46
1.09338e+14	6.45141e+46
1.11102e+14	6.63676e+46
1.12865e+14	6.82399e+46
1.14629e+14	7.01307e+46
1.16392e+14	7.20396e+46
1.18156e+14	7.39663e+46
1.19919e+14	7.59106e+46
1.21683e+14	7.78721e+46
1.23446e+14	7.98507e+46
1.2521e+14	8.18458e+46
1.26973e+14	8.35401e+46
1.28737e+14	8.55599e+46
1.305e+14	8.75954e+46
1.32264e+14	8.96468e+46
1.34027e+14	9.17132e+46
1.35791e+14	9.37942e+46
1.37555e+14	9.58905e+46
1.39318e+14	9.80006e+46
1.41082e+14	9.9744e+46
1.42845e+14	1.01874e+47
1.44609e+14	1.04017e+47
1.46372e+14	1.06174e+47
1.48136e+14	1.08343e+47
1.49899e+14	1.10104e+47
1.51663e+14	1.1229e+47
1.53426e+14	1.14488e+47
1.5519e+14	1.16697e+47
1.56953e+14	1.18464e+47
1.58717e+14	1.20688e+47
1.6048e+14	1.22923e+47
1.62244e+14	1.24688e+47
1.64007e+14	1.26936e+47
1.65771e+14	1.29195e+47
1.67534e+14	1.30956e+47
1.69298e+14	1.33224e+47
1.71061e+14	1.35502e+47
1.72825e+14	1.37257e+47
1.74588e+14	1.39544e+47
1.76352e+14	1.41841e+47
1.78115e+14	1.43588e+47
1.79879e+14	1.45891e+47
1.81643e+14	1.47627e+47
1.83406e+14	1.49937e+47
1.8517e+14	1.51662e+47
1.86933e+14	1.53977e+47
1.88697e+14	1.56299e+47
1.9046e+14	1.58009e+47
1.92224e+14	1.60335e+47
1.93987e+14	1.62032e+47
1.95751e+14	1.64361e+47
1.97514e+14	1.66043e+47
1.99278e+14	1.68373e+47
2.01041e+14	1.7004e+47
2.02805e+14	1.71693e+47
2.04568e+14	1.7402e+47
2.06332e+14	1.75657e+47
2.08095e+14	1.77983e+47
2.09859e+14	1.79603e+47
2.11622e+14	1.81928e+47
2.13386e+14	1.83529e+47
2.15149e+14	1.85852e+47
2.16913e+14	1.87434e+47
2.18676e+14	1.89002e+47
2.2044e+14	1.91314e+47
2.22203e+14	1.92858e+47
2.23967e+14	1.94391e+47
2.25731e+14	1.96691e+47
2.27494e+14	1.98202e+47
2.29258e+14	2.00497e+47
2.31021e+14	2.01985e+47
2.32785e+14	2.03459e+47
2.34548e+14	2.05739e+47
2.36312e+14	2.07184e+47
2.38075e+14	2.08618e+47
2.39839e+14	2.10882e+47
2.41602e+14	2.1229e+47
2.43366e+14	2.13683e+47
2.45129e+14	2.15061e+47
2.46893e+14	2.17297e+47
2.48656e+14	2.18648e+47
2.5042e+14	2.19976e+47
2.52183e+14	2.22193e+47
2.53947e+14	2.23501e+47
2.5571e+14	2.24791e+47
2.57474e+14	2.26065e+47
2.59237e+14	2.28249e+47
2.61001e+14	2.29496e+47
2.62764e+14	2.30724e+47
2.64528e+14	2.31936e+47
2.66291e+14	2.34086e+47
2.68055e+14	2.35261e+47
2.69819e+14	2.36426e+47
2.71582e+14	2.37574e+47
2.73346e+14	2.38703e+47
2.75109e+14	2.40805e+47
2.76873e+14	2.41904e+47
2.78636e+14	2.42986e+47
2.804e+14	2.4405e+47
2.82163e+14	2.45096e+47
2.83927e+14	2.46124e+47
2.8569e+14	2.48161e+47
2.87454e+14	2.49158e+47
2.89217e+14	2.50137e+47
2.90981e+14	2.51098e+47
2.92744e+14	2.5204e+47
2.94508e+14	2.52965e+47
2.96271e+14	2.54933e+47
2.98035e+14	2.55827e+47
2.99798e+14	2.56701e+47
3.01562e+14	2.57557e+47
3.03325e+14	2.58394e+47
3.05089e+14	2.59213e+47
3.06852e+14	2.60014e+47
3.08616e+14	2.61899e+47
3.10379e+14	2.62668e+47
3.12143e+14	2.63419e+47
3.13906e+14	2.6415e+47
3.1567e+14	2.64865e+47
3.17434e+14	2.6556e+47
3.19197e+14	2.66237e+47
3.20961e+14	2.66895e+47
3.22724e+14	2.67535e+47
3.24488e+14	2.68157e+47
3.26251e+14	2.69913e+47
3.28015e+14	2.70502e+47
3.29778e+14	2.71073e+47
3.31542e+14	2.71625e+47
3.33305e+14	2.72161e+47
3.35069e+14	2.72677e+47
3.36832e+14	2.73176e+47
3.38596e+14	2.73657e+47
3.40359e+14	2.74118e+47
3.42123e+14	2.74563e+47
3.43886e+14	2.74989e+47
3.4565e+14	2.75397e+47
3.47413e+14	2.75789e+47
3.49177e+14	2.77366e+47
3.5094e+14	2.77725e+47
3.52704e+14	2.78066e+47
3.54467e+14	2.78389e+47
3.56231e+14	2.78694e+47
3.57994e+14	2.78982e+47
3.59758e+14	2.79252e+47
3.61522e+14	2.79505e+47
3.63285e+14	2.79742e+47
3.65049e+14	2.7996e+47
3.66812e+14	2.80162e+47
3.68576e+14	2.80346e+47
3.70339e+14	2.80513e+47
3.72103e+14	2.80664e+47
3.73866e+14	2.80798e+47
3.7563e+14	2.80914e+47
3.77393e+14	2.81013e+47
3.79157e+14	2.81097e+47
3.8092e+14	2.81165e+47
3.82684e+14	2.81214e+47
3.84447e+14	2.81249e+47
3.86211e+14	2.82532e+47
3.87974e+14	2.82536e+47
3.89738e+14	2.82523e+47
3.91501e+14	2.82494e+47
3.93265e+14	2.82451e+47
3.95028e+14	2.8239e+47
3.96792e+14	2.82313e+47
3.98555e+14	2.82222e+47
4.00319e+14	2.82115e+47
4.02082e+14	2.81991e+47
4.03846e+14	2.81853e+47
4.0561e+14	2.817e+47
4.07373e+14	2.81533e+47
4.09137e+14	2.81349e+47
4.109e+14	2.8115e+47
4.12664e+14	2.80938e+47
4.14427e+14	2.80709e+47
4.16191e+14	2.80467e+47
4.17954e+14	2.8021e+47
4.19718e+14	2.79939e+47
4.21481e+14	2.79653e+47
4.23245e+14	2.79353e+47
4.25008e+14	2.79038e+47
4.26772e+14	2.78712e+47
4.28535e+14	2.78369e+47
4.30299e+14	2.78015e+47
4.32062e+14	2.77647e+47
4.33826e+14	2.77265e+47
4.35589e+14	2.7687e+47
4.37353e+14	2.76461e+47
4.39116e+14	2.76039e+47
4.4088e+14	2.75604e+47
4.42643e+14	2.75157e+47
4.44407e+14	2.75998e+47
4.4617e+14	2.75526e+47
4.47934e+14	2.75041e+47
4.49698e+14	2.74541e+47
4.51461e+14	2.74031e+47
4.53225e+14	2.7351e+47
4.54988e+14	2.72976e+47
4.56752e+14	2.72428e+47
4.58515e+14	2.71872e+47
4.60279e+14	2.713e+47
4.62042e+14	2.70719e+47
4.63806e+14	2.70125e+47
4.65569e+14	2.69521e+47
4.67333e+14	2.68906e+47
4.69096e+14	2.68279e+47
4.7086e+14	2.67644e+47
4.72623e+14	2.66995e+47
4.74387e+14	2.66335e+47
4.7615e+14	2.65667e+47
4.77914e+14	2.64987e+47
4.79677e+14	2.64297e+47
4.81441e+14	2.63597e+47
4.83204e+14	2.6418e+47
4.84968e+14	2.63458e+47
4.86731e+14	2.62727e+47
4.88495e+14	2.61985e+47
4.90258e+14	2.61237e+47
4.92022e+14	2.60475e+47
4.93785e+14	2.59708e+47
4.95549e+14	2.58927e+47
4.97313e+14	2.58141e+47
4.99076e+14	2.57345e+47
5.0084e+14	2.5654e+47
5.02603e+14	2.55725e+47
5.04367e+14	2.54903e+47
5.0613e+14	2.54072e+47
5.07894e+14	2.53234e+47
5.09657e+14	2.53658e+47
5.11421e+14	2.52802e+47
5.13184e+14	2.51934e+47
5.14948e+14	2.51062e+47
5.16711e+14	2.50182e+47
5.18475e+14	2.49293e+47
5.20238e+14	2.48398e+47
5.22002e+14	2.47494e+47
5.23765e+14	2.46583e+47
5.25529e+14	2.45667e+47
5.27292e+14	2.44742e+47
5.29056e+14	2.45064e+47
5.30819e+14	2.44122e+47
5.32583e+14	2.43176e+47
5.34346e+14	2.42223e+47
5.3611e+14	2.41263e+47
5.37873e+14	2.40297e+47
5.39637e+14	2.39325e+47
5.41401e+14	2.38346e+47
5.43164e+14	2.37361e+47
5.44928e+14	2.37606e+47
5.46691e+14	2.36606e+47
5.48455e+14	2.35604e+47
5.50218e+14	2.34592e+47
5.51982e+14	2.33578e+47
5.53745e+14	2.32559e+47
5.55509e+14	2.31535e+47
5.57272e+14	2.31721e+47
5.59036e+14	2.30683e+47
5.60799e+14	2.2964e+47
5.62563e+14	2.28591e+47
5.64326e+14	2.27542e+47
5.6609e+14	2.26484e+47
5.67853e+14	2.25426e+47
5.69617e+14	2.25557e+47
5.7138e+14	2.24486e+47
5.73144e+14	2.23411e+47
5.74907e+14	2.22332e+47
5.76671e+14	2.21245e+47
5.78434e+14	2.20161e+47
5.80198e+14	2.20252e+47
5.81961e+14	2.19153e+47
5.83725e+14	2.18051e+47
5.85489e+14	2.16949e+47
5.87252e+14	2.15841e+47
5.89016e+14	2.159e+47
5.90779e+14	2.14781e+47
5.92543e+14	2.13662e+47
5.94306e+14	2.12541e+47
5.9607e+14	2.11416e+47
5.97833e+14	2.11443e+47
5.99597e+14	2.10309e+47
6.0136e+14	2.09173e+47
6.03124e+14	2.08034e+47
6.04887e+14	2.06893e+47
6.06651e+14	2.06892e+47
6.08414e+14	2.05742e+47
6.10178e+14	2.04594e+47
6.11941e+14	2.03441e+47
6.13705e+14	2.03416e+47
6.15468e+14	2.02258e+47
6.17232e+14	2.01099e+47
6.18995e+14	1.99938e+47
6.20759e+14	1.98775e+47
6.22522e+14	1.98722e+47
6.24286e+14	1.97553e+47
6.26049e+14	1.96382e+47
6.27813e+14	1.95214e+47
6.29577e+14	1.9514e+47
6.3134e+14	1.93965e+47
6.33104e+14	1.93115e+47
6.34867e+14	1.92155e+47
6.36631e+14	1.91302e+47
6.38394e+14	1.90443e+47
6.40158e+14	1.89584e+47
6.41921e+14	1.88615e+47
6.43685e+14	1.87752e+47
6.45448e+14	1.86886e+47
6.47212e+14	1.86022e+47
6.48975e+14	1.85151e+47
6.50739e+14	1.84278e+47
6.52502e+14	1.83406e+47
6.54266e+14	1.82529e+47
6.56029e+14	1.81653e+47
6.57793e+14	1.80772e+47
6.59556e+14	1.79892e+47
6.6132e+14	1.79011e+47
6.63083e+14	1.78231e+47
6.64847e+14	1.77346e+47
6.6661e+14	1.76459e+47
6.68374e+14	1.7557e+47
6.70137e+14	1.74782e+47
6.71901e+14	1.7389e+47
6.73664e+14	1.73103e+47
6.75428e+14	1.72208e+47
6.77192e+14	1.71311e+47
6.78955e+14	1.70518e+47
6.80719e+14	1.69619e+47
6.82482e+14	1.68823e+47
6.84246e+14	1.68026e+47
6.86009e+14	1.67127e+47
6.87773e+14	1.66326e+47
6.89536e+14	1.65524e+47
6.913e+14	1.64622e+47
6.93063e+14	1.63817e+47
6.94827e+14	1.63011e+47
6.9659e+14	1.62204e+47
6.98354e+14	1.61298e+47
7.00117e+14	1.60493e+47
7.01881e+14	1.59683e+47
7.03644e+14	1.58875e+47
7.05408e+14	1.58063e+47
7.07171e+14	1.57254e+47
7.08935e+14	1.56443e+47
7.10698e+14	1.55629e+47
7.12462e+14	1.54817e+47
7.14225e+14	1.54004e+47
7.15989e+14	1.53285e+47
7.17752e+14	1.52471e+47
7.19516e+14	1.51656e+47
7.2128e+14	1.50845e+47
7.23043e+14	1.50122e+47
7.24807e+14	1.49305e+47
7.2657e+14	1.48492e+47
7.28334e+14	1.47767e+47
7.30097e+14	1.46953e+47
7.31861e+14	1.46226e+47
7.33624e+14	1.45412e+47
7.35388e+14	1.44688e+47
7.37151e+14	1.43868e+47
7.38915e+14	1.43143e+47
7.40678e+14	1.42328e+47
7.42442e+14	1.41601e+47
7.44205e+14	1.40875e+47
7.45969e+14	1.40059e+47
7.47732e+14	1.39336e+47
7.49496e+14	1.38608e+47
7.51259e+14	1.3788e+47
7.53023e+14	1.37155e+47
7.54786e+14	1.36426e+47
7.5655e+14	1.35615e+47
7.58313e+14	1.34886e+47
7.60077e+14	1.34161e+47
7.6184e+14	1.33436e+47
7.63604e+14	1.32706e+47
7.65368e+14	1.32066e+47
7.67131e+14	1.3134e+47
7.68895e+14	1.30615e+47
7.70658e+14	1.29889e+47
7.72422e+14	1.29164e+47
7.74185e+14	1.28439e+47
7.75949e+14	1.27796e+47
7.77712e+14	1.27075e+47
7.79476e+14	1.2635e+47
7.81239e+14	1.25708e+47
7.83003e+14	1.24987e+47
7.84766e+14	1.24344e+47
7.8653e+14	1.23624e+47
7.88293e+14	1.22905e+47
7.90057e+14	1.22262e+47
7.9182e+14	1.21623e+47
7.93584e+14	1.20905e+47
7.95347e+14	1.20266e+47
7.97111e+14	1.19548e+47
7.98874e+14	1.1891e+47
8.00638e+14	1.18272e+47
8.02401e+14	1.17634e+47
8.04165e+14	1.16918e+47
8.05928e+14	1.1628e+47
8.07692e+14	1.15647e+47
8.09456e+14	1.1501e+47
8.11219e+14	1.14373e+47
8.12983e+14	1.1374e+47
8.14746e+14	1.13108e+47
8.1651e+14	1.12472e+47
8.18273e+14	1.1184e+47
8.20037e+14	1.11205e+47
8.218e+14	1.10574e+47
8.23564e+14	1.09944e+47
8.25327e+14	1.09314e+47
8.27091e+14	1.08685e+47
8.28854e+14	1.08057e+47
8.30618e+14	1.07502e+47
8.32381e+14	1.06874e+47
8.34145e+14	1.06246e+47
8.35908e+14	1.05697e+47
8.37672e+14	1.0507e+47
8.39435e+14	1.04445e+47
8.41199e+14	1.03896e+47
8.42962e+14	1.03272e+47
8.44726e+14	1.02723e+47
8.46489e+14	1.021e+47
8.48253e+14	1.01553e+47
8.50016e+14	1.00935e+47
8.5178e+14	1.00384e+47
8.53543e+14	9.98374e+46
8.55307e+14	9.9222e+46
8.57071e+14	9.86766e+46
8.58834e+14	9.81315e+46
8.60598e+14	9.75183e+46
8.62361e+14	9.69744e+46
8.64125e+14	9.64308e+46
8.65888e+14	9.58876e+46
8.67652e+14	9.53451e+46
8.69415e+14	9.48075e+46
8.71179e+14	9.42658e+46
8.72942e+14	9.37294e+46
8.74706e+14	9.3189e+46
8.76469e+14	9.26538e+46
8.78233e+14	9.21144e+46
8.79996e+14	9.15803e+46
8.8176e+14	9.10423e+46
8.83523e+14	9.05096e+46
8.85287e+14	8.99776e+46
8.8705e+14	8.94463e+46
8.88814e+14	8.89155e+46
8.90577e+14	8.84448e+46
8.92341e+14	8.79154e+46
8.94104e+14	8.73869e+46
8.95868e+14	8.69267e+46
8.97631e+14	8.63995e+46
8.99395e+14	8.58731e+46
9.01159e+14	8.54098e+46
9.02922e+14	8.48847e+46
9.04686e+14	8.4427e+46
9.06449e+14	8.39036e+46
9.08213e+14	8.3447e+46
9.09976e+14	8.2925e+46
9.1174e+14	8.24696e+46
9.13503e+14	8.20097e+46
9.15267e+14	8.1495e+46
9.1703e+14	8.10411e+46
9.18794e+14	8.0583e+46
9.20557e+14	8.00708e+46
9.22321e+14	7.96187e+46
9.24084e+14	7.91672e+46
9.25848e+14	7.87162e+46
9.27611e+14	7.82658e+46
9.29375e+14	7.7758e+46
9.31138e+14	7.7309e+46
9.32902e+14	7.68608e+46
9.34665e+14	7.64131e+46
9.36429e+14	7.59709e+46
9.38192e+14	7.55246e+46
9.39956e+14	7.50789e+46
9.41719e+14	7.46339e+46
9.43483e+14	7.41946e+46
9.45247e+14	7.38069e+46
9.4701e+14	7.33687e+46
9.48774e+14	7.29264e+46
9.50537e+14	7.24897e+46
9.52301e+14	7.2054e+46
9.54064e+14	7.1614e+46
9.55828e+14	7.12341e+46
9.57591e+14	7.08005e+46
9.59355e+14	7.03676e+46
9.61118e+14	6.99893e+46
9.62882e+14	6.95578e+46
9.64645e+14	6.91805e+46
9.66409e+14	6.87506e+46
9.68172e+14	6.83216e+46
9.69936e+14	6.79461e+46
9.71699e+14	6.75186e+46
9.73463e+14	6.71441e+46
9.75226e+14	6.67702e+46
9.7699e+14	6.635e+46
9.78753e+14	6.59773e+46
9.80517e+14	6.55538e+46
9.8228e+14	6.51873e+46
9.84044e+14	6.48163e+46
9.85807e+14	6.44002e+46
9.87571e+14	6.40306e+46
9.89335e+14	6.36666e+46
9.91098e+14	6.32979e+46
9.92862e+14	6.29351e+46
9.94625e+14	6.25726e+46
9.96389e+14	6.21567e+46
9.98152e+14	6.17957e+46
9.99916e+14	6.14355e+46
1.00168e+15	6.10758e+46
1.00344e+15	6.07168e+46
1.00521e+15	6.03585e+46
1.00697e+15	6.00008e+46
1.00873e+15	5.96438e+46
1.0105e+15	5.92875e+46
1.01226e+15	5.89318e+46
1.01402e+15	5.8624e+46
1.01579e+15	5.82696e+46
1.01755e+15	5.79209e+46
1.01931e+15	5.7568e+46
1.02108e+15	5.72157e+46
1.02284e+15	5.69153e+46
1.0246e+15	5.65644e+46
1.02637e+15	5.62142e+46
1.02813e+15	5.58698e+46
1.0299e+15	5.55716e+46
1.03166e+15	5.52235e+46
1.03342e+15	5.49262e+46
1.03519e+15	5.45794e+46
1.03695e+15	5.42386e+46
1.03871e+15	5.39429e+46
1.04048e+15	5.35984e+46
1.04224e+15	5.33038e+46
1.044e+15	5.30096e+46
1.04577e+15	5.26724e+46
1.04753e+15	5.23792e+46
1.04929e+15	5.20435e+46
1.05106e+15	5.17516e+46
1.05282e+15	5.14601e+46
1.05458e+15	5.11266e+46
1.05635e+15	5.08363e+46
1.05811e+15	5.05465e+46
1.05988e+15	5.02152e+46
1.06164e+15	4.99266e+46
1.0634e+15	4.96437e+46
1.06517e+15	4.93561e+46
1.06693e+15	4.90691e+46
1.06869e+15	4.8788e+46
1.07046e+15	4.8502e+46
1.07222e+15	4.81759e+46
1.07398e+15	4.78966e+46
1.07575e+15	4.76125e+46
1.07751e+15	4.73344e+46
1.07927e+15	4.70514e+46
1.08104e+15	4.67743e+46
1.0828e+15	4.6498e+46
1.08456e+15	4.62562e+46
1.08633e+15	4.59809e+46
1.08809e+15	4.57061e+46
1.08986e+15	4.54319e+46
1.09162e+15	4.5153e+46
1.09338e+15	4.488e+46
1.09515e+15	4.46462e+46
1.09691e+15	4.43743e+46
1.09867e+15	4.41031e+46
1.10044e+15	4.38326e+46
1.1022e+15	4.36004e+46
1.10396e+15	4.3331e+46
1.10573e+15	4.30623e+46
1.10749e+15	4.28314e+46
1.10925e+15	4.25639e+46
1.11102e+15	4.22969e+46
1.11278e+15	4.20728e+46
1.11454e+15	4.18071e+46
1.11631e+15	4.15785e+46
1.11807e+15	4.1314e+46
1.11983e+15	4.10895e+46
1.1216e+15	4.08284e+46
1.12336e+15	4.06037e+46
1.12513e+15	4.03794e+46
1.12689e+15	4.01201e+46
1.12865e+15	3.98974e+46
1.13042e+15	3.96399e+46
1.13218e+15	3.94186e+46
1.13394e+15	3.91972e+46
1.13571e+15	3.89421e+46
1.13747e+15	3.87228e+46
1.13923e+15	3.85033e+46
1.141e+15	3.82849e+46
1.14276e+15	3.80668e+46
1.14452e+15	3.78159e+46
1.14629e+15	3.75995e+46
1.14805e+15	3.73835e+46
1.14981e+15	3.71679e+46
1.15158e+15	3.69533e+46
1.15334e+15	3.67393e+46
1.15511e+15	3.65256e+46
1.15687e+15	3.63125e+46
1.15863e+15	3.61003e+46
1.1604e+15	3.58561e+46
1.16216e+15	3.56456e+46
1.16392e+15	3.54673e+46
1.16569e+15	3.52576e+46
1.16745e+15	3.50484e+46
1.16921e+15	3.48403e+46
1.17098e+15	3.46327e+46
1.17274e+15	3.44255e+46
1.1745e+15	3.42189e+46
1.17627e+15	3.40128e+46
1.17803e+15	3.38077e+46
1.17979e+15	3.3634e+46
1.18156e+15	3.34304e+46
1.18332e+15	3.32268e+46
1.18509e+15	3.30241e+46
1.18685e+15	3.28525e+46
1.18861e+15	3.26514e+46
1.19038e+15	3.24502e+46
1.19214e+15	3.22801e+46
1.1939e+15	3.20805e+46
1.19567e+15	3.18819e+46
1.19743e+15	3.17135e+46
1.19919e+15	3.15153e+46
1.20096e+15	3.13481e+46
1.20272e+15	3.11514e+46
1.20448e+15	3.0985e+46
1.20625e+15	3.07898e+46
1.20801e+15	3.0624e+46
1.20977e+15	3.04298e+46
1.21154e+15	3.02653e+46
1.2133e+15	3.00727e+46
1.21507e+15	2.9909e+46
1.21683e+15	2.97173e+46
1.21859e+15	2.95549e+46
1.22036e+15	2.93928e+46
1.22212e+15	2.92031e+46
1.22388e+15	2.90418e+46
1.22565e+15	2.88813e+46
1.22741e+15	2.86937e+46
1.22917e+15	2.8534e+46
1.23094e+15	2.83747e+46
1.2327e+15	2.81885e+46
1.23446e+15	2.80305e+46
1.23623e+15	2.78728e+46
1.23799e+15	2.77155e+46
1.23975e+15	2.75585e+46
1.24152e+15	2.74025e+46
1.24328e+15	2.72203e+46
1.24504e+15	2.70651e+46
1.24681e+15	2.69102e+46
1.24857e+15	2.67562e+46
1.25034e+15	2.6602e+46
1.2521e+15	2.64488e+46
1.25386e+15	2.62959e+46
1.25563e+15	2.61439e+46
1.25739e+15	2.59918e+46
1.25915e+15	2.58405e+46
1.26092e+15	2.56896e+46
1.26268e+15	2.55392e+46
1.26444e+15	2.53891e+46
1.26621e+15	2.52399e+46
1.26797e+15	2.50911e+46
1.26973e+15	2.49427e+46
1.2715e+15	2.47947e+46
1.27326e+15	2.46714e+46
1.27502e+15	2.45247e+46
1.27679e+15	2.43783e+46
1.27855e+15	2.42322e+46
1.28032e+15	2.40866e+46
1.28208e+15	2.39414e+46
1.28384e+15	2.38209e+46
1.28561e+15	2.36769e+46
1.28737e+15	2.35333e+46
1.28913e+15	2.33901e+46
1.2909e+15	2.32707e+46
1.29266e+15	2.31288e+46
1.29442e+15	2.29867e+46
1.29619e+15	2.28686e+46
1.29795e+15	2.27278e+46
1.29971e+15	2.26108e+46
1.30148e+15	2.24706e+46
1.30324e+15	2.23315e+46
1.305e+15	2.22153e+46
1.30677e+15	2.20769e+46
1.30853e+15	2.19612e+46
1.3103e+15	2.18235e+46
1.31206e+15	2.1709e+46
1.31382e+15	2.1572e+46
1.31559e+15	2.1458e+46
1.31735e+15	2.13223e+46
1.31911e+15	2.12094e+46
1.32088e+15	2.10745e+46
1.32264e+15	2.09621e+46
1.3244e+15	2.08279e+46
1.32617e+15	2.07161e+46
1.32793e+15	2.06045e+46
1.32969e+15	2.04726e+46
1.33146e+15	2.03615e+46
1.33322e+15	2.02513e+46
1.33498e+15	2.01204e+46
1.33675e+15	2.00102e+46
1.33851e+15	1.99014e+46
1.34027e+15	1.97716e+46
1.34204e+15	1.96628e+46
1.3438e+15	1.95547e+46
1.34557e+15	1.9447e+46
1.34733e+15	1.93186e+46
1.34909e+15	1.9212e+46
1.35086e+15	1.91051e+46
1.35262e+15	1.89984e+46
1.35438e+15	1.88925e+46
1.35615e+15	1.87864e+46
1.35791e+15	1.86613e+46
1.35967e+15	1.85563e+46
1.36144e+15	1.84515e+46
1.3632e+15	1.83476e+46
1.36496e+15	1.82433e+46
1.36673e+15	1.814e+46
1.36849e+15	1.80363e+46
1.37025e+15	1.79334e+46
1.37202e+15	1.78308e+46
1.37378e+15	1.77284e+46
1.37555e+15	1.76269e+46
1.37731e+15	1.75251e+46
1.37907e+15	1.74241e+46
1.38084e+15	1.73234e+46
1.3826e+15	1.72224e+46
1.38436e+15	1.71228e+46
1.38613e+15	1.70229e+46
1.38789e+15	1.69233e+46
1.38965e+15	1.68239e+46
1.39142e+15	1.67254e+46
1.39318e+15	1.66452e+46
1.39494e+15	1.65472e+46
1.39671e+15	1.64494e+46
1.39847e+15	1.6352e+46
1.40023e+15	1.62547e+46
1.402e+15	1.61578e+46
1.40376e+15	1.60793e+46
1.40553e+15	1.59834e+46
1.40729e+15	1.58872e+46
1.40905e+15	1.57919e+46
1.41082e+15	1.57141e+46
1.41258e+15	1.56193e+46
1.41434e+15	1.55253e+46
1.41611e+15	1.54481e+46
1.41787e+15	1.53546e+46
1.41963e+15	1.52608e+46
1.4214e+15	1.51847e+46
1.42316e+15	1.5092e+46
1.42492e+15	1.49996e+46
1.42669e+15	1.4924e+46
1.42845e+15	1.48327e+46
1.43021e+15	1.4741e+46
1.43198e+15	1.46666e+46
1.43374e+15	1.45754e+46
1.4355e+15	1.45014e+46
1.43727e+15	1.44113e+46
1.43903e+15	1.43376e+46
1.4408e+15	1.4248e+46
1.44256e+15	1.41747e+46
1.44432e+15	1.40862e+46
1.44609e+15	1.40132e+46
1.44785e+15	1.39253e+46
1.44961e+15	1.38526e+46
1.45138e+15	1.37652e+46
1.45314e+15	1.36935e+46
1.4549e+15	1.36066e+46
1.45667e+15	1.35353e+46
1.45843e+15	1.34647e+46
1.46019e+15	1.33785e+46
1.46196e+15	1.33077e+46
1.46372e+15	1.32377e+46
1.46548e+15	1.31528e+46
1.46725e+15	1.30826e+46
1.46901e+15	1.30131e+46
1.47078e+15	1.29289e+46
1.47254e+15	1.28598e+46
1.4743e+15	1.27915e+46
1.47607e+15	1.27081e+46
1.47783e+15	1.26395e+46
1.47959e+15	1.25717e+46
1.48136e+15	1.25041e+46
1.48312e+15	1.24216e+46
1.48488e+15	1.23544e+46
1.48665e+15	1.22873e+46
1.48841e+15	1.22204e+46
1.49017e+15	1.21536e+46
1.49194e+15	1.20729e+46
1.4937e+15	1.20072e+46
1.49546e+15	1.1941e+46
1.49723e+15	1.18755e+46
1.49899e+15	1.18097e+46
1.50076e+15	1.17446e+46
1.50252e+15	1.16796e+46
1.50428e+15	1.16012e+46
1.50605e+15	1.15367e+46
1.50781e+15	1.14723e+46
1.50957e+15	1.14081e+46
1.51134e+15	1.13441e+46
1.5131e+15	1.12802e+46
1.51486e+15	1.12171e+46
1.51663e+15	1.11536e+46
1.51839e+15	1.10909e+46
1.52015e+15	1.10283e+46
1.52192e+15	1.09659e+46
1.52368e+15	1.0903e+46
1.52544e+15	1.0841e+46
1.52721e+15	1.07797e+46
1.52897e+15	1.0718e+46
1.53074e+15	1.06565e+46
1.5325e+15	1.05951e+46
1.53426e+15	1.05472e+46
1.53603e+15	1.04861e+46
1.53779e+15	1.04258e+46
1.53955e+15	1.03651e+46
1.54132e+15	1.03051e+46
1.54308e+15	1.02453e+46
1.54484e+15	1.01858e+46
1.54661e+15	1.01263e+46
1.54837e+15	1.00793e+46
1.55013e+15	1.00202e+46
1.5519e+15	9.96124e+45
1.55366e+15	9.90309e+45
1.55542e+15	9.84451e+45
1.55719e+15	9.79802e+45
1.55895e+15	9.74034e+45
1.56071e+15	9.68286e+45
1.56248e+15	9.6249e+45
1.56424e+15	9.57949e+45
1.56601e+15	9.52247e+45
1.56777e+15	9.46562e+45
1.56953e+15	9.40895e+45
1.5713e+15	9.364e+45
1.57306e+15	9.30763e+45
1.57482e+15	9.25143e+45
1.57659e+15	9.20744e+45
1.57835e+15	9.15154e+45
1.58011e+15	9.09646e+45
1.58188e+15	9.05216e+45
1.58364e+15	8.99738e+45
1.5854e+15	8.95328e+45
1.58717e+15	8.8988e+45
1.58893e+15	8.84452e+45
1.59069e+15	8.80138e+45
1.59246e+15	8.74739e+45
1.59422e+15	8.70448e+45
1.59599e+15	8.6508e+45
1.59775e+15	8.60808e+45
1.59951e+15	8.55471e+45
1.60128e+15	8.50151e+45
1.60304e+15	8.45977e+45
1.6048e+15	8.40687e+45
1.60657e+15	8.36537e+45
1.60833e+15	8.31277e+45
1.61009e+15	8.27147e+45
1.61186e+15	8.21984e+45
1.61362e+15	8.17811e+45
1.61538e+15	8.1371e+45
1.61715e+15	8.08591e+45
1.61891e+15	8.04512e+45
1.62067e+15	7.99422e+45
1.62244e+15	7.95365e+45
1.6242e+15	7.90308e+45
1.62597e+15	7.86273e+45
1.62773e+15	7.8231e+45
1.62949e+15	7.77297e+45
1.63126e+15	7.73292e+45
1.63302e+15	7.68373e+45
1.63478e+15	7.6439e+45
1.63655e+15	7.60482e+45
1.63831e+15	7.55607e+45
1.64007e+15	7.51656e+45
1.64184e+15	7.47778e+45
1.6436e+15	7.42948e+45
1.64536e+15	7.39092e+45
1.64713e+15	7.35245e+45
1.64889e+15	7.3141e+45
1.65065e+15	7.26635e+45
1.65242e+15	7.22821e+45
1.65418e+15	7.19015e+45
1.65594e+15	7.14286e+45
1.65771e+15	7.10503e+45
1.65947e+15	7.06793e+45
1.66124e+15	7.03029e+45
1.663e+15	6.98358e+45
1.66476e+15	6.9468e+45
1.66653e+15	6.90947e+45
1.66829e+15	6.87288e+45
1.67005e+15	6.8364e+45
1.67182e+15	6.79038e+45
1.67358e+15	6.75412e+45
1.67534e+15	6.71794e+45
1.67711e+15	6.68187e+45
1.67887e+15	6.64589e+45
1.68063e+15	6.61e+45
1.6824e+15	6.57421e+45
1.68416e+15	6.52982e+45
1.68592e+15	6.49424e+45
1.68769e+15	6.45877e+45
1.68945e+15	6.4234e+45
1.69122e+15	6.38813e+45
1.69298e+15	6.35359e+45
1.69474e+15	6.3185e+45
1.69651e+15	6.2835e+45
1.69827e+15	6.24926e+45
1.70003e+15	6.21446e+45
1.7018e+15	6.1804e+45
1.70356e+15	6.14644e+45
1.70532e+15	6.11193e+45
1.70709e+15	6.07816e+45
1.70885e+15	6.04449e+45
1.71061e+15	6.01027e+45
1.71238e+15	5.9768e+45
1.71414e+15	5.94342e+45
1.7159e+15	5.91012e+45
1.71767e+15	5.87693e+45
1.71943e+15	5.84384e+45
1.7212e+15	5.81085e+45
1.72296e+15	5.77796e+45
1.72472e+15	5.74515e+45
1.72649e+15	5.71309e+45
1.72825e+15	5.68049e+45
1.73001e+15	5.64798e+45
1.73178e+15	5.61557e+45
1.73354e+15	5.5839e+45
1.7353e+15	5.55169e+45
1.73707e+15	5.52021e+45
1.73883e+15	5.48819e+45
1.74059e+15	5.46447e+45
1.74236e+15	5.4326e+45
1.74412e+15	5.40149e+45
1.74588e+15	5.37046e+45
1.74765e+15	5.33889e+45
1.74941e+15	5.30807e+45
1.75117e+15	5.27735e+45
1.75294e+15	5.25405e+45
1.7547e+15	5.22348e+45
1.75647e+15	5.19236e+45
1.75823e+15	5.16199e+45
1.75999e+15	5.13172e+45
1.76176e+15	5.10154e+45
1.76352e+15	5.0786e+45
1.76528e+15	5.04923e+45
1.76705e+15	5.01932e+45
1.76881e+15	4.9895e+45
1.77057e+15	4.96679e+45
1.77234e+15	4.93713e+45
1.7741e+15	4.90822e+45
1.77586e+15	4.87876e+45
1.77763e+15	4.85628e+45
1.77939e+15	4.82763e+45
1.78115e+15	4.79843e+45
1.78292e+15	4.76997e+45
1.78468e+15	4.74773e+45
1.78645e+15	4.71943e+45
1.78821e+15	4.6906e+45
1.78997e+15	4.66918e+45
1.79174e+15	4.64114e+45
1.7935e+15	4.61255e+45
1.79526e+15	4.59131e+45
1.79703e+15	4.56353e+45
1.79879e+15	4.53586e+45
1.80055e+15	4.51478e+45
1.80232e+15	4.48663e+45
1.80408e+15	4.4592e+45
1.80584e+15	4.4383e+45
1.80761e+15	4.41105e+45
1.80937e+15	4.3839e+45
1.81113e+15	4.36317e+45
1.8129e+15	4.33617e+45
1.81466e+15	4.31554e+45
1.81643e+15	4.28936e+45
1.81819e+15	4.26263e+45
1.81995e+15	4.24218e+45
1.82172e+15	4.21561e+45
1.82348e+15	4.19527e+45
1.82524e+15	4.16951e+45
1.82701e+15	4.14928e+45
1.82877e+15	4.12303e+45
1.83053e+15	4.09753e+45
1.8323e+15	4.07748e+45
1.83406e+15	4.05213e+45
1.83582e+15	4.03219e+45
1.83759e+15	4.00701e+45
1.83935e+15	3.98718e+45
1.84111e+15	3.96216e+45
1.84288e+15	3.94243e+45
1.84464e+15	3.91758e+45
1.84641e+15	3.89861e+45
1.84817e+15	3.87327e+45
1.84993e+15	3.85441e+45
1.8517e+15	3.82987e+45
1.85346e+15	3.81112e+45
1.85522e+15	3.78612e+45
1.85699e+15	3.76748e+45
1.85875e+15	3.74888e+45
1.86051e+15	3.72473e+45
1.86228e+15	3.70625e+45
1.86404e+15	3.6822e+45
1.8658e+15	3.66383e+45
1.86757e+15	3.64e+45
1.86933e+15	3.62181e+45
1.87109e+15	3.59814e+45
1.87286e+15	3.58005e+45
1.87462e+15	3.56201e+45
1.87638e+15	3.53871e+45
1.87815e+15	3.52077e+45
1.87991e+15	3.49762e+45
1.88168e+15	3.47986e+45
1.88344e+15	3.46221e+45
1.8852e+15	3.43935e+45
1.88697e+15	3.42181e+45
1.88873e+15	3.40432e+45
1.89049e+15	3.38169e+45
1.89226e+15	3.36437e+45
1.89402e+15	3.34709e+45
1.89578e+15	3.32474e+45
1.89755e+15	3.30764e+45
1.89931e+15	3.29053e+45
1.90107e+15	3.26853e+45
1.90284e+15	3.25158e+45
1.9046e+15	3.23468e+45
1.90636e+15	3.21291e+45
1.90813e+15	3.19619e+45
1.90989e+15	3.17951e+45
1.91166e+15	3.15802e+45
1.91342e+15	3.14145e+45
1.91518e+15	3.12499e+45
1.91695e+15	3.10373e+45
1.91871e+15	3.08744e+45
1.92047e+15	3.07113e+45
1.92224e+15	3.05493e+45
1.924e+15	3.03402e+45
1.92576e+15	3.01799e+45
1.92753e+15	3.00195e+45
1.92929e+15	2.98602e+45
1.93105e+15	2.96545e+45
1.93282e+15	2.94962e+45
1.93458e+15	2.93384e+45
1.93634e+15	2.91818e+45
1.93811e+15	2.89796e+45
1.93987e+15	2.8824e+45
1.94164e+15	2.86687e+45
1.9434e+15	2.85147e+45
1.94516e+15	2.8361e+45
1.94693e+15	2.81624e+45
1.94869e+15	2.80104e+45
1.95045e+15	2.78583e+45
1.95222e+15	2.77067e+45
1.95398e+15	2.75561e+45
1.95574e+15	2.73621e+45
1.95751e+15	2.72127e+45
1.95927e+15	2.70642e+45
1.96103e+15	2.69156e+45
1.9628e+15	2.67681e+45
1.96456e+15	2.6621e+45
1.96632e+15	2.64318e+45
1.96809e+15	2.62864e+45
1.96985e+15	2.61408e+45
1.97161e+15	2.59964e+45
1.97338e+15	2.58524e+45
1.97514e+15	2.57088e+45
1.97691e+15	2.55657e+45
1.97867e+15	2.54236e+45
1.98043e+15	2.52409e+45
1.9822e+15	2.50993e+45
1.98396e+15	2.49588e+45
1.98572e+15	2.48193e+45
1.98749e+15	2.46796e+45
1.98925e+15	2.45411e+45
1.99101e+15	2.44029e+45
1.99278e+15	2.42652e+45
1.99454e+15	2.4128e+45
1.9963e+15	2.39517e+45
1.99807e+15	2.38162e+45
1.99983e+15	2.36811e+45
2.00159e+15	2.35458e+45
2.00336e+15	2.34115e+45
2.00512e+15	2.32784e+45
2.00689e+15	2.3145e+45
2.00865e+15	2.30127e+45
2.01041e+15	2.28808e+45
2.01218e+15	2.27494e+45
2.01394e+15	2.26185e+45
2.0157e+15	2.24879e+45
2.01747e+15	2.23578e+45
2.01923e+15	2.22288e+45
2.02099e+15	2.21001e+45
2.02276e+15	2.1972e+45
2.02452e+15	2.18443e+45
2.02628e+15	2.1717e+45
2.02805e+15	2.15907e+45
2.02981e+15	2.14643e+45
2.03157e+15	2.13389e+45
2.03334e+15	2.1214e+45
2.0351e+15	2.10895e+45
2.03687e+15	2.09654e+45
2.03863e+15	2.08423e+45
2.04039e+15	2.07191e+45
2.04216e+15	2.0597e+45
2.04392e+15	2.04753e+45
2.04568e+15	2.0354e+45
2.04745e+15	2.02331e+45
2.04921e+15	2.01126e+45
2.05097e+15	1.99932e+45
2.05274e+15	1.98737e+45
2.0545e+15	1.97551e+45
2.05626e+15	1.9637e+45
2.05803e+15	1.95193e+45
2.05979e+15	1.9402e+45
2.06155e+15	1.92857e+45
2.06332e+15	1.91693e+45
2.06508e+15	1.9054e+45
2.06684e+15	1.8939e+45
2.06861e+15	1.88245e+45
2.07037e+15	1.87103e+45
2.07214e+15	1.85966e+45
2.0739e+15	1.8484e+45
2.07566e+15	1.83711e+45
2.07743e+15	1.82593e+45
2.07919e+15	1.81473e+45
2.08095e+15	1.80678e+45
2.08272e+15	1.7957e+45
2.08448e+15	1.78473e+45
2.08624e+15	1.77374e+45
2.08801e+15	1.7628e+45
2.08977e+15	1.75195e+45
2.09153e+15	1.74115e+45
2.0933e+15	1.73032e+45
2.09506e+15	1.7196e+45
2.09682e+15	1.70898e+45
2.09859e+15	1.69834e+45
2.10035e+15	1.69073e+45
2.10212e+15	1.68021e+45
2.10388e+15	1.66968e+45
2.10564e+15	1.65925e+45
2.10741e+15	1.64886e+45
2.10917e+15	1.63851e+45
2.11093e+15	1.6282e+45
2.1127e+15	1.61794e+45
2.11446e+15	1.61064e+45
2.11622e+15	1.60045e+45
2.11799e+15	1.59034e+45
2.11975e+15	1.58028e+45
2.12151e+15	1.5702e+45
2.12328e+15	1.56022e+45
2.12504e+15	1.55034e+45
2.1268e+15	1.54044e+45
2.12857e+15	1.53335e+45
2.13033e+15	1.52357e+45
2.1321e+15	1.51377e+45
2.13386e+15	1.50407e+45
2.13562e+15	1.49442e+45
2.13739e+15	1.4848e+45
2.13915e+15	1.47791e+45
2.14091e+15	1.46836e+45
2.14268e+15	1.45884e+45
2.14444e+15	1.44943e+45
2.1462e+15	1.44e+45
2.14797e+15	1.43066e+45
2.14973e+15	1.4213e+45
2.15149e+15	1.41464e+45
2.15326e+15	1.40541e+45
2.15502e+15	1.39621e+45
2.15678e+15	1.38706e+45
2.15855e+15	1.37794e+45
2.16031e+15	1.37145e+45
2.16208e+15	1.36239e+45
2.16384e+15	1.35344e+45
2.1656e+15	1.34452e+45
2.16737e+15	1.33558e+45
2.16913e+15	1.32674e+45
2.17089e+15	1.32039e+45
2.17266e+15	1.31161e+45
2.17442e+15	1.30287e+45
2.17618e+15	1.29422e+45
2.17795e+15	1.28556e+45
2.17971e+15	1.27938e+45
2.18147e+15	1.27078e+45
2.18324e+15	1.26227e+45
2.185e+15	1.2538e+45
2.18676e+15	1.24536e+45
2.18853e+15	1.2393e+45
2.19029e+15	1.23093e+45
2.19205e+15	1.22259e+45
2.19382e+15	1.2143e+45
2.19558e+15	1.20609e+45
2.19735e+15	1.20014e+45
2.19911e+15	1.192e+45
2.20087e+15	1.18384e+45
2.20264e+15	1.17577e+45
2.2044e+15	1.16773e+45
2.20616e+15	1.16195e+45
2.20793e+15	1.15398e+45
2.20969e+15	1.14604e+45
2.21145e+15	1.13814e+45
2.21322e+15	1.13033e+45
2.21498e+15	1.12466e+45
2.21674e+15	1.11686e+45
2.21851e+15	1.10914e+45
2.22027e+15	1.10147e+45
2.22203e+15	1.09377e+45
2.2238e+15	1.08827e+45
2.22556e+15	1.08069e+45
2.22733e+15	1.07314e+45
2.22909e+15	1.06563e+45
2.23085e+15	1.05815e+45
2.23262e+15	1.05281e+45
2.23438e+15	1.04539e+45
2.23614e+15	1.03806e+45
2.23791e+15	1.03071e+45
2.23967e+15	1.02546e+45
2.24143e+15	1.01817e+45
2.2432e+15	1.01097e+45
2.24496e+15	1.0038e+45
2.24672e+15	9.96669e+44
2.24849e+15	9.91523e+44
2.25025e+15	9.84449e+44
2.25201e+15	9.77408e+44
2.25378e+15	9.70399e+44
2.25554e+15	9.63478e+44
2.25731e+15	9.58441e+44
2.25907e+15	9.51576e+44
2.26083e+15	9.44694e+44
2.2626e+15	9.37896e+44
2.26436e+15	9.31133e+44
2.26612e+15	9.26253e+44
2.26789e+15	9.19496e+44
2.26965e+15	9.12821e+44
2.27141e+15	9.06181e+44
2.27318e+15	9.01384e+44
2.27494e+15	8.94848e+44
2.2767e+15	8.88296e+44
2.27847e+15	8.81776e+44
2.28023e+15	8.75339e+44
2.28199e+15	8.70646e+44
2.28376e+15	8.64264e+44
2.28552e+15	8.57867e+44
2.28728e+15	8.51549e+44
2.28905e+15	8.45263e+44
2.29081e+15	8.40725e+44
2.29258e+15	8.34445e+44
2.29434e+15	8.28247e+44
2.2961e+15	8.22129e+44
2.29787e+15	8.15993e+44
2.29963e+15	8.11556e+44
2.30139e+15	8.05475e+44
2.30316e+15	7.99425e+44
2.30492e+15	7.93455e+44
2.30668e+15	7.87469e+44
2.30845e+15	7.8156e+44
2.31021e+15	7.77245e+44
2.31197e+15	7.7139e+44
2.31374e+15	7.65566e+44
2.3155e+15	7.59773e+44
2.31726e+15	7.53964e+44
2.31903e+15	7.48231e+44
2.32079e+15	7.44084e+44
2.32256e+15	7.38404e+44
2.32432e+15	7.32755e+44
2.32608e+15	7.27181e+44
2.32785e+15	7.21592e+44
2.32961e+15	7.16034e+44
2.33137e+15	7.12004e+44
2.33314e+15	7.06542e+44
2.3349e+15	7.01064e+44
2.33666e+15	6.95661e+44
2.33843e+15	6.90242e+44
2.34019e+15	6.84899e+44
2.34195e+15	6.79585e+44
2.34372e+15	6.74299e+44
2.34548e+15	6.70473e+44
2.34724e+15	6.65192e+44
2.34901e+15	6.59987e+44
2.35077e+15	6.54809e+44
2.35254e+15	6.49661e+44
2.3543e+15	6.44585e+44
2.35606e+15	6.39494e+44
2.35783e+15	6.3443e+44
2.35959e+15	6.29395e+44
2.36135e+15	6.24434e+44
2.36312e+15	6.20801e+44
2.36488e+15	6.15886e+44
2.36664e+15	6.10956e+44
2.36841e+15	6.06098e+44
2.37017e+15	6.01224e+44
2.37193e+15	5.96421e+44
2.3737e+15	5.91645e+44
2.37546e+15	5.86897e+44
2.37722e+15	5.82176e+44
2.37899e+15	5.7744e+44
2.38075e+15	5.72775e+44
2.38251e+15	5.68135e+44
2.38428e+15	5.63565e+44
2.38604e+15	5.5898e+44
2.38781e+15	5.54421e+44
2.38957e+15	5.4989e+44
2.39133e+15	5.45384e+44
2.3931e+15	5.40947e+44
2.39486e+15	5.36495e+44
2.39662e+15	5.3211e+44
2.39839e+15	5.27711e+44
2.40015e+15	5.23377e+44
2.40191e+15	5.19029e+44
2.40368e+15	5.14748e+44
2.40544e+15	5.10453e+44
2.4072e+15	5.06223e+44
2.40897e+15	5.02018e+44
2.41073e+15	4.9784e+44
2.41249e+15	4.93685e+44
2.41426e+15	4.89557e+44
2.41602e+15	4.84348e+44
2.41779e+15	4.80277e+44
2.41955e+15	4.7623e+44
2.42131e+15	4.72209e+44
2.42308e+15	4.68212e+44
2.42484e+15	4.64239e+44
2.4266e+15	4.60291e+44
2.42837e+15	4.56405e+44
2.43013e+15	4.52505e+44
2.43189e+15	4.48667e+44
2.43366e+15	4.43787e+44
2.43542e+15	4.40004e+44
2.43718e+15	4.36208e+44
2.43895e+15	4.32472e+44
2.44071e+15	4.28723e+44
2.44247e+15	4.25034e+44
2.44424e+15	4.21368e+44
2.446e+15	4.16747e+44
2.44777e+15	4.13099e+44
2.44953e+15	4.09508e+44
2.45129e+15	4.05942e+44
2.45306e+15	4.02398e+44
2.45482e+15	3.97933e+44
2.45658e+15	3.94442e+44
2.45835e+15	3.90973e+44
2.46011e+15	3.87525e+44
2.46187e+15	3.84135e+44
2.46364e+15	3.79823e+44
2.4654e+15	3.76448e+44
2.46716e+15	3.73097e+44
2.46893e+15	3.68913e+44
2.47069e+15	3.65611e+44
2.47245e+15	3.62363e+44
2.47422e+15	3.59104e+44
2.47598e+15	3.55039e+44
2.47775e+15	3.51829e+44
2.47951e+15	3.48673e+44
2.48127e+15	3.44698e+44
2.48304e+15	3.41558e+44
2.4848e+15	3.3847e+44
2.48656e+15	3.34583e+44
2.48833e+15	3.31543e+44
2.49009e+15	3.27717e+44
2.49185e+15	3.24723e+44
2.49362e+15	3.21751e+44
2.49538e+15	3.1801e+44
2.49714e+15	3.15083e+44
2.49891e+15	3.11402e+44
2.50067e+15	3.0852e+44
2.50243e+15	3.04897e+44
2.5042e+15	3.02091e+44
2.50596e+15	2.98525e+44
2.50772e+15	2.95734e+44
2.50949e+15	2.92255e+44
2.51125e+15	2.89507e+44
2.51302e+15	2.86084e+44
2.51478e+15	2.83381e+44
2.51654e+15	2.80013e+44
2.51831e+15	2.76648e+44
2.52007e+15	2.7404e+44
2.52183e+15	2.70757e+44
2.5236e+15	2.67477e+44
2.52536e+15	2.64935e+44
2.52712e+15	2.61736e+44
2.52889e+15	2.58567e+44
2.53065e+15	2.55428e+44
2.53241e+15	2.52973e+44
2.53418e+15	2.49886e+44
2.53594e+15	2.46828e+44
2.5377e+15	2.43798e+44
2.53947e+15	2.40798e+44
2.54123e+15	2.37826e+44
2.543e+15	2.35526e+44
2.54476e+15	2.32604e+44
2.54652e+15	2.2971e+44
2.54829e+15	2.26844e+44
2.55005e+15	2.24029e+44
2.55181e+15	2.21217e+44
2.55358e+15	2.18457e+44
2.55534e+15	2.15722e+44
2.5571e+15	2.12415e+44
2.55887e+15	2.09735e+44
2.56063e+15	2.0708e+44
2.56239e+15	2.04451e+44
2.56416e+15	2.01849e+44
2.56592e+15	1.99272e+44
2.56768e+15	1.9672e+44
2.56945e+15	1.94194e+44
2.57121e+15	1.91693e+44
2.57298e+15	1.89217e+44
2.57474e+15	1.86766e+44
2.5765e+15	1.8434e+44
2.57827e+15	1.81938e+44
2.58003e+15	1.7958e+44
2.58179e+15	1.77227e+44
2.58356e+15	1.74897e+44
2.58532e+15	1.72591e+44
2.58708e+15	1.70308e+44
2.58885e+15	1.6805e+44
2.59061e+15	1.65814e+44
2.59237e+15	1.63621e+44
2.59414e+15	1.61431e+44
2.5959e+15	1.59264e+44
2.59766e+15	1.5712e+44
2.59943e+15	1.55459e+44
2.60119e+15	1.53355e+44
2.60295e+15	1.51272e+44
2.60472e+15	1.4923e+44
2.60648e+15	1.47192e+44
2.60825e+15	1.45175e+44
2.61001e+15	1.43197e+44
2.61177e+15	1.41223e+44
2.61354e+15	1.3927e+44
2.6153e+15	1.37757e+44
2.61706e+15	1.35841e+44
2.61883e+15	1.33963e+44
2.62059e+15	1.32089e+44
2.62235e+15	1.30235e+44
2.62412e+15	1.28417e+44
2.62588e+15	1.26604e+44
2.62764e+15	1.25198e+44
2.62941e+15	1.2342e+44
2.63117e+15	1.21677e+44
2.63293e+15	1.19938e+44
2.6347e+15	1.18234e+44
2.63646e+15	1.169e+44
2.63823e+15	1.15215e+44
2.63999e+15	1.13563e+44
2.64175e+15	1.11915e+44
2.64352e+15	1.103e+44
2.64528e+15	1.09037e+44
2.64704e+15	1.07441e+44
2.64881e+15	1.05877e+44
2.65057e+15	1.0433e+44
2.65233e+15	1.03107e+44
2.6541e+15	1.01592e+44
2.65586e+15	1.00095e+44
2.65762e+15	9.86148e+43
2.65939e+15	9.74435e+43
2.66115e+15	9.59943e+43
2.66291e+15	9.45621e+43
2.66468e+15	9.34407e+43
2.66644e+15	9.2026e+43
2.66821e+15	9.06403e+43
2.66997e+15	8.95552e+43
2.67173e+15	8.81987e+43
2.6735e+15	8.68583e+43
2.67526e+15	8.58086e+43
2.67702e+15	8.44967e+43
2.67879e+15	8.31893e+43
2.68055e+15	8.21742e+43
2.68231e+15	8.09061e+43
2.68408e+15	7.96534e+43
2.68584e+15	7.8672e+43
2.6876e+15	7.74465e+43
2.68937e+15	7.6236e+43
2.69113e+15	7.52876e+43
2.69289e+15	7.41037e+43
2.69466e+15	7.3176e+43
2.69642e+15	7.20182e+43
2.69819e+15	7.08748e+43
2.69995e+15	6.99788e+43
2.70171e+15	6.8861e+43
2.70348e+15	6.79849e+43
2.70524e+15	6.69016e+43
2.707e+15	6.58226e+43
2.70877e+15	6.49768e+43
2.71053e+15	6.39223e+43
2.71229e+15	6.30956e+43
2.71406e+15	6.20651e+43
2.71582e+15	6.12573e+43
2.71758e+15	6.02593e+43
2.71935e+15	5.94699e+43
2.72111e+15	5.84863e+43
2.72287e+15	5.77151e+43
2.72464e+15	5.67544e+43
2.7264e+15	5.60094e+43
2.72816e+15	5.50711e+43
2.72993e+15	5.43354e+43
2.73169e+15	5.34273e+43
2.73346e+15	5.27088e+43
2.73522e+15	5.18143e+43
2.73698e+15	5.11129e+43
2.73875e+15	5.02475e+43
2.74051e+15	4.95627e+43
2.74227e+15	4.87181e+43
2.74404e+15	4.80497e+43
2.7458e+15	4.72182e+43
2.74756e+15	4.65732e+43
2.74933e+15	4.57619e+43
2.75109e+15	4.51325e+43
2.75285e+15	4.4503e+43
2.75462e+15	4.37204e+43
2.75638e+15	4.31131e+43
2.75814e+15	4.23498e+43
2.75991e+15	4.17576e+43
2.76167e+15	4.11653e+43
2.76344e+15	4.04358e+43
2.7652e+15	3.98608e+43
2.76696e+15	3.91465e+43
2.76873e+15	3.85873e+43
2.77049e+15	3.80337e+43
2.77225e+15	3.7346e+43
2.77402e+15	3.68071e+43
2.77578e+15	3.62743e+43
2.77754e+15	3.56119e+43
2.77931e+15	3.50927e+43
2.78107e+15	3.44474e+43
2.78283e+15	3.39423e+43
2.7846e+15	3.34423e+43
2.78636e+15	3.28218e+43
2.78812e+15	3.23354e+43
2.78989e+15	3.18548e+43
2.79165e+15	3.13798e+43
2.79342e+15	3.07897e+43
2.79518e+15	3.03272e+43
2.79694e+15	2.98708e+43
2.79871e+15	2.93033e+43
2.80047e+15	2.8859e+43
2.80223e+15	2.84201e+43
2.804e+15	2.78745e+43
2.80576e+15	2.74475e+43
2.80752e+15	2.7026e+43
2.80929e+15	2.66092e+43
2.81105e+15	2.60919e+43
2.81281e+15	2.56869e+43
2.81458e+15	2.52865e+43
2.81634e+15	2.48915e+43
2.8181e+15	2.44013e+43
2.81987e+15	2.40168e+43
2.82163e+15	2.36375e+43
2.82339e+15	2.32633e+43
2.82516e+15	2.28934e+43
2.82692e+15	2.24348e+43
2.82869e+15	2.20758e+43
2.83045e+15	2.17209e+43
2.83221e+15	2.13709e+43
2.83398e+15	2.10255e+43
2.83574e+15	2.05971e+43
2.8375e+15	2.02616e+43
2.83927e+15	1.99304e+43
2.84103e+15	1.96035e+43
2.84279e+15	1.92808e+43
2.84456e+15	1.88814e+43
2.84632e+15	1.85685e+43
2.84808e+15	1.82594e+43
2.84985e+15	1.79547e+43
2.85161e+15	1.76541e+43
2.85337e+15	1.73574e+43
2.85514e+15	1.70647e+43
2.8569e+15	1.67023e+43
2.85867e+15	1.64187e+43
2.86043e+15	1.61386e+43
2.86219e+15	1.58626e+43
2.86396e+15	1.55904e+43
2.86572e+15	1.53216e+43
2.86748e+15	1.50568e+43
2.86925e+15	1.47956e+43
2.87101e+15	1.4538e+43
2.87277e+15	1.42842e+43
2.87454e+15	1.397e+43
2.8763e+15	1.37239e+43
2.87806e+15	1.34815e+43
2.87983e+15	1.32422e+43
2.88159e+15	1.30066e+43
2.88335e+15	1.27744e+43
2.88512e+15	1.25454e+43
2.88688e+15	1.23197e+43
2.88865e+15	1.20972e+43
2.89041e+15	1.18782e+43
2.89217e+15	1.16621e+43
2.89394e+15	1.14494e+43
2.8957e+15	1.12395e+43
2.89746e+15	1.10329e+43
2.89923e+15	1.08294e+43
2.90099e+15	1.06288e+43
2.90275e+15	1.04312e+43
2.90452e+15	1.02366e+43
2.90628e+15	1.00448e+43
2.90804e+15	9.85609e+42
2.90981e+15	9.67003e+42
2.91157e+15	9.48697e+42
2.91333e+15	9.30647e+42
2.9151e+15	9.12892e+42
2.91686e+15	8.95407e+42
2.91862e+15	8.78189e+42
2.92039e+15	8.61237e+42
2.92215e+15	8.44564e+42
2.92392e+15	8.28131e+42
2.92568e+15	8.11953e+42
2.92744e+15	7.96046e+42
2.92921e+15	7.80371e+42
2.93097e+15	7.6496e+42
2.93273e+15	7.49792e+42
2.9345e+15	7.34865e+42
2.93626e+15	7.20175e+42
2.93802e+15	7.09392e+42
2.93979e+15	6.9511e+42
2.94155e+15	6.81058e+42
2.94331e+15	6.67249e+42
2.94508e+15	6.53649e+42
2.94684e+15	6.40287e+42
2.9486e+15	6.27143e+42
2.95037e+15	6.14215e+42
2.95213e+15	6.01501e+42
2.9539e+15	5.88998e+42
2.95566e+15	5.7982e+42
2.95742e+15	5.67678e+42
2.95919e+15	5.5574e+42
2.96095e+15	5.44017e+42
2.96271e+15	5.32479e+42
2.96448e+15	5.2115e+42
2.96624e+15	5.10015e+42
2.968e+15	5.01831e+42
2.96977e+15	4.91027e+42
2.97153e+15	4.8041e+42
2.97329e+15	4.69977e+42
2.97506e+15	4.60255e+42
2.97682e+15	4.50683e+42
2.97858e+15	4.41272e+42
2.98035e+15	4.32028e+42
2.98211e+15	4.2294e+42
2.98388e+15	4.13996e+42
2.98564e+15	4.05213e+42
2.9874e+15	3.9658e+42
2.98917e+15	3.88095e+42
2.99093e+15	3.79755e+42
2.99269e+15	3.7156e+42
2.99446e+15	3.63516e+42
2.99622e+15	3.55603e+42
2.99798e+15	3.48035e+42
2.99975e+15	3.40402e+42
3.00151e+15	3.32903e+42
3.00327e+15	3.25725e+42
3.00504e+15	3.18488e+42
3.0068e+15	3.11568e+42
3.00856e+15	3.04584e+42
3.01033e+15	2.97908e+42
3.01209e+15	2.91179e+42
3.01386e+15	2.8474e+42
3.01562e+15	2.78423e+42
3.01738e+15	2.72042e+42
3.01915e+15	2.65952e+42
3.02091e+15	2.59965e+42
3.02267e+15	2.54094e+42
3.02444e+15	2.48329e+42
3.0262e+15	2.42516e+42
3.02796e+15	2.36963e+42
3.02973e+15	2.31668e+42
3.03149e+15	2.26316e+42
3.03325e+15	2.21064e+42
3.03502e+15	2.15915e+42
3.03678e+15	2.10858e+42
3.03854e+15	2.05902e+42
3.04031e+15	2.01041e+42
3.04207e+15	1.96396e+42
3.04383e+15	1.91715e+42
3.0456e+15	1.87125e+42
3.04736e+15	1.82751e+42
3.04913e+15	1.78334e+42
3.05089e+15	1.74122e+42
3.05265e+15	1.69874e+42
3.05442e+15	1.65827e+42
3.05618e+15	1.61859e+42
3.05794e+15	1.57854e+42
3.05971e+15	1.5404e+42
3.06147e+15	1.50301e+42
3.06323e+15	1.46635e+42
3.065e+15	1.42941e+42
3.06676e+15	1.3942e+42
3.06852e+15	1.35969e+42
3.07029e+15	1.32592e+42
3.07205e+15	1.29278e+42
3.07381e+15	1.26036e+42
3.07558e+15	1.22855e+42
3.07734e+15	1.19743e+42
3.07911e+15	1.16695e+42
3.08087e+15	1.13709e+42
3.08263e+15	1.10864e+42
3.0844e+15	1.08e+42
3.08616e+15	1.05198e+42
3.08792e+15	1.02529e+42
3.08969e+15	9.98404e+41
3.09145e+15	9.72115e+41
3.09321e+15	9.47075e+41
3.09498e+15	9.21884e+41
3.09674e+15	8.97895e+41
3.0985e+15	8.73768e+41
3.10027e+15	8.50823e+41
3.10203e+15	8.28367e+41
3.10379e+15	8.05763e+41
3.10556e+15	7.84274e+41
3.10732e+15	7.6325e+41
3.10909e+15	7.42095e+41
3.11085e+15	7.22014e+41
3.11261e+15	7.02352e+41
3.11438e+15	6.83146e+41
3.11614e+15	6.64367e+41
3.1179e+15	6.45986e+41
3.11967e+15	6.28038e+41
3.12143e+15	6.10496e+41
3.12319e+15	5.93352e+41
3.12496e+15	5.76599e+41
3.12672e+15	5.6023e+41
3.12848e+15	5.44714e+41
3.13025e+15	5.29084e+41
3.13201e+15	5.13818e+41
3.13377e+15	4.98927e+41
3.13554e+15	4.84786e+41
3.1373e+15	4.70582e+41
3.13906e+15	4.57112e+41
3.14083e+15	4.43569e+41
3.14259e+15	4.3073e+41
3.14436e+15	4.17825e+41
3.14612e+15	4.05594e+41
3.14788e+15	3.93305e+41
3.14965e+15	3.8166e+41
3.15141e+15	3.70309e+41
3.15317e+15	3.58895e+41
3.15494e+15	3.48097e+41
3.1567e+15	3.37564e+41
3.15846e+15	3.27279e+41
3.16023e+15	3.17261e+41
3.16199e+15	3.07207e+41
3.16375e+15	2.9797e+41
3.16552e+15	2.88416e+41
3.16728e+15	2.79376e+41
3.16904e+15	2.70836e+41
3.17081e+15	2.62247e+41
3.17257e+15	2.53881e+41
3.17434e+15	2.45741e+41
3.1761e+15	2.37806e+41
3.17786e+15	2.30089e+41
3.17963e+15	2.22576e+41
3.18139e+15	2.15478e+41
3.18315e+15	2.08356e+41
3.18492e+15	2.01629e+41
3.18668e+15	1.94882e+41
3.18844e+15	1.8832e+41
3.19021e+15	1.82125e+41
3.19197e+15	1.75922e+41
3.19373e+15	1.70062e+41
3.1955e+15	1.64368e+41
3.19726e+15	1.58656e+41
3.19902e+15	1.53275e+41
3.20079e+15	1.48044e+41
3.20255e+15	1.42799e+41
3.20432e+15	1.37861e+41
3.20608e+15	1.33063e+41
3.20784e+15	1.28407e+41
3.20961e+15	1.23879e+41
3.21137e+15	1.1935e+41
3.21313e+15	1.15084e+41
3.2149e+15	1.11073e+41
3.21666e+15	1.0693e+41
3.21842e+15	1.03035e+41
3.22019e+15	9.93699e+40
3.22195e+15	9.57014e+40
3.22371e+15	9.2144e+40
3.22548e+15	8.8695e+40
3.22724e+15	8.5352e+40
3.229e+15	8.22098e+40
3.23077e+15	7.90681e+40
3.23253e+15	7.60249e+40
3.23429e+15	7.31696e+40
3.23606e+15	7.03135e+40
3.23782e+15	6.75519e+40
3.23959e+15	6.49569e+40
3.24135e+15	6.23687e+40
3.24311e+15	5.99405e+40
3.24488e+15	5.75172e+40
3.24664e+15	5.52448e+40
3.2484e+15	5.30462e+40
3.25017e+15	5.08537e+40
3.25193e+15	4.87993e+40
3.25369e+15	4.68132e+40
3.25546e+15	4.48956e+40
3.25722e+15	4.29834e+40
3.25898e+15	4.11954e+40
3.26075e+15	3.94686e+40
3.26251e+15	3.77997e+40
3.26427e+15	3.61906e+40
3.26604e+15	3.46379e+40
3.2678e+15	3.314e+40
3.26957e+15	3.16956e+40
3.27133e+15	3.0303e+40
3.27309e+15	2.89622e+40
3.27486e+15	2.76691e+40
3.27662e+15	2.6462e+40
3.27838e+15	2.52624e+40
3.28015e+15	2.41066e+40
3.28191e+15	2.29955e+40
3.28367e+15	2.19597e+40
3.28544e+15	2.09306e+40
3.2872e+15	1.99404e+40
3.28896e+15	1.90191e+40
3.29073e+15	1.81057e+40
3.29249e+15	1.72547e+40
3.29425e+15	1.64108e+40
3.29602e+15	1.56259e+40
3.29778e+15	1.48488e+40
3.29955e+15	1.4126e+40
3.30131e+15	1.34329e+40
3.30307e+15	1.27679e+40
3.30484e+15	1.21093e+40
3.3066e+15	1.14988e+40
3.30836e+15	1.09138e+40
3.31013e+15	1.03534e+40
3.31189e+15	9.79981e+39
3.31365e+15	9.287e+39
3.31542e+15	8.79688e+39
3.31718e+15	8.32775e+39
3.31894e+15	7.87956e+39
3.32071e+15	7.45136e+39
3.32247e+15	7.05546e+39
3.32423e+15	6.66464e+39
3.326e+15	6.29182e+39
3.32776e+15	5.93633e+39
3.32953e+15	5.59751e+39
3.33129e+15	5.28501e+39
3.33305e+15	4.97726e+39
3.33482e+15	4.68441e+39
3.33658e+15	4.40591e+39
3.33834e+15	4.14955e+39
3.34011e+15	3.89765e+39
3.34187e+15	3.66604e+39
3.34363e+15	3.43868e+39
3.3454e+15	3.2299e+39
3.34716e+15	3.02522e+39
3.34892e+15	2.83745e+39
3.35069e+15	2.65939e+39
3.35245e+15	2.48515e+39
3.35421e+15	2.32562e+39
3.35598e+15	2.17463e+39
3.35774e+15	2.03183e+39
3.3595e+15	1.89244e+39
3.36127e+15	1.76518e+39
3.36303e+15	1.64507e+39
3.3648e+15	1.53178e+39
3.36656e+15	1.425e+39
3.36832e+15	1.32444e+39
3.37009e+15	1.22982e+39
3.37185e+15	1.14372e+39
3.37361e+15	1.05995e+39
3.37538e+15	9.81309e+38
3.37714e+15	9.07552e+38
3.3789e+15	8.40676e+38
3.38067e+15	7.75816e+38
3.38243e+15	7.17111e+38
3.38419e+15	6.60286e+38
3.38596e+15	6.08949e+38
3.38772e+15	5.59352e+38
3.38948e+15	5.14636e+38
3.39125e+15	4.71523e+38
3.39301e+15	4.32731e+38
3.39478e+15	3.96618e+38
3.39654e+15	3.63034e+38
3.3983e+15	3.31835e+38
3.40007e+15	3.02889e+38
3.40183e+15	2.76061e+38
3.40359e+15	2.51232e+38
3.40536e+15	2.28278e+38
3.40712e+15	2.07793e+38
3.40888e+15	1.88201e+38
3.41065e+15	1.70164e+38
3.41241e+15	1.54131e+38
3.41417e+15	1.38865e+38
3.41594e+15	1.25335e+38
3.4177e+15	1.12916e+38
3.41946e+15	1.01534e+38
3.42123e+15	9.11183e+37
3.42299e+15	8.16037e+37
3.42476e+15	7.29278e+37
3.42652e+15	6.50299e+37
3.42828e+15	5.80998e+37
3.43005e+15	5.15699e+37
3.43181e+15	4.58622e+37
3.43357e+15	4.06878e+37
3.43534e+15	3.58425e+37
3.4371e+15	3.16339e+37
3.43886e+15	2.78432e+37
3.44063e+15	2.45571e+37
3.44239e+15	2.14917e+37
3.44415e+15	1.87505e+37
3.44592e+15	1.63917e+37
3.44768e+15	1.4208e+37
3.44944e+15	1.22714e+37
3.45121e+15	1.06189e+37
3.45297e+15	9.15557e+36
3.45473e+15	7.81704e+36
3.4565e+15	6.66963e+36
3.45826e+15	5.66206e+36
3.46003e+15	4.78115e+36
3.46179e+15	4.01724e+36
3.46355e+15	3.35291e+36
3.46532e+15	2.78058e+36
3.46708e+15	2.29017e+36
3.46884e+15	1.87246e+36
3.47061e+15	1.5189e+36
3.47237e+15	1.2217e+36
3.47413e+15	9.74503e+35
