10	3.69034e+22
20	3.33771e+22
30	4.09179e+22
40	4.89994e+22
50	3.13825e+23
60	1.22682e+23
70	7.65274e+22
80	9.31659e+22
90	1.52765e+23
100	5.08641e+23
110	1.95571e+23
120	1.04837e+24
130	4.12188e+23
140	4.92726e+23
150	8.7714e+23
160	1.58513e+24
170	9.37e+23
180	3.22122e+24
190	1.22653e+24
200	1.25508e+24
210	2.26522e+24
220	8.77401e+23
230	1.21952e+24
240	1.53206e+24
250	1.01837e+24
260	6.7254e+24
270	1.19272e+24
280	7.56238e+23
290	2.29697e+24
300	3.06136e+23
310	2.9527e+23
320	2.95323e+23
330	2.99743e+23
340	3.06582e+23
350	3.14999e+23
360	3.24546e+23
370	3.34962e+23
380	3.46074e+23
390	3.57773e+23
400	3.69971e+23
410	3.82609e+23
420	3.95641e+23
430	4.0904e+23
440	4.22763e+23
450	4.36784e+23
460	4.51082e+23
470	4.6565e+23
480	4.80451e+23
490	4.95497e+23
500	5.10761e+23
510	5.26227e+23
520	5.41882e+23
530	5.57722e+23
540	5.73752e+23
550	5.89928e+23
560	6.06283e+23
570	6.22784e+23
580	6.39408e+23
590	6.56184e+23
600	6.73084e+23
610	6.90124e+23
620	7.07254e+23
630	7.24493e+23
640	7.41829e+23
650	7.59285e+23
660	7.7683e+23
670	7.94434e+23
680	8.12139e+23
690	8.29916e+23
700	8.47759e+23
710	8.65633e+23
720	8.83594e+23
730	9.01606e+23
740	9.19692e+23
750	9.37793e+23
760	9.55937e+23
770	9.74109e+23
780	9.9231e+23
790	1.01057e+24
800	1.02881e+24
810	1.04707e+24
820	1.06538e+24
830	1.08366e+24
840	1.10198e+24
850	1.12031e+24
860	1.13859e+24
870	1.15691e+24
880	1.17517e+24
890	1.19348e+24
900	1.21176e+24
910	1.23002e+24
920	1.24826e+24
930	1.26643e+24
940	1.28461e+24
950	1.30277e+24
960	1.32088e+24
970	1.33896e+24
980	1.35701e+24
990	1.37501e+24
1000	1.39297e+24
1010	1.41089e+24
1020	1.42875e+24
1030	1.44657e+24
1040	1.46432e+24
1050	1.48202e+24
1060	1.49967e+24
1070	1.5173e+24
1080	1.53482e+24
1090	1.55227e+24
1100	1.56965e+24
1110	1.58697e+24
1120	1.60429e+24
1130	1.62146e+24
1140	1.63855e+24
1150	1.65558e+24
1160	1.67259e+24
1170	1.68946e+24
1180	1.70626e+24
1190	1.72303e+24
1200	1.73966e+24
1210	1.7562e+24
1220	1.77273e+24
1230	1.7891e+24
1240	1.80545e+24
1250	1.82164e+24
1260	1.83774e+24
1270	1.85381e+24
1280	1.86973e+24
1290	1.88561e+24
1300	1.90135e+24
1310	1.91697e+24
1320	1.93258e+24
1330	1.948e+24
1340	1.96342e+24
1350	1.97865e+24
1360	1.99387e+24
1370	2.00891e+24
1380	2.02392e+24
1390	2.03876e+24
1400	2.05357e+24
1410	2.0682e+24
1420	2.0828e+24
1430	2.09721e+24
1440	2.1116e+24
1450	2.12581e+24
1460	2.13999e+24
1470	2.15399e+24
1480	2.16795e+24
1490	2.18172e+24
1500	2.19548e+24
1510	2.20904e+24
1520	2.22258e+24
1530	2.23593e+24
1540	2.24924e+24
1550	2.26246e+24
1560	2.27548e+24
1570	2.28846e+24
1580	2.30127e+24
1590	2.31405e+24
1600	2.32663e+24
1610	2.33919e+24
1620	2.35156e+24
1630	2.36389e+24
1640	2.37603e+24
1650	2.38815e+24
1660	2.40007e+24
1670	2.41197e+24
1680	2.42367e+24
1690	2.43535e+24
1700	2.44684e+24
1710	2.45828e+24
1720	2.46955e+24
1730	2.48077e+24
1740	2.49183e+24
1750	2.50283e+24
1760	2.51367e+24
1770	2.52445e+24
1780	2.53507e+24
1790	2.54557e+24
1800	2.55605e+24
1810	2.56632e+24
1820	2.57652e+24
1830	2.58666e+24
1840	2.59664e+24
1850	2.6065e+24
1860	2.61628e+24
1870	2.62597e+24
1880	2.63554e+24
1890	2.64497e+24
1900	2.65431e+24
1910	2.66352e+24
1920	2.67265e+24
1930	2.68169e+24
1940	2.6906e+24
1950	2.6994e+24
1960	2.70811e+24
1970	2.71671e+24
1980	2.72518e+24
1990	2.73359e+24
2000	2.74188e+24
2010	2.75005e+24
2020	2.75813e+24
2030	2.7661e+24
2040	2.77399e+24
2050	2.78178e+24
2060	2.78946e+24
2070	2.79704e+24
2080	2.80457e+24
2090	2.812e+24
2100	2.81928e+24
2110	2.82649e+24
2120	2.83358e+24
2130	2.84057e+24
2140	2.84746e+24
2150	2.85423e+24
2160	2.8609e+24
2170	2.86746e+24
2180	2.87393e+24
2190	2.88028e+24
2200	2.88653e+24
2210	2.89266e+24
2220	2.89872e+24
2230	2.90465e+24
2240	2.91048e+24
2250	2.91621e+24
2260	2.92186e+24
2270	2.92737e+24
2280	2.93281e+24
2290	2.93812e+24
2300	2.94336e+24
2310	2.94848e+24
2320	2.9535e+24
2330	2.95841e+24
2340	2.96323e+24
2350	2.96797e+24
2360	2.97259e+24
2370	2.97712e+24
2380	2.98157e+24
2390	2.98589e+24
2400	2.99012e+24
2410	2.99428e+24
2420	2.99831e+24
2430	3.00227e+24
2440	3.00613e+24
2450	3.00991e+24
2460	3.01358e+24
2470	3.01715e+24
2480	3.02064e+24
2490	3.02402e+24
2500	3.02732e+24
2510	3.03055e+24
2520	3.03367e+24
2530	3.03669e+24
2540	3.03964e+24
2550	3.04248e+24
2560	3.04523e+24
2570	3.04789e+24
2580	3.05048e+24
2590	3.05296e+24
2600	3.05536e+24
2610	3.05768e+24
2620	3.05992e+24
2630	3.06203e+24
2640	3.0641e+24
2650	3.06607e+24
2660	3.06795e+24
2670	3.06976e+24
2680	3.07147e+24
2690	3.07308e+24
2700	3.07462e+24
2710	3.0761e+24
2720	3.0775e+24
2730	3.07877e+24
2740	3.08e+24
2750	3.08115e+24
2760	3.08219e+24
2770	3.08318e+24
2780	3.08408e+24
2790	3.0849e+24
2800	3.08564e+24
2810	3.08632e+24
2820	3.08692e+24
2830	3.08743e+24
2840	3.08787e+24
2850	3.08823e+24
2860	3.08852e+24
2870	3.08874e+24
2880	3.08889e+24
2890	3.08895e+24
2900	3.08894e+24
2910	3.08886e+24
2920	3.08872e+24
2930	3.08849e+24
2940	3.0882e+24
2950	3.08783e+24
2960	3.08737e+24
2970	3.08686e+24
2980	3.0863e+24
2990	3.08563e+24
3000	3.08493e+24
3010	3.08413e+24
3020	3.08329e+24
3030	3.08237e+24
3040	3.08138e+24
3050	3.08032e+24
3060	3.07919e+24
3070	3.078e+24
3080	3.07676e+24
3090	3.07545e+24
3100	3.07408e+24
3110	3.07263e+24
3120	3.07111e+24
3130	3.06954e+24
3140	3.0679e+24
3150	3.0662e+24
3160	3.06447e+24
3170	3.06264e+24
3180	3.06079e+24
3190	3.05885e+24
3200	3.05685e+24
3210	3.05481e+24
3220	3.05271e+24
3230	3.05052e+24
3240	3.04832e+24
3250	3.04602e+24
3260	3.04369e+24
3270	3.0413e+24
3280	3.03886e+24
3290	3.03636e+24
3300	3.03381e+24
3310	3.03121e+24
3320	3.02854e+24
3330	3.02581e+24
3340	3.02307e+24
3350	3.02026e+24
3360	3.01739e+24
3370	3.01447e+24
3380	3.01151e+24
3390	3.00847e+24
3400	3.0054e+24
3410	3.00228e+24
3420	2.99912e+24
3430	2.99588e+24
3440	2.99262e+24
3450	2.9893e+24
3460	2.98593e+24
3470	2.98252e+24
3480	2.97907e+24
3490	2.97556e+24
3500	2.97202e+24
3510	2.96841e+24
3520	2.96479e+24
3530	2.9611e+24
3540	2.95735e+24
3550	2.95359e+24
3560	2.94978e+24
3570	2.94591e+24
3580	2.94202e+24
3590	2.93806e+24
3600	2.93411e+24
3610	2.93007e+24
3620	2.92599e+24
3630	2.9219e+24
3640	2.91773e+24
3650	2.91356e+24
3660	2.90934e+24
3670	2.90506e+24
3680	2.90077e+24
3690	2.89643e+24
3700	2.89207e+24
3710	2.88765e+24
3720	2.8832e+24
3730	2.87871e+24
3740	2.8742e+24
3750	2.86962e+24
3760	2.86507e+24
3770	2.86042e+24
3780	2.85577e+24
3790	2.85108e+24
3800	2.84637e+24
3810	2.8416e+24
3820	2.83683e+24
3830	2.83201e+24
3840	2.82715e+24
3850	2.82229e+24
3860	2.81735e+24
3870	2.81245e+24
3880	2.80746e+24
3890	2.80248e+24
3900	2.79744e+24
3910	2.79238e+24
3920	2.78727e+24
3930	2.78217e+24
3940	2.77701e+24
3950	2.77186e+24
3960	2.76664e+24
3970	2.76143e+24
3980	2.75616e+24
3990	2.75087e+24
4000	2.74557e+24
4010	2.74022e+24
4020	2.73487e+24
4030	2.72949e+24
4040	2.72406e+24
4050	2.71865e+24
4060	2.71318e+24
4070	2.7077e+24
4080	2.70221e+24
4090	2.69666e+24
4100	2.69113e+24
4110	2.68553e+24
4120	2.67995e+24
4130	2.67435e+24
4140	2.66869e+24
4150	2.66304e+24
4160	2.65736e+24
4170	2.65166e+24
4180	2.64595e+24
4190	2.64019e+24
4200	2.63443e+24
4210	2.62865e+24
4220	2.62285e+24
4230	2.61706e+24
4240	2.6112e+24
4250	2.60537e+24
4260	2.59948e+24
4270	2.5936e+24
4280	2.5877e+24
4290	2.58178e+24
4300	2.57584e+24
4310	2.56991e+24
4320	2.56393e+24
4330	2.55794e+24
4340	2.55193e+24
4350	2.54594e+24
4360	2.5399e+24
4370	2.53386e+24
4380	2.52782e+24
4390	2.52175e+24
4400	2.51568e+24
4410	2.50958e+24
4420	2.50347e+24
4430	2.49737e+24
4440	2.49124e+24
4450	2.48511e+24
4460	2.47895e+24
4470	2.4728e+24
4480	2.46662e+24
4490	2.46044e+24
4500	2.45424e+24
4510	2.44805e+24
4520	2.44182e+24
4530	2.43561e+24
4540	2.42938e+24
4550	2.42313e+24
4560	2.41687e+24
4570	2.41061e+24
4580	2.40434e+24
4590	2.39805e+24
4600	2.39178e+24
4610	2.38546e+24
4620	2.37916e+24
4630	2.37286e+24
4640	2.36653e+24
4650	2.3602e+24
4660	2.35388e+24
4670	2.34753e+24
4680	2.34119e+24
4690	2.33483e+24
4700	2.32848e+24
4710	2.32211e+24
4720	2.31575e+24
4730	2.30938e+24
4740	2.30298e+24
4750	2.2966e+24
4760	2.29023e+24
4770	2.28382e+24
4780	2.27742e+24
4790	2.27102e+24
4800	2.26461e+24
4810	2.25821e+24
4820	2.2518e+24
4830	2.24538e+24
4840	2.23895e+24
4850	2.23254e+24
4860	2.2261e+24
4870	2.21969e+24
4880	2.21326e+24
4890	2.20683e+24
4900	2.20041e+24
4910	2.19398e+24
4920	2.18754e+24
4930	2.1811e+24
4940	2.17467e+24
4950	2.16822e+24
4960	2.1618e+24
4970	2.15536e+24
4980	2.14894e+24
4990	2.14248e+24
5000	2.13605e+24
5010	2.12963e+24
5020	2.12318e+24
5030	2.11675e+24
5040	2.11031e+24
5050	2.10389e+24
5060	2.09747e+24
5070	2.09103e+24
5080	2.0846e+24
5090	2.07819e+24
5100	2.07177e+24
5110	2.06534e+24
5120	2.05892e+24
5130	2.05252e+24
5140	2.04612e+24
5150	2.03969e+24
5160	2.03329e+24
5170	2.0269e+24
5180	2.02052e+24
5190	2.01412e+24
5200	2.00773e+24
5210	2.00134e+24
5220	1.99497e+24
5230	1.98859e+24
5240	1.98221e+24
5250	1.97584e+24
5260	1.96948e+24
5270	1.96312e+24
5280	1.95676e+24
5290	1.95041e+24
5300	1.94407e+24
5310	1.93772e+24
5320	1.93138e+24
5330	1.92506e+24
5340	1.91873e+24
5350	1.91239e+24
5360	1.90609e+24
5370	1.89978e+24
5380	1.89349e+24
5390	1.88718e+24
5400	1.88089e+24
5410	1.87461e+24
5420	1.86834e+24
5430	1.86206e+24
5440	1.8558e+24
5450	1.84954e+24
5460	1.84329e+24
5470	1.83705e+24
5480	1.83082e+24
5490	1.82458e+24
5500	1.81836e+24
5510	1.81215e+24
5520	1.80593e+24
5530	1.79974e+24
5540	1.79355e+24
5550	1.78737e+24
5560	1.78119e+24
5570	1.77502e+24
5580	1.76886e+24
5590	1.76272e+24
5600	1.75656e+24
5610	1.75043e+24
5620	1.74431e+24
5630	1.7382e+24
5640	1.73208e+24
5650	1.72598e+24
5660	1.7199e+24
5670	1.71382e+24
5680	1.70775e+24
5690	1.70169e+24
5700	1.69564e+24
5710	1.68961e+24
5720	1.68356e+24
5730	1.67754e+24
5740	1.67153e+24
5750	1.66553e+24
5760	1.65954e+24
5770	1.65356e+24
5780	1.64759e+24
5790	1.64163e+24
5800	1.63567e+24
5810	1.62973e+24
5820	1.62379e+24
5830	1.61787e+24
5840	1.61195e+24
5850	1.60606e+24
5860	1.60018e+24
5870	1.5943e+24
5880	1.58844e+24
5890	1.58259e+24
5900	1.57675e+24
5910	1.57092e+24
5920	1.5651e+24
5930	1.55928e+24
5940	1.55348e+24
5950	1.5477e+24
5960	1.54193e+24
5970	1.53615e+24
5980	1.53041e+24
5990	1.52468e+24
6000	1.51895e+24
6010	1.51323e+24
6020	1.50754e+24
6030	1.50185e+24
6040	1.49616e+24
6050	1.4905e+24
6060	1.48485e+24
6070	1.4792e+24
6080	1.47357e+24
6090	1.46795e+24
6100	1.46234e+24
6110	1.45675e+24
6120	1.45116e+24
6130	1.44559e+24
6140	1.44004e+24
6150	1.43449e+24
6160	1.42896e+24
6170	1.42344e+24
6180	1.41793e+24
6190	1.41243e+24
6200	1.40695e+24
6210	1.40147e+24
6220	1.39602e+24
6230	1.39057e+24
6240	1.38513e+24
6250	1.37971e+24
6260	1.37431e+24
6270	1.36891e+24
6280	1.36353e+24
6290	1.35816e+24
6300	1.3528e+24
6310	1.34746e+24
6320	1.34214e+24
6330	1.33681e+24
6340	1.33151e+24
6350	1.32622e+24
6360	1.32095e+24
6370	1.31568e+24
6380	1.31042e+24
6390	1.30519e+24
6400	1.29996e+24
6410	1.29476e+24
6420	1.28956e+24
6430	1.28438e+24
6440	1.2792e+24
6450	1.27405e+24
6460	1.2689e+24
6470	1.26377e+24
6480	1.25866e+24
6490	1.25356e+24
6500	1.24847e+24
6510	1.2434e+24
6520	1.23833e+24
6530	1.23327e+24
6540	1.22824e+24
6550	1.22322e+24
6560	1.21821e+24
6570	1.21321e+24
6580	1.20823e+24
6590	1.20326e+24
6600	1.19832e+24
6610	1.19338e+24
6620	1.18845e+24
6630	1.18354e+24
6640	1.17865e+24
6650	1.17377e+24
6660	1.16889e+24
6670	1.16404e+24
6680	1.1592e+24
6690	1.15438e+24
6700	1.14956e+24
6710	1.14476e+24
6720	1.13997e+24
6730	1.1352e+24
6740	1.13043e+24
6750	1.12569e+24
6760	1.12096e+24
6770	1.11624e+24
6780	1.11154e+24
6790	1.10685e+24
6800	1.10219e+24
6810	1.09753e+24
6820	1.09288e+24
6830	1.08825e+24
6840	1.08363e+24
6850	1.07903e+24
6860	1.07444e+24
6870	1.06986e+24
6880	1.0653e+24
6890	1.06075e+24
6900	1.05622e+24
6910	1.0517e+24
6920	1.04719e+24
6930	1.04271e+24
6940	1.03824e+24
6950	1.03378e+24
6960	1.02933e+24
6970	1.02489e+24
6980	1.02047e+24
6990	1.01607e+24
7000	1.01168e+24
7010	1.0073e+24
7020	1.00294e+24
7030	9.98587e+23
7040	9.94253e+23
7050	9.89935e+23
7060	9.85626e+23
7070	9.81331e+23
7080	9.77049e+23
7090	9.72774e+23
7100	9.68523e+23
7110	9.64289e+23
7120	9.60069e+23
7130	9.55858e+23
7140	9.51659e+23
7150	9.4747e+23
7160	9.43299e+23
7170	9.39142e+23
7180	9.34998e+23
7190	9.30869e+23
7200	9.26756e+23
7210	9.2266e+23
7220	9.18571e+23
7230	9.14491e+23
7240	9.1043e+23
7250	9.06383e+23
7260	9.02352e+23
7270	8.98338e+23
7280	8.94332e+23
7290	8.90344e+23
7300	8.86361e+23
7310	8.82399e+23
7320	8.78447e+23
7330	8.74509e+23
7340	8.70586e+23
7350	8.66678e+23
7360	8.62781e+23
7370	8.58897e+23
7380	8.55022e+23
7390	8.51171e+23
7400	8.47331e+23
7410	8.43502e+23
7420	8.3968e+23
7430	8.35878e+23
7440	8.32097e+23
7450	8.28322e+23
7460	8.2456e+23
7470	8.2081e+23
7480	8.17071e+23
7490	8.13352e+23
7500	8.09642e+23
7510	8.05952e+23
7520	8.02267e+23
7530	7.98601e+23
7540	7.94945e+23
7550	7.91297e+23
7560	7.87669e+23
7570	7.84049e+23
7580	7.80449e+23
7590	7.76859e+23
7600	7.73288e+23
7610	7.69729e+23
7620	7.66174e+23
7630	7.62637e+23
7640	7.59108e+23
7650	7.55602e+23
7660	7.52106e+23
7670	7.4862e+23
7680	7.45144e+23
7690	7.41686e+23
7700	7.3824e+23
7710	7.34803e+23
7720	7.31388e+23
7730	7.27979e+23
7740	7.24584e+23
7750	7.21204e+23
7760	7.17832e+23
7770	7.14474e+23
7780	7.11137e+23
7790	7.07804e+23
7800	7.04485e+23
7810	7.01181e+23
7820	6.97883e+23
7830	6.94604e+23
7840	6.91335e+23
7850	6.88078e+23
7860	6.84832e+23
7870	6.81609e+23
7880	6.78391e+23
7890	6.75183e+23
7900	6.71992e+23
7910	6.68811e+23
7920	6.65643e+23
7930	6.62485e+23
7940	6.59348e+23
7950	6.56216e+23
7960	6.53092e+23
7970	6.49992e+23
7980	6.46897e+23
7990	6.43815e+23
8000	6.40744e+23
8010	6.3769e+23
8020	6.3464e+23
8030	6.31616e+23
8040	6.28594e+23
8050	6.25584e+23
8060	6.22589e+23
8070	6.19604e+23
8080	6.16629e+23
8090	6.13667e+23
8100	6.1072e+23
8110	6.07782e+23
8120	6.04859e+23
8130	6.01947e+23
8140	5.99044e+23
8150	5.96152e+23
8160	5.93272e+23
8170	5.90407e+23
8180	5.87549e+23
8190	5.84703e+23
8200	5.8187e+23
8210	5.79055e+23
8220	5.76239e+23
8230	5.73441e+23
8240	5.7066e+23
8250	5.67883e+23
8260	5.65116e+23
8270	5.62363e+23
8280	5.59623e+23
8290	5.56892e+23
8300	5.54171e+23
8310	5.51465e+23
8320	5.48763e+23
8330	5.46085e+23
8340	5.43404e+23
8350	5.40739e+23
8360	5.3809e+23
8370	5.3545e+23
8380	5.32814e+23
8390	5.30197e+23
8400	5.27591e+23
8410	5.24991e+23
8420	5.22403e+23
8430	5.19826e+23
8440	5.17263e+23
8450	5.14708e+23
8460	5.12161e+23
8470	5.09631e+23
8480	5.07107e+23
8490	5.04595e+23
8500	5.02092e+23
8510	4.99603e+23
8520	4.97123e+23
8530	4.94652e+23
8540	4.92191e+23
8550	4.89744e+23
8560	4.87306e+23
8570	4.84876e+23
8580	4.82461e+23
8590	4.80054e+23
8600	4.77655e+23
8610	4.75269e+23
8620	4.72894e+23
8630	4.70527e+23
8640	4.68171e+23
8650	4.65824e+23
8660	4.6349e+23
8670	4.6116e+23
8680	4.58845e+23
8690	4.56541e+23
8700	4.54246e+23
8710	4.51959e+23
8720	4.49685e+23
8730	4.4742e+23
8740	4.45162e+23
8750	4.42912e+23
8760	4.40681e+23
8770	4.38449e+23
8780	4.36234e+23
8790	4.34026e+23
8800	4.31829e+23
8810	4.29641e+23
8820	4.27466e+23
8830	4.25294e+23
8840	4.23134e+23
8850	4.20988e+23
8860	4.18845e+23
8870	4.16713e+23
8880	4.14593e+23
8890	4.12484e+23
8900	4.10379e+23
8910	4.08285e+23
8920	4.06205e+23
8930	4.04128e+23
8940	4.02064e+23
8950	4.00007e+23
8960	3.97961e+23
8970	3.95925e+23
8980	3.93895e+23
8990	3.91877e+23
9000	3.89868e+23
9010	3.87864e+23
9020	3.85872e+23
9030	3.83891e+23
9040	3.81916e+23
9050	3.79951e+23
9060	3.77993e+23
9070	3.76044e+23
9080	3.74107e+23
9090	3.72178e+23
9100	3.70256e+23
9110	3.68342e+23
9120	3.66441e+23
9130	3.64545e+23
9140	3.62658e+23
9150	3.60783e+23
9160	3.58912e+23
9170	3.57052e+23
9180	3.552e+23
9190	3.53359e+23
9200	3.51522e+23
9210	3.49695e+23
9220	3.47877e+23
9230	3.46066e+23
9240	3.44267e+23
9250	3.42474e+23
9260	3.40689e+23
9270	3.38913e+23
9280	3.37147e+23
9290	3.35387e+23
9300	3.33634e+23
9310	3.31892e+23
9320	3.30158e+23
9330	3.2843e+23
9340	3.26711e+23
9350	3.25002e+23
9360	3.23295e+23
9370	3.21603e+23
9380	3.19915e+23
9390	3.18236e+23
9400	3.16563e+23
9410	3.14901e+23
9420	3.13246e+23
9430	3.11596e+23
9440	3.09959e+23
9450	3.08322e+23
9460	3.06699e+23
9470	3.05082e+23
9480	3.03471e+23
9490	3.01869e+23
9500	3.00275e+23
9510	2.98687e+23
9520	2.97108e+23
9530	2.95534e+23
9540	2.93969e+23
9550	2.92414e+23
9560	2.90863e+23
9570	2.89319e+23
9580	2.87786e+23
9590	2.86257e+23
9600	2.84737e+23
9610	2.83222e+23
9620	2.81715e+23
9630	2.80216e+23
9640	2.78725e+23
9650	2.77239e+23
9660	2.7576e+23
9670	2.7429e+23
9680	2.72825e+23
9690	2.7137e+23
9700	2.6992e+23
9710	2.68477e+23
9720	2.67041e+23
9730	2.65611e+23
9740	2.64188e+23
9750	2.62775e+23
9760	2.61366e+23
9770	2.59963e+23
9780	2.58569e+23
9790	2.5718e+23
9800	2.55799e+23
9810	2.54423e+23
9820	2.53056e+23
9830	2.51695e+23
9840	2.5034e+23
9850	2.48992e+23
9860	2.4765e+23
9870	2.46315e+23
9880	2.44985e+23
9890	2.43664e+23
9900	2.42347e+23
9910	2.41038e+23
9920	2.39735e+23
9930	2.38439e+23
9940	2.37148e+23
9950	2.35863e+23
9960	2.34588e+23
9970	2.33314e+23
9980	2.3205e+23
9990	2.30792e+23
10000	2.29539e+23
10010	2.28292e+23
10020	2.27051e+23
10030	2.25816e+23
10040	2.24588e+23
10050	2.23365e+23
10060	2.22149e+23
10070	2.20939e+23
10080	2.19735e+23
10090	2.18539e+23
10100	2.17346e+23
10110	2.16159e+23
10120	2.1498e+23
10130	2.13804e+23
10140	2.12635e+23
10150	2.11473e+23
10160	2.10315e+23
10170	2.09161e+23
10180	2.08017e+23
10190	2.06877e+23
10200	2.05743e+23
10210	2.04615e+23
10220	2.03492e+23
10230	2.02374e+23
10240	2.01262e+23
10250	2.00156e+23
10260	1.99057e+23
10270	1.9796e+23
10280	1.96871e+23
10290	1.95787e+23
10300	1.94708e+23
10310	1.93634e+23
10320	1.92567e+23
10330	1.91504e+23
10340	1.90448e+23
10350	1.89396e+23
10360	1.88349e+23
10370	1.87309e+23
10380	1.86272e+23
10390	1.85241e+23
10400	1.84216e+23
10410	1.83197e+23
10420	1.82182e+23
10430	1.81172e+23
10440	1.80167e+23
10450	1.79168e+23
10460	1.78173e+23
10470	1.77183e+23
10480	1.762e+23
10490	1.7522e+23
10500	1.74245e+23
10510	1.73275e+23
10520	1.72312e+23
10530	1.71352e+23
10540	1.70398e+23
10550	1.69448e+23
10560	1.68502e+23
10570	1.67563e+23
10580	1.66627e+23
10590	1.65698e+23
10600	1.64772e+23
10610	1.63851e+23
10620	1.62936e+23
10630	1.62024e+23
10640	1.61118e+23
10650	1.60217e+23
10660	1.59319e+23
10670	1.58427e+23
10680	1.57539e+23
10690	1.56656e+23
10700	1.55776e+23
10710	1.54903e+23
10720	1.54033e+23
10730	1.53167e+23
10740	1.52308e+23
10750	1.51452e+23
10760	1.506e+23
10770	1.49754e+23
10780	1.4891e+23
10790	1.48073e+23
10800	1.47239e+23
10810	1.46409e+23
10820	1.45585e+23
10830	1.44764e+23
10840	1.43947e+23
10850	1.43134e+23
10860	1.42327e+23
10870	1.41522e+23
10880	1.40722e+23
10890	1.39927e+23
10900	1.39136e+23
10910	1.38349e+23
10920	1.37566e+23
10930	1.36786e+23
10940	1.36013e+23
10950	1.35241e+23
10960	1.34474e+23
10970	1.33711e+23
10980	1.32953e+23
10990	1.32198e+23
11000	1.31447e+23
11010	1.30701e+23
11020	1.29957e+23
11030	1.29219e+23
11040	1.28484e+23
11050	1.27752e+23
11060	1.27024e+23
11070	1.26302e+23
11080	1.25581e+23
11090	1.24865e+23
11100	1.24154e+23
11110	1.23445e+23
11120	1.22741e+23
11130	1.22039e+23
11140	1.21343e+23
11150	1.20649e+23
11160	1.1996e+23
11170	1.19273e+23
11180	1.1859e+23
11190	1.17913e+23
11200	1.17237e+23
11210	1.16565e+23
11220	1.15897e+23
11230	1.15233e+23
11240	1.14572e+23
11250	1.13914e+23
11260	1.1326e+23
11270	1.1261e+23
11280	1.11963e+23
11290	1.11319e+23
11300	1.1068e+23
11310	1.10043e+23
11320	1.0941e+23
11330	1.08779e+23
11340	1.08154e+23
11350	1.0753e+23
11360	1.06911e+23
11370	1.06295e+23
11380	1.05682e+23
11390	1.05071e+23
11400	1.04465e+23
11410	1.03862e+23
11420	1.03262e+23
11430	1.02665e+23
11440	1.02072e+23
11450	1.01482e+23
11460	1.00894e+23
11470	1.0031e+23
11480	9.97299e+22
11490	9.91523e+22
11500	9.85774e+22
11510	9.8006e+22
11520	9.74373e+22
11530	9.68724e+22
11540	9.63104e+22
11550	9.57508e+22
11560	9.51949e+22
11570	9.46423e+22
11580	9.40922e+22
11590	9.35448e+22
11600	9.30008e+22
11610	9.24601e+22
11620	9.19212e+22
11630	9.13863e+22
11640	9.08541e+22
11650	9.03243e+22
11660	8.97974e+22
11670	8.92739e+22
11680	8.87535e+22
11690	8.82356e+22
11700	8.77202e+22
11710	8.72082e+22
11720	8.66989e+22
11730	8.61924e+22
11740	8.56881e+22
11750	8.51872e+22
11760	8.46884e+22
11770	8.41934e+22
11780	8.37002e+22
11790	8.3209e+22
11800	8.27218e+22
11810	8.22371e+22
11820	8.17547e+22
11830	8.12753e+22
11840	8.07981e+22
11850	8.03247e+22
11860	7.98527e+22
11870	7.93834e+22
11880	7.89171e+22
11890	7.84535e+22
11900	7.79919e+22
11910	7.75334e+22
11920	7.70769e+22
11930	7.66235e+22
11940	7.6172e+22
11950	7.5723e+22
11960	7.52771e+22
11970	7.48332e+22
11980	7.43926e+22
11990	7.39531e+22
12000	7.3517e+22
12010	7.30829e+22
12020	7.2652e+22
12030	7.22223e+22
12040	7.17957e+22
12050	7.13712e+22
12060	7.09494e+22
12070	7.05296e+22
12080	7.01121e+22
12090	6.96975e+22
12100	6.92847e+22
12110	6.88742e+22
12120	6.84661e+22
12130	6.80605e+22
12140	6.76572e+22
12150	6.72562e+22
12160	6.68568e+22
12170	6.64598e+22
12180	6.60655e+22
12190	6.56731e+22
12200	6.52829e+22
12210	6.48949e+22
12220	6.4509e+22
12230	6.41258e+22
12240	6.37438e+22
12250	6.33648e+22
12260	6.29876e+22
12270	6.26129e+22
12280	6.22395e+22
12290	6.1869e+22
12300	6.15003e+22
12310	6.11339e+22
12320	6.0769e+22
12330	6.04068e+22
12340	6.00462e+22
12350	5.96876e+22
12360	5.93313e+22
12370	5.89769e+22
12380	5.86248e+22
12390	5.82743e+22
12400	5.79256e+22
12410	5.75796e+22
12420	5.72349e+22
12430	5.68928e+22
12440	5.6552e+22
12450	5.62138e+22
12460	5.5877e+22
12470	5.55427e+22
12480	5.52097e+22
12490	5.48786e+22
12500	5.45499e+22
12510	5.42227e+22
12520	5.38976e+22
12530	5.35741e+22
12540	5.32527e+22
12550	5.29328e+22
12560	5.26151e+22
12570	5.22989e+22
12580	5.19843e+22
12590	5.16721e+22
12600	5.13611e+22
12610	5.10524e+22
12620	5.0745e+22
12630	5.04394e+22
12640	5.0136e+22
12650	4.98338e+22
12660	4.95339e+22
12670	4.92351e+22
12680	4.89385e+22
12690	4.86432e+22
12700	4.83496e+22
12710	4.8058e+22
12720	4.77678e+22
12730	4.74796e+22
12740	4.71927e+22
12750	4.69077e+22
12760	4.66241e+22
12770	4.6342e+22
12780	4.6062e+22
12790	4.57833e+22
12800	4.5506e+22
12810	4.52308e+22
12820	4.49568e+22
12830	4.46847e+22
12840	4.44138e+22
12850	4.41449e+22
12860	4.38771e+22
12870	4.36113e+22
12880	4.33465e+22
12890	4.30838e+22
12900	4.28217e+22
12910	4.2562e+22
12920	4.23034e+22
12930	4.20466e+22
12940	4.1791e+22
12950	4.1537e+22
12960	4.12843e+22
12970	4.10335e+22
12980	4.07836e+22
12990	4.05353e+22
13000	4.02887e+22
13010	4.00433e+22
13020	3.97995e+22
13030	3.95569e+22
13040	3.93156e+22
13050	3.90758e+22
13060	3.88378e+22
13070	3.86006e+22
13080	3.83654e+22
13090	3.8131e+22
13100	3.78984e+22
13110	3.76668e+22
13120	3.74366e+22
13130	3.72079e+22
13140	3.69804e+22
13150	3.67544e+22
13160	3.65296e+22
13170	3.63059e+22
13180	3.60836e+22
13190	3.5863e+22
13200	3.56432e+22
13210	3.54251e+22
13220	3.52079e+22
13230	3.49921e+22
13240	3.47777e+22
13250	3.45644e+22
13260	3.43525e+22
13270	3.41417e+22
13280	3.39319e+22
13290	3.37239e+22
13300	3.35166e+22
13310	3.33107e+22
13320	3.3106e+22
13330	3.29026e+22
13340	3.27003e+22
13350	3.2499e+22
13360	3.22994e+22
13370	3.21005e+22
13380	3.19031e+22
13390	3.17066e+22
13400	3.15113e+22
13410	3.13173e+22
13420	3.11243e+22
13430	3.09326e+22
13440	3.07418e+22
13450	3.05522e+22
13460	3.03636e+22
13470	3.01763e+22
13480	2.99901e+22
13490	2.9805e+22
13500	2.96207e+22
13510	2.9438e+22
13520	2.9256e+22
13530	2.90752e+22
13540	2.88955e+22
13550	2.87168e+22
13560	2.85393e+22
13570	2.83628e+22
13580	2.81872e+22
13590	2.80126e+22
13600	2.78391e+22
13610	2.76668e+22
13620	2.74954e+22
13630	2.73249e+22
13640	2.71557e+22
13650	2.69872e+22
13660	2.68197e+22
13670	2.66533e+22
13680	2.6488e+22
13690	2.63236e+22
13700	2.61601e+22
13710	2.59979e+22
13720	2.58362e+22
13730	2.56757e+22
13740	2.55161e+22
13750	2.53574e+22
13760	2.51998e+22
13770	2.50431e+22
13780	2.48873e+22
13790	2.47323e+22
13800	2.45784e+22
13810	2.44254e+22
13820	2.42733e+22
13830	2.4122e+22
13840	2.39717e+22
13850	2.38225e+22
13860	2.36737e+22
13870	2.35261e+22
13880	2.33794e+22
13890	2.32336e+22
13900	2.30885e+22
13910	2.29444e+22
13920	2.28011e+22
13930	2.26589e+22
13940	2.25172e+22
13950	2.23766e+22
13960	2.22366e+22
13970	2.20977e+22
13980	2.19594e+22
13990	2.18222e+22
14000	2.16856e+22
14010	2.15498e+22
14020	2.1415e+22
14030	2.12808e+22
14040	2.11476e+22
14050	2.10151e+22
14060	2.08834e+22
14070	2.07526e+22
14080	2.06226e+22
14090	2.04932e+22
14100	2.03646e+22
14110	2.02369e+22
14120	2.011e+22
14130	1.99836e+22
14140	1.98582e+22
14150	1.97335e+22
14160	1.96096e+22
14170	1.94863e+22
14180	1.93639e+22
14190	1.92421e+22
14200	1.91212e+22
14210	1.90009e+22
14220	1.88815e+22
14230	1.87626e+22
14240	1.86446e+22
14250	1.85272e+22
14260	1.84106e+22
14270	1.82946e+22
14280	1.81794e+22
14290	1.80649e+22
14300	1.7951e+22
14310	1.7838e+22
14320	1.77254e+22
14330	1.76137e+22
14340	1.75026e+22
14350	1.73922e+22
14360	1.72824e+22
14370	1.71733e+22
14380	1.70649e+22
14390	1.69572e+22
14400	1.68501e+22
14410	1.67437e+22
14420	1.66378e+22
14430	1.65328e+22
14440	1.64282e+22
14450	1.63244e+22
14460	1.62212e+22
14470	1.61187e+22
14480	1.60166e+22
14490	1.59154e+22
14500	1.58146e+22
14510	1.57146e+22
14520	1.56151e+22
14530	1.55162e+22
14540	1.5418e+22
14550	1.53202e+22
14560	1.52232e+22
14570	1.51267e+22
14580	1.50307e+22
14590	1.49354e+22
14600	1.48407e+22
14610	1.47465e+22
14620	1.46529e+22
14630	1.456e+22
14640	1.44675e+22
14650	1.43757e+22
14660	1.42844e+22
14670	1.41936e+22
14680	1.41034e+22
14690	1.40138e+22
14700	1.39247e+22
14710	1.38361e+22
14720	1.37481e+22
14730	1.36606e+22
14740	1.35737e+22
14750	1.34873e+22
14760	1.34014e+22
14770	1.33161e+22
14780	1.32313e+22
14790	1.3147e+22
14800	1.30633e+22
14810	1.298e+22
14820	1.28973e+22
14830	1.2815e+22
14840	1.27333e+22
14850	1.26521e+22
14860	1.25713e+22
14870	1.24911e+22
14880	1.24113e+22
14890	1.23321e+22
14900	1.22534e+22
14910	1.21751e+22
14920	1.20973e+22
14930	1.202e+22
14940	1.19432e+22
14950	1.18669e+22
14960	1.17909e+22
14970	1.17156e+22
14980	1.16405e+22
14990	1.15661e+22
15000	1.14921e+22
15010	1.14185e+22
15020	1.13453e+22
15030	1.12727e+22
15040	1.12005e+22
15050	1.11287e+22
15060	1.10574e+22
15070	1.09866e+22
15080	1.09161e+22
15090	1.08461e+22
15100	1.07765e+22
15110	1.07074e+22
15120	1.06387e+22
15130	1.05703e+22
15140	1.05025e+22
15150	1.0435e+22
15160	1.03681e+22
15170	1.03014e+22
15180	1.02353e+22
15190	1.01695e+22
15200	1.01041e+22
15210	1.00391e+22
15220	9.97461e+21
15230	9.91042e+21
15240	9.84672e+21
15250	9.7833e+21
15260	9.72031e+21
15270	9.65776e+21
15280	9.59554e+21
15290	9.5338e+21
15300	9.47233e+21
15310	9.41136e+21
15320	9.35066e+21
15330	9.29043e+21
15340	9.23051e+21
15350	9.17102e+21
15360	9.11184e+21
15370	9.05309e+21
15380	8.99465e+21
15390	8.93657e+21
15400	8.87891e+21
15410	8.82156e+21
15420	8.76462e+21
15430	8.70798e+21
15440	8.6517e+21
15450	8.59582e+21
15460	8.54024e+21
15470	8.48506e+21
15480	8.43018e+21
15490	8.37571e+21
15500	8.32149e+21
15510	8.2677e+21
15520	8.21415e+21
15530	8.16097e+21
15540	8.10818e+21
15550	8.05564e+21
15560	8.00351e+21
15570	7.95163e+21
15580	7.90009e+21
15590	7.84894e+21
15600	7.79809e+21
15610	7.74752e+21
15620	7.69724e+21
15630	7.64737e+21
15640	7.59775e+21
15650	7.54841e+21
15660	7.49947e+21
15670	7.45076e+21
15680	7.40237e+21
15690	7.35435e+21
15700	7.30655e+21
15710	7.25913e+21
15720	7.21193e+21
15730	7.16511e+21
15740	7.11852e+21
15750	7.07227e+21
15760	7.02627e+21
15770	6.98054e+21
15780	6.93518e+21
15790	6.89004e+21
15800	6.84517e+21
15810	6.80066e+21
15820	6.75635e+21
15830	6.71233e+21
15840	6.6686e+21
15850	6.62521e+21
15860	6.58201e+21
15870	6.53916e+21
15880	6.49651e+21
15890	6.45421e+21
15900	6.41212e+21
15910	6.37027e+21
15920	6.32876e+21
15930	6.28744e+21
15940	6.24641e+21
15950	6.20564e+21
15960	6.16515e+21
15970	6.12489e+21
15980	6.08487e+21
15990	6.04512e+21
16000	6.00567e+21
16010	5.96645e+21
16020	5.92745e+21
16030	5.88869e+21
16040	5.85018e+21
16050	5.81197e+21
16060	5.77393e+21
16070	5.73616e+21
16080	5.69861e+21
16090	5.66136e+21
16100	5.62431e+21
16110	5.58747e+21
16120	5.55088e+21
16130	5.51451e+21
16140	5.47843e+21
16150	5.44258e+21
16160	5.4069e+21
16170	5.37146e+21
16180	5.33623e+21
16190	5.30125e+21
16200	5.26649e+21
16210	5.23197e+21
16220	5.19766e+21
16230	5.16354e+21
16240	5.12966e+21
16250	5.096e+21
16260	5.06253e+21
16270	5.02933e+21
16280	4.99628e+21
16290	4.96347e+21
16300	4.93088e+21
16310	4.89849e+21
16320	4.86631e+21
16330	4.83431e+21
16340	4.80254e+21
16350	4.77095e+21
16360	4.73958e+21
16370	4.7084e+21
16380	4.67743e+21
16390	4.64666e+21
16400	4.61607e+21
16410	4.58572e+21
16420	4.55552e+21
16430	4.52554e+21
16440	4.49573e+21
16450	4.46611e+21
16460	4.4367e+21
16470	4.40746e+21
16480	4.37843e+21
16490	4.34958e+21
16500	4.32089e+21
16510	4.29241e+21
16520	4.2641e+21
16530	4.23599e+21
16540	4.20807e+21
16550	4.18029e+21
16560	4.15272e+21
16570	4.1253e+21
16580	4.09808e+21
16590	4.07104e+21
16600	4.04414e+21
16610	4.01744e+21
16620	3.9909e+21
16630	3.96454e+21
16640	3.93836e+21
16650	3.91232e+21
16660	3.88645e+21
16670	3.86077e+21
16680	3.83527e+21
16690	3.8099e+21
16700	3.78471e+21
16710	3.75967e+21
16720	3.73481e+21
16730	3.71011e+21
16740	3.68555e+21
16750	3.66118e+21
16760	3.63694e+21
16770	3.61288e+21
16780	3.58897e+21
16790	3.5652e+21
16800	3.5416e+21
16810	3.51813e+21
16820	3.49483e+21
16830	3.47169e+21
16840	3.44867e+21
16850	3.42582e+21
16860	3.4031e+21
16870	3.38055e+21
16880	3.35814e+21
16890	3.33586e+21
16900	3.31372e+21
16910	3.29175e+21
16920	3.26989e+21
16930	3.2482e+21
16940	3.22665e+21
16950	3.20522e+21
16960	3.18394e+21
16970	3.16279e+21
16980	3.14179e+21
16990	3.12092e+21
17000	3.10018e+21
17010	3.07959e+21
17020	3.05911e+21
17030	3.03878e+21
17040	3.01859e+21
17050	2.9985e+21
17060	2.97855e+21
17070	2.95874e+21
17080	2.93907e+21
17090	2.9195e+21
17100	2.90008e+21
17110	2.88076e+21
17120	2.86159e+21
17130	2.84255e+21
17140	2.82361e+21
17150	2.80481e+21
17160	2.78611e+21
17170	2.76756e+21
17180	2.74913e+21
17190	2.73079e+21
17200	2.71258e+21
17210	2.6945e+21
17220	2.67652e+21
17230	2.65868e+21
17240	2.64096e+21
17250	2.62333e+21
17260	2.60583e+21
17270	2.58843e+21
17280	2.57116e+21
17290	2.55401e+21
17300	2.53695e+21
17310	2.52001e+21
17320	2.50317e+21
17330	2.48646e+21
17340	2.46984e+21
17350	2.45334e+21
17360	2.43694e+21
17370	2.42065e+21
17380	2.40448e+21
17390	2.38839e+21
17400	2.37243e+21
17410	2.35655e+21
17420	2.34079e+21
17430	2.32514e+21
17440	2.30957e+21
17450	2.29411e+21
17460	2.27876e+21
17470	2.26349e+21
17480	2.24835e+21
17490	2.2333e+21
17500	2.21833e+21
17510	2.20348e+21
17520	2.18871e+21
17530	2.17405e+21
17540	2.15947e+21
17550	2.145e+21
17560	2.13061e+21
17570	2.11633e+21
17580	2.10215e+21
17590	2.08804e+21
17600	2.07404e+21
17610	2.06012e+21
17620	2.04629e+21
17630	2.03256e+21
17640	2.01892e+21
17650	2.00536e+21
17660	1.99191e+21
17670	1.97852e+21
17680	1.96524e+21
17690	1.95203e+21
17700	1.93892e+21
17710	1.92589e+21
17720	1.91295e+21
17730	1.9001e+21
17740	1.88732e+21
17750	1.87464e+21
17760	1.86202e+21
17770	1.8495e+21
17780	1.83706e+21
17790	1.82471e+21
17800	1.81242e+21
17810	1.80024e+21
17820	1.78811e+21
17830	1.77608e+21
17840	1.76412e+21
17850	1.75224e+21
17860	1.74044e+21
17870	1.72872e+21
17880	1.71708e+21
17890	1.70551e+21
17900	1.69401e+21
17910	1.6826e+21
17920	1.67125e+21
17930	1.65999e+21
17940	1.64879e+21
17950	1.63768e+21
17960	1.62663e+21
17970	1.61566e+21
17980	1.60477e+21
17990	1.59393e+21
18000	1.58317e+21
18010	1.57249e+21
18020	1.56188e+21
18030	1.55133e+21
18040	1.54086e+21
18050	1.53045e+21
18060	1.52011e+21
18070	1.50985e+21
18080	1.49965e+21
18090	1.48951e+21
18100	1.47944e+21
18110	1.46945e+21
18120	1.45952e+21
18130	1.44965e+21
18140	1.43984e+21
18150	1.43011e+21
18160	1.42043e+21
18170	1.41083e+21
18180	1.40128e+21
18190	1.3918e+21
18200	1.38237e+21
18210	1.37302e+21
18220	1.36373e+21
18230	1.3545e+21
18240	1.34532e+21
18250	1.33621e+21
18260	1.32716e+21
18270	1.31817e+21
18280	1.30924e+21
18290	1.30037e+21
18300	1.29155e+21
18310	1.28279e+21
18320	1.2741e+21
18330	1.26547e+21
18340	1.25688e+21
18350	1.24835e+21
18360	1.23988e+21
18370	1.23148e+21
18380	1.22313e+21
18390	1.21482e+21
18400	1.20658e+21
18410	1.19839e+21
18420	1.19026e+21
18430	1.18218e+21
18440	1.17414e+21
18450	1.16618e+21
18460	1.15825e+21
18470	1.15039e+21
18480	1.14257e+21
18490	1.1348e+21
18500	1.12709e+21
18510	1.11943e+21
18520	1.11183e+21
18530	1.10426e+21
18540	1.09675e+21
18550	1.0893e+21
18560	1.08189e+21
18570	1.07453e+21
18580	1.06722e+21
18590	1.05995e+21
18600	1.05275e+21
18610	1.04558e+21
18620	1.03846e+21
18630	1.03139e+21
18640	1.02437e+21
18650	1.0174e+21
18660	1.01047e+21
18670	1.00359e+21
18680	9.96748e+20
18690	9.89955e+20
18700	9.83206e+20
18710	9.7651e+20
18720	9.6986e+20
18730	9.63245e+20
18740	9.56677e+20
18750	9.50152e+20
18760	9.43669e+20
18770	9.37238e+20
18780	9.30844e+20
18790	9.24496e+20
18800	9.18188e+20
18810	9.11922e+20
18820	9.057e+20
18830	8.99518e+20
18840	8.93377e+20
18850	8.87274e+20
18860	8.81215e+20
18870	8.752e+20
18880	8.69221e+20
18890	8.63284e+20
18900	8.57388e+20
18910	8.5153e+20
18920	8.45716e+20
18930	8.39933e+20
18940	8.34192e+20
18950	8.28487e+20
18960	8.22823e+20
18970	8.17201e+20
18980	8.1161e+20
18990	8.06059e+20
19000	8.00546e+20
19010	7.95067e+20
19020	7.89632e+20
19030	7.84226e+20
19040	7.7886e+20
19050	7.73526e+20
19060	7.68229e+20
19070	7.62974e+20
19080	7.57751e+20
19090	7.5256e+20
19100	7.47407e+20
19110	7.42288e+20
19120	7.37205e+20
19130	7.32152e+20
19140	7.27137e+20
19150	7.22153e+20
19160	7.17205e+20
19170	7.12292e+20
19180	7.07406e+20
19190	7.02557e+20
19200	6.97741e+20
19210	6.92954e+20
19220	6.88205e+20
19230	6.83486e+20
19240	6.78794e+20
19250	6.74137e+20
19260	6.69514e+20
19270	6.6492e+20
19280	6.60357e+20
19290	6.55825e+20
19300	6.51321e+20
19310	6.46848e+20
19320	6.4241e+20
19330	6.38e+20
19340	6.33616e+20
19350	6.29266e+20
19360	6.24946e+20
19370	6.20651e+20
19380	6.16388e+20
19390	6.12154e+20
19400	6.07947e+20
19410	6.03771e+20
19420	5.99623e+20
19430	5.95501e+20
19440	5.91409e+20
19450	5.87344e+20
19460	5.83305e+20
19470	5.79296e+20
19480	5.75311e+20
19490	5.71355e+20
19500	5.67426e+20
19510	5.63522e+20
19520	5.59646e+20
19530	5.55796e+20
19540	5.5197e+20
19550	5.48172e+20
19560	5.444e+20
19570	5.40651e+20
19580	5.3693e+20
19590	5.33232e+20
19600	5.29561e+20
19610	5.25914e+20
19620	5.22291e+20
19630	5.18694e+20
19640	5.15119e+20
19650	5.11571e+20
19660	5.08046e+20
19670	5.04544e+20
19680	5.01067e+20
19690	4.97614e+20
19700	4.94182e+20
19710	4.90775e+20
19720	4.87392e+20
19730	4.84029e+20
19740	4.80692e+20
19750	4.77377e+20
19760	4.74082e+20
19770	4.7081e+20
19780	4.67562e+20
19790	4.64336e+20
19800	4.6113e+20
19810	4.57947e+20
19820	4.54787e+20
19830	4.51645e+20
19840	4.48527e+20
19850	4.45431e+20
19860	4.42353e+20
19870	4.39298e+20
19880	4.36264e+20
19890	4.33249e+20
19900	4.30256e+20
19910	4.27284e+20
19920	4.24329e+20
19930	4.21395e+20
19940	4.18483e+20
19950	4.1559e+20
19960	4.12715e+20
19970	4.09862e+20
19980	4.07028e+20
19990	4.04211e+20
