1e-08	2.52364e-47
1.1e-08	3.20297e-42
1.21e-08	1.00991e-37
1.331e-08	1.00771e-33
1.4641e-08	3.59126e-30
1.61051e-08	4.82807e-27
1.77156e-08	3.03736e-24
1.94872e-08	7.38265e-22
2.14359e-08	6.75985e-20
2.35795e-08	4.2938e-18
2.59374e-08	2.36563e-16
2.85312e-08	1.76705e-14
3.13843e-08	2.01909e-12
3.45227e-08	2.15019e-10
3.7975e-08	1.61848e-08
4.17725e-08	8.11627e-07
4.59497e-08	2.72932e-05
5.05447e-08	0.00063171
5.55992e-08	0.0103903
6.11591e-08	0.125503
6.7275e-08	1.14904
7.40025e-08	8.21314
8.14027e-08	47.1011
8.9543e-08	222.232
9.84973e-08	882.953
1.08347e-07	3019.05
1.19182e-07	9067.29
1.311e-07	24372.5
1.4421e-07	59599.6
1.58631e-07	134421
1.74494e-07	282539
1.91943e-07	557995
2.11138e-07	1.04161e+06
2.32252e-07	1.8484e+06
2.55477e-07	3.1337e+06
2.81024e-07	5.10295e+06
3.09127e-07	8.02143e+06
3.40039e-07	1.22318e+07
3.74043e-07	1.81897e+07
4.11448e-07	2.6479e+07
4.52593e-07	3.7896e+07
4.97852e-07	5.35137e+07
5.47637e-07	7.48321e+07
6.02401e-07	1.03939e+08
6.62641e-07	1.4394e+08
7.28905e-07	1.99398e+08
8.01795e-07	2.77381e+08
8.81975e-07	3.88723e+08
9.70172e-07	5.50092e+08
1.06719e-06	7.85887e+08
1.17391e-06	1.13014e+09
1.2913e-06	1.62652e+09
1.42043e-06	2.32655e+09
1.56247e-06	3.28467e+09
1.71872e-06	4.54912e+09
1.89059e-06	6.14668e+09
2.07965e-06	8.07288e+09
2.28762e-06	1.02827e+10
2.51638e-06	1.26899e+10
2.76801e-06	1.51821e+10
3.04482e-06	1.76341e+10
3.3493e-06	1.99341e+10
3.68423e-06	2.19998e+10
4.05265e-06	2.37835e+10
4.45792e-06	2.52731e+10
4.90371e-06	2.64833e+10
5.39408e-06	2.74457e+10
5.93349e-06	2.81996e+10
6.52683e-06	2.87832e+10
7.17952e-06	2.92323e+10
7.89747e-06	2.95771e+10
8.68722e-06	2.98418e+10
9.55594e-06	3.00455e+10
1.05115e-05	3.02026e+10
1.15627e-05	3.03242e+10
1.2719e-05	3.04187e+10
1.39908e-05	3.04923e+10
1.53899e-05	3.05499e+10
1.69289e-05	3.05949e+10
1.86218e-05	3.06303e+10
2.0484e-05	3.0658e+10
2.25324e-05	3.06799e+10
2.47856e-05	3.0697e+10
2.72642e-05	3.07106e+10
2.99906e-05	3.07213e+10
3.29897e-05	3.07296e+10
3.62887e-05	3.07362e+10
3.99175e-05	3.07414e+10
4.39093e-05	3.07455e+10
4.83002e-05	3.07488e+10
5.31302e-05	3.07513e+10
5.84432e-05	3.07533e+10
6.42876e-05	3.07549e+10
7.07163e-05	3.07561e+10
7.7788e-05	3.07571e+10
8.55668e-05	3.07579e+10
9.41234e-05	3.07585e+10
0.000103536	3.0759e+10
0.000113889	3.07593e+10
0.000125278	3.07596e+10
0.000137806	3.07599e+10
0.000151587	3.07601e+10
0.000166745	3.07602e+10
0.00018342	3.07603e+10
0.000201762	3.07604e+10
0.000221938	3.07605e+10
0.000244132	3.07605e+10
0.000268545	3.07606e+10
0.0002954	3.07606e+10
0.00032494	3.07606e+10
0.000357434	3.07607e+10
0.000393177	3.07607e+10
0.000432495	3.07607e+10
0.000475744	3.07607e+10
0.000523319	3.07607e+10
0.00057565	3.07607e+10
0.000633215	3.07607e+10
0.000696537	3.07607e+10
0.000766191	3.07607e+10
0.00084281	3.07607e+10
0.000927091	3.07607e+10
0.0010198	3.07607e+10
0.00112178	3.07607e+10
0.00123396	3.07607e+10
0.00135735	3.07607e+10
0.00149309	3.07607e+10
0.0016424	3.07607e+10
0.00180664	3.07607e+10
0.0019873	3.07607e+10
0.00218603	3.07607e+10
0.00240463	3.07607e+10
0.0026451	3.07607e+10
0.00290961	3.07607e+10
0.00320057	3.07607e+10
0.00352063	3.07607e+10
0.00387269	3.07607e+10
0.00425996	3.07607e+10
0.00468595	3.07607e+10
0.00515455	3.07607e+10
0.00567	3.07607e+10
0.006237	3.07607e+10
0.0068607	3.07607e+10
0.00754677	3.07607e+10
0.00830145	3.07607e+10
0.0091316	3.07607e+10
0.0100448	3.07607e+10
0.0110492	3.07607e+10
0.0121542	3.07607e+10
0.0133696	3.07607e+10
0.0147065	3.07607e+10
0.0161772	3.07607e+10
0.0177949	3.07607e+10
0.0195744	3.07607e+10
0.0215318	3.07607e+10
0.023685	3.07607e+10
0.0260535	3.07607e+10
0.0286589	3.07607e+10
0.0315247	3.07607e+10
0.0346772	3.07607e+10
0.0381449	3.07607e+10
0.0419594	3.07607e+10
0.0461554	3.07607e+10
0.0507709	3.07607e+10
0.055848	3.07607e+10
0.0614328	3.07607e+10
0.0675761	3.07607e+10
0.0743337	3.07607e+10
0.0817671	3.07607e+10
0.0899438	3.07607e+10
0.0989382	3.07607e+10
0.108832	3.07607e+10
0.119715	3.07607e+10
0.131687	3.07607e+10
0.144855	3.07607e+10
0.159341	3.07607e+10
0.175275	3.07607e+10
0.192802	3.07607e+10
0.212083	3.07607e+10
0.233291	3.07607e+10
0.25662	3.07607e+10
0.282282	3.07607e+10
0.31051	3.07607e+10
0.341561	3.07607e+10
0.375717	3.07607e+10
0.413289	3.07607e+10
0.454618	3.07607e+10
0.50008	3.07607e+10
0.550088	3.07607e+10
0.605097	3.07607e+10
0.665606	3.07607e+10
0.732167	3.07607e+10
0.805384	3.07607e+10
0.885922	3.07607e+10
0.974514	3.07607e+10
1.07197	3.07607e+10
1.17916	3.07607e+10
1.29708	3.07607e+10
1.42679	3.07607e+10
1.56947	3.07607e+10
1.72641	3.07607e+10
1.89905	3.07607e+10
2.08896	3.07607e+10
2.29785	3.07607e+10
2.52764	3.07607e+10
2.7804	3.07607e+10
3.05844	3.07607e+10
3.36429	3.07607e+10
3.70072	3.07607e+10
4.07079	3.07607e+10
4.47787	3.07607e+10
4.92565	3.07607e+10
5.41822	3.07607e+10
5.96004	3.07607e+10
6.55605	3.07607e+10
7.21165	3.07607e+10
7.93281	3.07607e+10
8.7261	3.07607e+10
9.59871	3.07607e+10
