5.29056e+12	5.17225e+45
7.05408e+12	9.1954e+45
8.8176e+12	1.43686e+46
1.05811e+13	2.06754e+46
1.23446e+13	2.81439e+46
1.41082e+13	3.67336e+46
1.58717e+13	4.64239e+46
1.76352e+13	5.72745e+46
1.93987e+13	6.93113e+46
2.11622e+13	8.24322e+46
2.29258e+13	9.67586e+46
2.46893e+13	1.12147e+47
2.64528e+13	1.28461e+47
2.82163e+13	1.46072e+47
2.99798e+13	1.64808e+47
3.17434e+13	1.84659e+47
3.35069e+13	2.05311e+47
3.52704e+13	2.27365e+47
3.70339e+13	2.50533e+47
3.87974e+13	2.74388e+47
4.0561e+13	2.99752e+47
4.23245e+13	3.25448e+47
4.4088e+13	3.52955e+47
4.58515e+13	3.8157e+47
4.7615e+13	4.10321e+47
4.93785e+13	4.4107e+47
5.11421e+13	4.71803e+47
5.29056e+13	5.04285e+47
5.46691e+13	5.37396e+47
5.64326e+13	5.71934e+47
5.81961e+13	6.06549e+47
5.99597e+13	6.43609e+47
6.17232e+13	6.8014e+47
6.34867e+13	7.18701e+47
6.52502e+13	7.57099e+47
6.70137e+13	7.96404e+47
6.87773e+13	8.37902e+47
7.05408e+13	8.79052e+47
7.23043e+13	9.22504e+47
7.40678e+13	9.64625e+47
7.58313e+13	1.00838e+48
7.75949e+13	1.05466e+48
7.93584e+13	1.10017e+48
8.11219e+13	1.14567e+48
8.28854e+13	1.19283e+48
8.46489e+13	1.24172e+48
8.64125e+13	1.29058e+48
8.8176e+13	1.33912e+48
8.99395e+13	1.38954e+48
9.1703e+13	1.43964e+48
9.34665e+13	1.49271e+48
9.52301e+13	1.5455e+48
9.69936e+13	1.59774e+48
9.87571e+13	1.65064e+48
1.00521e+14	1.70432e+48
1.02284e+14	1.76009e+48
1.04048e+14	1.81501e+48
1.05811e+14	1.87358e+48
1.07575e+14	1.92991e+48
1.09338e+14	1.98692e+48
1.11102e+14	2.04456e+48
1.12865e+14	2.10275e+48
1.14629e+14	2.16154e+48
1.16392e+14	2.221e+48
1.18156e+14	2.27908e+48
1.19919e+14	2.33959e+48
1.21683e+14	2.40066e+48
1.23446e+14	2.46232e+48
1.2521e+14	2.52238e+48
1.26973e+14	2.58107e+48
1.28737e+14	2.64417e+48
1.305e+14	2.70551e+48
1.32264e+14	2.76967e+48
1.34027e+14	2.8343e+48
1.35791e+14	2.89692e+48
1.37555e+14	2.96254e+48
1.39318e+14	3.02599e+48
1.41082e+14	3.08753e+48
1.42845e+14	3.15167e+48
1.44609e+14	3.21606e+48
1.46372e+14	3.28371e+48
1.48136e+14	3.3488e+48
1.49899e+14	3.41186e+48
1.51663e+14	3.47757e+48
1.53426e+14	3.54345e+48
1.5519e+14	3.60974e+48
1.56953e+14	3.67371e+48
1.58717e+14	3.74037e+48
1.6048e+14	3.80725e+48
1.62244e+14	3.86827e+48
1.64007e+14	3.93923e+48
1.65771e+14	4.00681e+48
1.67534e+14	4.06793e+48
1.69298e+14	4.13601e+48
1.71061e+14	4.20399e+48
1.72825e+14	4.26522e+48
1.74588e+14	4.33372e+48
1.76352e+14	4.40627e+48
1.78115e+14	4.46759e+48
1.79879e+14	4.53623e+48
1.81643e+14	4.59775e+48
1.83406e+14	4.66656e+48
1.8517e+14	4.72763e+48
1.86933e+14	4.79663e+48
1.88697e+14	4.86579e+48
1.9046e+14	4.92671e+48
1.92224e+14	4.99586e+48
1.93987e+14	5.05673e+48
1.95751e+14	5.12567e+48
1.97514e+14	5.18629e+48
1.99278e+14	5.2554e+48
2.01041e+14	5.31557e+48
2.02805e+14	5.37041e+48
2.04568e+14	5.43923e+48
2.06332e+14	5.49874e+48
2.08095e+14	5.56743e+48
2.09859e+14	5.62655e+48
2.11622e+14	5.69514e+48
2.13386e+14	5.75394e+48
2.15149e+14	5.82209e+48
2.16913e+14	5.88059e+48
2.18676e+14	5.93872e+48
2.2044e+14	6.00637e+48
2.22203e+14	6.05793e+48
2.23967e+14	6.11496e+48
2.25731e+14	6.18201e+48
2.27494e+14	6.23893e+48
2.29258e+14	6.30553e+48
2.31021e+14	6.36137e+48
2.32785e+14	6.41734e+48
2.34548e+14	6.4833e+48
2.36312e+14	6.53123e+48
2.38075e+14	6.58599e+48
2.39839e+14	6.65118e+48
2.41602e+14	6.7048e+48
2.43366e+14	6.75847e+48
2.45129e+14	6.81132e+48
2.46893e+14	6.87549e+48
2.48656e+14	6.92773e+48
2.5042e+14	6.97164e+48
2.52183e+14	7.035e+48
2.53947e+14	7.08587e+48
2.5571e+14	7.13603e+48
2.57474e+14	7.18604e+48
2.59237e+14	7.24783e+48
2.61001e+14	7.29697e+48
2.62764e+14	7.34519e+48
2.64528e+14	7.39331e+48
2.66291e+14	7.45371e+48
2.68055e+14	7.49199e+48
2.69819e+14	7.53874e+48
2.71582e+14	7.58441e+48
2.73346e+14	7.62958e+48
2.75109e+14	7.68812e+48
2.76873e+14	7.73222e+48
2.78636e+14	7.77571e+48
2.804e+14	7.81931e+48
2.82163e+14	7.86171e+48
2.83927e+14	7.9038e+48
2.8569e+14	7.95923e+48
2.87454e+14	7.99998e+48
2.89217e+14	8.04045e+48
2.90981e+14	8.08027e+48
2.92744e+14	8.11915e+48
2.94508e+14	8.15901e+48
2.96271e+14	8.21116e+48
2.98035e+14	8.24957e+48
2.99798e+14	8.28636e+48
3.01562e+14	8.32332e+48
3.03325e+14	8.35873e+48
3.05089e+14	8.3946e+48
3.06852e+14	8.42985e+48
3.08616e+14	8.47937e+48
3.10379e+14	8.51343e+48
3.12143e+14	8.5468e+48
3.13906e+14	8.57925e+48
3.1567e+14	8.6127e+48
3.17434e+14	8.64393e+48
3.19197e+14	8.67576e+48
3.20961e+14	8.70584e+48
3.22724e+14	8.73609e+48
3.24488e+14	8.76621e+48
3.26251e+14	8.81116e+48
3.28015e+14	8.83933e+48
3.29778e+14	8.86759e+48
3.31542e+14	8.89451e+48
3.33305e+14	8.92231e+48
3.35069e+14	8.94821e+48
3.36832e+14	8.97427e+48
3.38596e+14	9.00028e+48
3.40359e+14	9.02374e+48
3.42123e+14	9.04819e+48
3.43886e+14	9.07171e+48
3.4565e+14	9.09445e+48
3.47413e+14	9.11796e+48
3.49177e+14	9.15628e+48
3.5094e+14	9.17735e+48
3.52704e+14	9.19854e+48
3.54467e+14	9.21932e+48
3.56231e+14	9.23817e+48
3.57994e+14	9.25769e+48
3.59758e+14	9.27635e+48
3.61522e+14	9.29414e+48
3.63285e+14	9.31285e+48
3.65049e+14	9.32951e+48
3.66812e+14	9.34642e+48
3.68576e+14	9.36201e+48
3.70339e+14	9.37761e+48
3.72103e+14	9.39247e+48
3.73866e+14	9.40741e+48
3.7563e+14	9.42081e+48
3.77393e+14	9.43429e+48
3.79157e+14	9.44652e+48
3.8092e+14	9.45932e+48
3.82684e+14	9.47067e+48
3.84447e+14	9.48211e+48
3.86211e+14	9.50999e+48
3.87974e+14	9.52042e+48
3.89738e+14	9.52973e+48
3.91501e+14	9.53878e+48
3.93265e+14	9.54872e+48
3.95028e+14	9.55641e+48
3.96792e+14	9.56346e+48
3.98555e+14	9.57089e+48
4.00319e+14	9.57797e+48
4.02082e+14	9.58293e+48
4.03846e+14	9.58871e+48
4.0561e+14	9.59353e+48
4.07373e+14	9.59933e+48
4.09137e+14	9.60308e+48
4.109e+14	9.60625e+48
4.12664e+14	9.61018e+48
4.14427e+14	9.61152e+48
4.16191e+14	9.61412e+48
4.17954e+14	9.61604e+48
4.19718e+14	9.61696e+48
4.21481e+14	9.61791e+48
4.23245e+14	9.61754e+48
4.25008e+14	9.61647e+48
4.26772e+14	9.61715e+48
4.28535e+14	9.6147e+48
4.30299e+14	9.6141e+48
4.32062e+14	9.61203e+48
4.33826e+14	9.60966e+48
4.35589e+14	9.60669e+48
4.37353e+14	9.6026e+48
4.39116e+14	9.59843e+48
4.4088e+14	9.59366e+48
4.42643e+14	9.58965e+48
4.44407e+14	9.60292e+48
4.4617e+14	9.59733e+48
4.47934e+14	9.5916e+48
4.49698e+14	9.58369e+48
4.51461e+14	9.57673e+48
4.53225e+14	9.57044e+48
4.54988e+14	9.56227e+48
4.56752e+14	9.55344e+48
4.58515e+14	9.5454e+48
4.60279e+14	9.53574e+48
4.62042e+14	9.52636e+48
4.63806e+14	9.51515e+48
4.65569e+14	9.50516e+48
4.67333e+14	9.49411e+48
4.69096e+14	9.4832e+48
4.7086e+14	9.47274e+48
4.72623e+14	9.45993e+48
4.74387e+14	9.4473e+48
4.7615e+14	9.4351e+48
4.77914e+14	9.42141e+48
4.79677e+14	9.40809e+48
4.81441e+14	9.3941e+48
4.83204e+14	9.40005e+48
4.84968e+14	9.38496e+48
4.86731e+14	9.36986e+48
4.88495e+14	9.35409e+48
4.90258e+14	9.33927e+48
4.92022e+14	9.32242e+48
4.93785e+14	9.30688e+48
4.95549e+14	9.28897e+48
4.97313e+14	9.27229e+48
4.99076e+14	9.25477e+48
5.0084e+14	9.2372e+48
5.02603e+14	9.21886e+48
5.04367e+14	9.20026e+48
5.0613e+14	9.18066e+48
5.07894e+14	9.16273e+48
5.09657e+14	9.16214e+48
5.11421e+14	9.14285e+48
5.13184e+14	9.12182e+48
5.14948e+14	9.10166e+48
5.16711e+14	9.08156e+48
5.18475e+14	9.0603e+48
5.20238e+14	9.03865e+48
5.22002e+14	9.01715e+48
5.23765e+14	8.9944e+48
5.25529e+14	8.97346e+48
5.27292e+14	8.95026e+48
5.29056e+14	8.94762e+48
5.30819e+14	8.9237e+48
5.32583e+14	8.90054e+48
5.34346e+14	8.87739e+48
5.3611e+14	8.85368e+48
5.37873e+14	8.82921e+48
5.39637e+14	8.80461e+48
5.41401e+14	8.77955e+48
5.43164e+14	8.75413e+48
5.44928e+14	8.74927e+48
5.46691e+14	8.72291e+48
5.48455e+14	8.69809e+48
5.50218e+14	8.67087e+48
5.51982e+14	8.64481e+48
5.53745e+14	8.61877e+48
5.55509e+14	8.59235e+48
5.57272e+14	8.58474e+48
5.59036e+14	8.55701e+48
5.60799e+14	8.52932e+48
5.62563e+14	8.50114e+48
5.64326e+14	8.47423e+48
5.6609e+14	8.44574e+48
5.67853e+14	8.41811e+48
5.69617e+14	8.40711e+48
5.7138e+14	8.3794e+48
5.73144e+14	8.35065e+48
5.74907e+14	8.32212e+48
5.76671e+14	8.29052e+48
5.78434e+14	8.26276e+48
5.80198e+14	8.25203e+48
5.81961e+14	8.22134e+48
5.83725e+14	8.19073e+48
5.85489e+14	8.16169e+48
5.87252e+14	8.13003e+48
5.89016e+14	8.1191e+48
5.90779e+14	8.08707e+48
5.92543e+14	8.05663e+48
5.94306e+14	8.02556e+48
5.9607e+14	7.99459e+48
5.97833e+14	7.98188e+48
5.99597e+14	7.95011e+48
6.0136e+14	7.91806e+48
6.03124e+14	7.88543e+48
6.04887e+14	7.85273e+48
6.06651e+14	7.84027e+48
6.08414e+14	7.80665e+48
6.10178e+14	7.77542e+48
6.11941e+14	7.74116e+48
6.13705e+14	7.72697e+48
6.15468e+14	7.6949e+48
6.17232e+14	7.6618e+48
6.18995e+14	7.62838e+48
6.20759e+14	7.59543e+48
6.22522e+14	7.5796e+48
6.24286e+14	7.54605e+48
6.26049e+14	7.5116e+48
6.27813e+14	7.47881e+48
6.29577e+14	7.46251e+48
6.3134e+14	7.42917e+48
6.33104e+14	7.39938e+48
6.34867e+14	7.3695e+48
6.36631e+14	7.3408e+48
6.38394e+14	7.31011e+48
6.40158e+14	7.28123e+48
6.41921e+14	7.25025e+48
6.43685e+14	7.22053e+48
6.45448e+14	7.19094e+48
6.47212e+14	7.16305e+48
6.48975e+14	7.13258e+48
6.50739e+14	7.10214e+48
6.52502e+14	7.07357e+48
6.54266e+14	7.04268e+48
6.56029e+14	7.01357e+48
6.57793e+14	6.98189e+48
6.59556e+14	6.9524e+48
6.6132e+14	6.92264e+48
6.63083e+14	6.89408e+48
6.64847e+14	6.86421e+48
6.6661e+14	6.83344e+48
6.68374e+14	6.8025e+48
6.70137e+14	6.77363e+48
6.71901e+14	6.74221e+48
6.73664e+14	6.71442e+48
6.75428e+14	6.68326e+48
6.77192e+14	6.65125e+48
6.78955e+14	6.62305e+48
6.80719e+14	6.59098e+48
6.82482e+14	6.56209e+48
6.84246e+14	6.53337e+48
6.86009e+14	6.50271e+48
6.87773e+14	6.47338e+48
6.89536e+14	6.44402e+48
6.913e+14	6.4128e+48
6.93063e+14	6.38305e+48
6.94827e+14	6.35288e+48
6.9659e+14	6.32283e+48
6.98354e+14	6.29091e+48
7.00117e+14	6.26254e+48
7.01881e+14	6.23167e+48
7.03644e+14	6.20293e+48
7.05408e+14	6.17207e+48
7.07171e+14	6.14294e+48
7.08935e+14	6.1135e+48
7.10698e+14	6.08209e+48
7.12462e+14	6.0525e+48
7.14225e+14	6.02253e+48
7.15989e+14	5.99431e+48
7.17752e+14	5.96428e+48
7.19516e+14	5.93387e+48
7.2128e+14	5.90594e+48
7.23043e+14	5.87674e+48
7.24807e+14	5.84588e+48
7.2657e+14	5.8175e+48
7.28334e+14	5.78792e+48
7.30097e+14	5.75869e+48
7.31861e+14	5.7293e+48
7.33624e+14	5.69982e+48
7.35388e+14	5.67204e+48
7.37151e+14	5.64044e+48
7.38915e+14	5.61207e+48
7.40678e+14	5.58233e+48
7.42442e+14	5.55394e+48
7.44205e+14	5.52523e+48
7.45969e+14	5.49511e+48
7.47732e+14	5.46845e+48
7.49496e+14	5.43929e+48
7.51259e+14	5.41031e+48
7.53023e+14	5.38327e+48
7.54786e+14	5.35403e+48
7.5655e+14	5.32507e+48
7.58313e+14	5.29558e+48
7.60077e+14	5.26816e+48
7.6184e+14	5.2403e+48
7.63604e+14	5.2105e+48
7.65368e+14	5.18405e+48
7.67131e+14	5.15593e+48
7.68895e+14	5.12789e+48
7.70658e+14	5.09972e+48
7.72422e+14	5.07125e+48
7.74185e+14	5.04321e+48
7.75949e+14	5.01592e+48
7.77712e+14	4.98919e+48
7.79476e+14	4.96057e+48
7.81239e+14	4.93324e+48
7.83003e+14	4.9063e+48
7.84766e+14	4.87876e+48
7.8653e+14	4.85181e+48
7.88293e+14	4.82465e+48
7.90057e+14	4.79686e+48
7.9182e+14	4.771e+48
7.93584e+14	4.74354e+48
7.95347e+14	4.71751e+48
7.97111e+14	4.6901e+48
7.98874e+14	4.66373e+48
8.00638e+14	4.6375e+48
8.02401e+14	4.61114e+48
8.04165e+14	4.58323e+48
8.05928e+14	4.55672e+48
8.07692e+14	4.5322e+48
8.09456e+14	4.50564e+48
8.11219e+14	4.47868e+48
8.12983e+14	4.45399e+48
8.14746e+14	4.42917e+48
8.1651e+14	4.40201e+48
8.18273e+14	4.37688e+48
8.20037e+14	4.35002e+48
8.218e+14	4.32477e+48
8.23564e+14	4.29943e+48
8.25327e+14	4.27442e+48
8.27091e+14	4.24894e+48
8.28854e+14	4.22349e+48
8.30618e+14	4.19954e+48
8.32381e+14	4.17389e+48
8.34145e+14	4.14814e+48
8.35908e+14	4.12609e+48
8.37672e+14	4.10027e+48
8.39435e+14	4.07445e+48
8.41199e+14	4.05197e+48
8.42962e+14	4.0262e+48
8.44726e+14	4.00342e+48
8.46489e+14	3.9775e+48
8.48253e+14	3.95484e+48
8.50016e+14	3.93074e+48
8.5178e+14	3.9059e+48
8.53543e+14	3.88301e+48
8.55307e+14	3.85875e+48
8.57071e+14	3.8358e+48
8.58834e+14	3.81281e+48
8.60598e+14	3.78839e+48
8.62361e+14	3.76534e+48
8.64125e+14	3.74198e+48
8.65888e+14	3.71877e+48
8.67652e+14	3.6956e+48
8.69415e+14	3.67414e+48
8.71179e+14	3.65079e+48
8.72942e+14	3.62946e+48
8.74706e+14	3.6059e+48
8.76469e+14	3.5845e+48
8.78233e+14	3.56101e+48
8.79996e+14	3.53932e+48
8.8176e+14	3.51564e+48
8.83523e+14	3.49423e+48
8.85287e+14	3.47246e+48
8.8705e+14	3.45065e+48
8.88814e+14	3.4291e+48
8.90577e+14	3.40631e+48
8.92341e+14	3.38439e+48
8.94104e+14	3.36266e+48
8.95868e+14	3.34387e+48
8.97631e+14	3.32187e+48
8.99395e+14	3.30004e+48
9.01159e+14	3.2792e+48
9.02922e+14	3.25708e+48
9.04686e+14	3.23798e+48
9.06449e+14	3.21605e+48
9.08213e+14	3.19706e+48
9.09976e+14	3.17486e+48
9.1174e+14	3.15583e+48
9.13503e+14	3.13477e+48
9.15267e+14	3.1145e+48
9.1703e+14	3.09535e+48
9.18794e+14	3.0741e+48
9.20557e+14	3.05393e+48
9.22321e+14	3.03472e+48
9.24084e+14	3.01532e+48
9.25848e+14	2.99603e+48
9.27611e+14	2.97676e+48
9.29375e+14	2.95635e+48
9.31138e+14	2.93686e+48
9.32902e+14	2.91754e+48
9.34665e+14	2.89818e+48
9.36429e+14	2.88058e+48
9.38192e+14	2.86119e+48
9.39956e+14	2.84175e+48
9.41719e+14	2.82217e+48
9.43483e+14	2.80453e+48
9.45247e+14	2.78611e+48
9.4701e+14	2.76841e+48
9.48774e+14	2.74876e+48
9.50537e+14	2.73103e+48
9.52301e+14	2.7136e+48
9.54064e+14	2.69394e+48
9.55828e+14	2.67704e+48
9.57591e+14	2.65954e+48
9.59355e+14	2.64176e+48
9.61118e+14	2.62483e+48
9.62882e+14	2.60712e+48
9.64645e+14	2.59029e+48
9.66409e+14	2.57247e+48
9.68172e+14	2.55463e+48
9.69936e+14	2.53777e+48
9.71699e+14	2.52005e+48
9.73463e+14	2.503e+48
9.75226e+14	2.48611e+48
9.7699e+14	2.47012e+48
9.78753e+14	2.4532e+48
9.80517e+14	2.43529e+48
9.8228e+14	2.42024e+48
9.84044e+14	2.4033e+48
9.85807e+14	2.38724e+48
9.87571e+14	2.37028e+48
9.89335e+14	2.35507e+48
9.91098e+14	2.33806e+48
9.92862e+14	2.32283e+48
9.94625e+14	2.30766e+48
9.96389e+14	2.28977e+48
9.98152e+14	2.27461e+48
9.99916e+14	2.25947e+48
1.00168e+15	2.24416e+48
1.00344e+15	2.2289e+48
1.00521e+15	2.21371e+48
1.00697e+15	2.19854e+48
1.00873e+15	2.18323e+48
1.0105e+15	2.16794e+48
1.01226e+15	2.15285e+48
1.01402e+15	2.1383e+48
1.01579e+15	2.12298e+48
1.01755e+15	2.10949e+48
1.01931e+15	2.09441e+48
1.02108e+15	2.07909e+48
1.02284e+15	2.06631e+48
1.0246e+15	2.05101e+48
1.02637e+15	2.0359e+48
1.02813e+15	2.0224e+48
1.0299e+15	2.00962e+48
1.03166e+15	1.99442e+48
1.03342e+15	1.98172e+48
1.03519e+15	1.9664e+48
1.03695e+15	1.9529e+48
1.03871e+15	1.94018e+48
1.04048e+15	1.92498e+48
1.04224e+15	1.91217e+48
1.044e+15	1.89934e+48
1.04577e+15	1.88595e+48
1.04753e+15	1.87321e+48
1.04929e+15	1.85972e+48
1.05106e+15	1.847e+48
1.05282e+15	1.83416e+48
1.05458e+15	1.82078e+48
1.05635e+15	1.80795e+48
1.05811e+15	1.79523e+48
1.05988e+15	1.78174e+48
1.06164e+15	1.76901e+48
1.0634e+15	1.75795e+48
1.06517e+15	1.7452e+48
1.06693e+15	1.73238e+48
1.06869e+15	1.72133e+48
1.07046e+15	1.70858e+48
1.07222e+15	1.69523e+48
1.07398e+15	1.68419e+48
1.07575e+15	1.67137e+48
1.07751e+15	1.66041e+48
1.07927e+15	1.64768e+48
1.08104e+15	1.63661e+48
1.0828e+15	1.62557e+48
1.08456e+15	1.61345e+48
1.08633e+15	1.60251e+48
1.08809e+15	1.59145e+48
1.08986e+15	1.58039e+48
1.09162e+15	1.56762e+48
1.09338e+15	1.55674e+48
1.09515e+15	1.54628e+48
1.09691e+15	1.53524e+48
1.09867e+15	1.5242e+48
1.10044e+15	1.51333e+48
1.1022e+15	1.50288e+48
1.10396e+15	1.49186e+48
1.10573e+15	1.48085e+48
1.10749e+15	1.47048e+48
1.10925e+15	1.45955e+48
1.11102e+15	1.44854e+48
1.11278e+15	1.4398e+48
1.11454e+15	1.42889e+48
1.11631e+15	1.41853e+48
1.11807e+15	1.40756e+48
1.11983e+15	1.39812e+48
1.1216e+15	1.38792e+48
1.12336e+15	1.37814e+48
1.12513e+15	1.36847e+48
1.12689e+15	1.35819e+48
1.12865e+15	1.34862e+48
1.13042e+15	1.33861e+48
1.13218e+15	1.3292e+48
1.13394e+15	1.3197e+48
1.13571e+15	1.3098e+48
1.13747e+15	1.30063e+48
1.13923e+15	1.29125e+48
1.141e+15	1.28209e+48
1.14276e+15	1.27286e+48
1.14452e+15	1.26341e+48
1.14629e+15	1.25436e+48
1.14805e+15	1.24532e+48
1.14981e+15	1.23636e+48
1.15158e+15	1.22749e+48
1.15334e+15	1.21869e+48
1.15511e+15	1.20983e+48
1.15687e+15	1.20098e+48
1.15863e+15	1.19237e+48
1.1604e+15	1.18329e+48
1.16216e+15	1.17477e+48
1.16392e+15	1.16657e+48
1.16569e+15	1.15806e+48
1.16745e+15	1.14963e+48
1.16921e+15	1.14136e+48
1.17098e+15	1.13304e+48
1.17274e+15	1.12472e+48
1.1745e+15	1.11641e+48
1.17627e+15	1.10823e+48
1.17803e+15	1.10009e+48
1.17979e+15	1.09238e+48
1.18156e+15	1.08441e+48
1.18332e+15	1.0763e+48
1.18509e+15	1.06846e+48
1.18685e+15	1.06094e+48
1.18861e+15	1.05315e+48
1.19038e+15	1.04521e+48
1.19214e+15	1.03791e+48
1.1939e+15	1.03021e+48
1.19567e+15	1.0226e+48
1.19743e+15	1.01541e+48
1.19919e+15	1.00767e+48
1.20096e+15	1.00071e+48
1.20272e+15	9.93174e+47
1.20448e+15	9.86169e+47
1.20625e+15	9.78763e+47
1.20801e+15	9.71754e+47
1.20977e+15	9.64415e+47
1.21154e+15	9.57571e+47
1.2133e+15	9.50401e+47
1.21507e+15	9.43567e+47
1.21683e+15	9.36361e+47
1.21859e+15	9.29741e+47
1.22036e+15	9.23082e+47
1.22212e+15	9.16093e+47
1.22388e+15	9.09445e+47
1.22565e+15	9.02948e+47
1.22741e+15	8.96141e+47
1.22917e+15	8.89655e+47
1.23094e+15	8.83185e+47
1.2327e+15	8.76387e+47
1.23446e+15	8.70069e+47
1.23623e+15	8.63808e+47
1.23799e+15	8.575e+47
1.23975e+15	8.51192e+47
1.24152e+15	8.45103e+47
1.24328e+15	8.38604e+47
1.24504e+15	8.32514e+47
1.24681e+15	8.26397e+47
1.24857e+15	8.20418e+47
1.25034e+15	8.14299e+47
1.2521e+15	8.08373e+47
1.25386e+15	8.0247e+47
1.25563e+15	7.9666e+47
1.25739e+15	7.90714e+47
1.25915e+15	7.84923e+47
1.26092e+15	7.79131e+47
1.26268e+15	7.73433e+47
1.26444e+15	7.67664e+47
1.26621e+15	7.62042e+47
1.26797e+15	7.56426e+47
1.26973e+15	7.5081e+47
1.2715e+15	7.45287e+47
1.27326e+15	7.4e+47
1.27502e+15	7.34553e+47
1.27679e+15	7.29112e+47
1.27855e+15	7.23672e+47
1.28032e+15	7.18254e+47
1.28208e+15	7.12903e+47
1.28384e+15	7.07936e+47
1.28561e+15	7.0267e+47
1.28737e+15	6.97405e+47
1.28913e+15	6.92151e+47
1.2909e+15	6.87233e+47
1.29266e+15	6.82171e+47
1.29442e+15	6.76936e+47
1.29619e+15	6.72137e+47
1.29795e+15	6.67056e+47
1.29971e+15	6.62409e+47
1.30148e+15	6.57375e+47
1.30324e+15	6.52455e+47
1.305e+15	6.47855e+47
1.30677e+15	6.42946e+47
1.30853e+15	6.38316e+47
1.3103e+15	6.33415e+47
1.31206e+15	6.28977e+47
1.31382e+15	6.24088e+47
1.31559e+15	6.19658e+47
1.31735e+15	6.14927e+47
1.31911e+15	6.10608e+47
1.32088e+15	6.05921e+47
1.32264e+15	6.01607e+47
1.3244e+15	5.96896e+47
1.32617e+15	5.92631e+47
1.32793e+15	5.88339e+47
1.32969e+15	5.83924e+47
1.33146e+15	5.79671e+47
1.33322e+15	5.75521e+47
1.33498e+15	5.71124e+47
1.33675e+15	5.66855e+47
1.33851e+15	5.62891e+47
1.34027e+15	5.58515e+47
1.34204e+15	5.54427e+47
1.3438e+15	5.50438e+47
1.34557e+15	5.46464e+47
1.34733e+15	5.42114e+47
1.34909e+15	5.38311e+47
1.35086e+15	5.34345e+47
1.35262e+15	5.30418e+47
1.35438e+15	5.26599e+47
1.35615e+15	5.22653e+47
1.35791e+15	5.18602e+47
1.35967e+15	5.14798e+47
1.36144e+15	5.11028e+47
1.3632e+15	5.07389e+47
1.36496e+15	5.03598e+47
1.36673e+15	4.99948e+47
1.36849e+15	4.96169e+47
1.37025e+15	4.92518e+47
1.37202e+15	4.88881e+47
1.37378e+15	4.85275e+47
1.37555e+15	4.81796e+47
1.37731e+15	4.78173e+47
1.37907e+15	4.74687e+47
1.38084e+15	4.71195e+47
1.3826e+15	4.67586e+47
1.38436e+15	4.64244e+47
1.38613e+15	4.60816e+47
1.38789e+15	4.57352e+47
1.38965e+15	4.53893e+47
1.39142e+15	4.5056e+47
1.39318e+15	4.47451e+47
1.39494e+15	4.44128e+47
1.39671e+15	4.40814e+47
1.39847e+15	4.37554e+47
1.40023e+15	4.34246e+47
1.402e+15	4.30949e+47
1.40376e+15	4.27985e+47
1.40553e+15	4.24819e+47
1.40729e+15	4.21535e+47
1.40905e+15	4.18398e+47
1.41082e+15	4.15449e+47
1.41258e+15	4.12329e+47
1.41434e+15	4.0931e+47
1.41611e+15	4.06371e+47
1.41787e+15	4.03363e+47
1.41963e+15	4.00236e+47
1.4214e+15	3.97449e+47
1.42316e+15	3.9446e+47
1.42492e+15	3.91494e+47
1.42669e+15	3.88695e+47
1.42845e+15	3.85845e+47
1.43021e+15	3.82868e+47
1.43198e+15	3.80208e+47
1.43374e+15	3.7726e+47
1.4355e+15	3.74608e+47
1.43727e+15	3.71772e+47
1.43903e+15	3.69146e+47
1.4408e+15	3.6632e+47
1.44256e+15	3.63681e+47
1.44432e+15	3.6099e+47
1.44609e+15	3.58372e+47
1.44785e+15	3.55692e+47
1.44961e+15	3.53058e+47
1.45138e+15	3.50387e+47
1.45314e+15	3.47904e+47
1.4549e+15	3.45241e+47
1.45667e+15	3.42743e+47
1.45843e+15	3.40378e+47
1.46019e+15	3.37741e+47
1.46196e+15	3.35253e+47
1.46372e+15	3.32896e+47
1.46548e+15	3.30375e+47
1.46725e+15	3.27921e+47
1.46901e+15	3.25567e+47
1.47078e+15	3.23062e+47
1.47254e+15	3.20734e+47
1.4743e+15	3.18516e+47
1.47607e+15	3.16017e+47
1.47783e+15	3.13686e+47
1.47959e+15	3.11472e+47
1.48136e+15	3.09264e+47
1.48312e+15	3.06801e+47
1.48488e+15	3.04597e+47
1.48665e+15	3.02415e+47
1.48841e+15	3.00215e+47
1.49017e+15	2.98024e+47
1.49194e+15	2.95683e+47
1.4937e+15	2.93616e+47
1.49546e+15	2.91429e+47
1.49723e+15	2.89379e+47
1.49899e+15	2.87203e+47
1.50076e+15	2.85158e+47
1.50252e+15	2.83103e+47
1.50428e+15	2.80907e+47
1.50605e+15	2.78857e+47
1.50781e+15	2.76813e+47
1.50957e+15	2.74767e+47
1.51134e+15	2.7273e+47
1.5131e+15	2.70706e+47
1.51486e+15	2.688e+47
1.51663e+15	2.66772e+47
1.51839e+15	2.64856e+47
1.52015e+15	2.62948e+47
1.52192e+15	2.61039e+47
1.52368e+15	2.59019e+47
1.52544e+15	2.57118e+47
1.52721e+15	2.55332e+47
1.52897e+15	2.53462e+47
1.53074e+15	2.51571e+47
1.5325e+15	2.49679e+47
1.53426e+15	2.48035e+47
1.53603e+15	2.4615e+47
1.53779e+15	2.44379e+47
1.53955e+15	2.42503e+47
1.54132e+15	2.40737e+47
1.54308e+15	2.38988e+47
1.54484e+15	2.37245e+47
1.54661e+15	2.35489e+47
1.54837e+15	2.33857e+47
1.55013e+15	2.3211e+47
1.5519e+15	2.30362e+47
1.55366e+15	2.28728e+47
1.55542e+15	2.2699e+47
1.55719e+15	2.25368e+47
1.55895e+15	2.23754e+47
1.56071e+15	2.22133e+47
1.56248e+15	2.20415e+47
1.56424e+15	2.18912e+47
1.56601e+15	2.17298e+47
1.56777e+15	2.15685e+47
1.56953e+15	2.14076e+47
1.5713e+15	2.12585e+47
1.57306e+15	2.1098e+47
1.57482e+15	2.09388e+47
1.57659e+15	2.0801e+47
1.57835e+15	2.06414e+47
1.58011e+15	2.04938e+47
1.58188e+15	2.03458e+47
1.58364e+15	2.01976e+47
1.5854e+15	2.00499e+47
1.58717e+15	1.99022e+47
1.58893e+15	1.97552e+47
1.59069e+15	1.96195e+47
1.59246e+15	1.94727e+47
1.59422e+15	1.93368e+47
1.59599e+15	1.91905e+47
1.59775e+15	1.90557e+47
1.59951e+15	1.891e+47
1.60128e+15	1.87645e+47
1.60304e+15	1.86398e+47
1.6048e+15	1.84948e+47
1.60657e+15	1.83717e+47
1.60833e+15	1.82271e+47
1.61009e+15	1.81031e+47
1.61186e+15	1.79698e+47
1.61362e+15	1.78359e+47
1.61538e+15	1.77134e+47
1.61715e+15	1.75806e+47
1.61891e+15	1.74576e+47
1.62067e+15	1.73252e+47
1.62244e+15	1.72025e+47
1.6242e+15	1.70717e+47
1.62597e+15	1.69495e+47
1.62773e+15	1.68374e+47
1.62949e+15	1.67065e+47
1.63126e+15	1.65848e+47
1.63302e+15	1.64642e+47
1.63478e+15	1.63438e+47
1.63655e+15	1.62328e+47
1.63831e+15	1.6113e+47
1.64007e+15	1.59922e+47
1.64184e+15	1.58825e+47
1.6436e+15	1.57636e+47
1.64536e+15	1.56533e+47
1.64713e+15	1.55433e+47
1.64889e+15	1.54336e+47
1.65065e+15	1.53154e+47
1.65242e+15	1.52059e+47
1.65418e+15	1.50972e+47
1.65594e+15	1.49799e+47
1.65771e+15	1.48709e+47
1.65947e+15	1.47728e+47
1.66124e+15	1.46642e+47
1.663e+15	1.45477e+47
1.66476e+15	1.44492e+47
1.66653e+15	1.43412e+47
1.66829e+15	1.42431e+47
1.67005e+15	1.41454e+47
1.67182e+15	1.40298e+47
1.67358e+15	1.39322e+47
1.67534e+15	1.38354e+47
1.67711e+15	1.37383e+47
1.67887e+15	1.36419e+47
1.68063e+15	1.35449e+47
1.6824e+15	1.34481e+47
1.68416e+15	1.33439e+47
1.68592e+15	1.32474e+47
1.68769e+15	1.31511e+47
1.68945e+15	1.3055e+47
1.69122e+15	1.29592e+47
1.69298e+15	1.28729e+47
1.69474e+15	1.27772e+47
1.69651e+15	1.26823e+47
1.69827e+15	1.25973e+47
1.70003e+15	1.25021e+47
1.7018e+15	1.24166e+47
1.70356e+15	1.23311e+47
1.70532e+15	1.22366e+47
1.70709e+15	1.21514e+47
1.70885e+15	1.20665e+47
1.71061e+15	1.19723e+47
1.71238e+15	1.18878e+47
1.71414e+15	1.18033e+47
1.7159e+15	1.17189e+47
1.71767e+15	1.16358e+47
1.71943e+15	1.15518e+47
1.7212e+15	1.1468e+47
1.72296e+15	1.13842e+47
1.72472e+15	1.13006e+47
1.72649e+15	1.12263e+47
1.72825e+15	1.11431e+47
1.73001e+15	1.106e+47
1.73178e+15	1.0977e+47
1.73354e+15	1.09033e+47
1.7353e+15	1.08207e+47
1.73707e+15	1.07472e+47
1.73883e+15	1.06654e+47
1.74059e+15	1.05991e+47
1.74236e+15	1.0517e+47
1.74412e+15	1.04442e+47
1.74588e+15	1.03713e+47
1.74765e+15	1.02897e+47
1.74941e+15	1.02172e+47
1.75117e+15	1.0145e+47
1.75294e+15	1.00788e+47
1.7547e+15	1.00067e+47
1.75647e+15	9.9258e+46
1.75823e+15	9.85412e+46
1.75999e+15	9.78294e+46
1.76176e+15	9.71141e+46
1.76352e+15	9.64586e+46
1.76528e+15	9.5839e+46
1.76705e+15	9.51275e+46
1.76881e+15	9.44175e+46
1.77057e+15	9.37661e+46
1.77234e+15	9.30588e+46
1.7741e+15	9.2441e+46
1.77586e+15	9.17359e+46
1.77763e+15	9.10887e+46
1.77939e+15	9.04733e+46
1.78115e+15	8.97742e+46
1.78292e+15	8.91659e+46
1.78468e+15	8.85222e+46
1.78645e+15	8.79116e+46
1.78821e+15	8.7218e+46
1.78997e+15	8.66679e+46
1.79174e+15	8.6061e+46
1.7935e+15	8.53697e+46
1.79526e+15	8.48191e+46
1.79703e+15	8.42158e+46
1.79879e+15	8.36138e+46
1.80055e+15	8.30646e+46
1.80232e+15	8.23819e+46
1.80408e+15	8.17831e+46
1.80584e+15	8.12409e+46
1.80761e+15	8.06449e+46
1.80937e+15	8.00515e+46
1.81113e+15	7.95079e+46
1.8129e+15	7.89151e+46
1.81466e+15	7.83734e+46
1.81643e+15	7.78704e+46
1.81819e+15	7.72829e+46
1.81995e+15	7.67439e+46
1.82172e+15	7.61577e+46
1.82348e+15	7.56201e+46
1.82524e+15	7.51194e+46
1.82701e+15	7.45841e+46
1.82877e+15	7.40028e+46
1.83053e+15	7.35081e+46
1.8323e+15	7.29761e+46
1.83406e+15	7.24797e+46
1.83582e+15	7.19491e+46
1.83759e+15	7.14548e+46
1.83935e+15	7.09272e+46
1.84111e+15	7.04345e+46
1.84288e+15	6.99113e+46
1.84464e+15	6.94212e+46
1.84641e+15	6.89774e+46
1.84817e+15	6.84095e+46
1.84993e+15	6.79658e+46
1.8517e+15	6.74799e+46
1.85346e+15	6.70382e+46
1.85522e+15	6.64795e+46
1.85699e+15	6.60396e+46
1.85875e+15	6.55998e+46
1.86051e+15	6.51191e+46
1.86228e+15	6.46823e+46
1.86404e+15	6.41959e+46
1.8658e+15	6.37598e+46
1.86757e+15	6.32834e+46
1.86933e+15	6.28572e+46
1.87109e+15	6.2386e+46
1.87286e+15	6.1961e+46
1.87462e+15	6.15367e+46
1.87638e+15	6.10817e+46
1.87815e+15	6.06586e+46
1.87991e+15	6.0205e+46
1.88168e+15	5.97945e+46
1.88344e+15	5.93904e+46
1.8852e+15	5.89473e+46
1.88697e+15	5.85435e+46
1.88873e+15	5.81408e+46
1.89049e+15	5.77015e+46
1.89226e+15	5.7308e+46
1.89402e+15	5.69151e+46
1.89578e+15	5.64851e+46
1.89755e+15	5.61014e+46
1.89931e+15	5.57116e+46
1.90107e+15	5.53027e+46
1.90284e+15	5.49212e+46
1.9046e+15	5.454e+46
1.90636e+15	5.4132e+46
1.90813e+15	5.37602e+46
1.90989e+15	5.33917e+46
1.91166e+15	5.29932e+46
1.91342e+15	5.26239e+46
1.91518e+15	5.22623e+46
1.91695e+15	5.18666e+46
1.91871e+15	5.15139e+46
1.92047e+15	5.11552e+46
1.92224e+15	5.08038e+46
1.924e+15	5.04187e+46
1.92576e+15	5.00761e+46
1.92753e+15	4.97269e+46
1.92929e+15	4.93862e+46
1.93105e+15	4.90123e+46
1.93282e+15	4.86745e+46
1.93458e+15	4.83353e+46
1.93634e+15	4.80046e+46
1.93811e+15	4.76438e+46
1.93987e+15	4.73139e+46
1.94164e+15	4.69843e+46
1.9434e+15	4.66634e+46
1.94516e+15	4.63425e+46
1.94693e+15	4.59836e+46
1.94869e+15	4.56712e+46
1.95045e+15	4.53527e+46
1.95222e+15	4.50345e+46
1.95398e+15	4.4724e+46
1.95574e+15	4.43834e+46
1.95751e+15	4.40749e+46
1.95927e+15	4.37731e+46
1.96103e+15	4.34652e+46
1.9628e+15	4.3165e+46
1.96456e+15	4.28653e+46
1.96632e+15	4.25394e+46
1.96809e+15	4.22498e+46
1.96985e+15	4.19521e+46
1.97161e+15	4.16619e+46
1.97338e+15	4.13729e+46
1.97514e+15	4.10838e+46
1.97691e+15	4.07951e+46
1.97867e+15	4.05142e+46
1.98043e+15	4.02062e+46
1.9822e+15	3.99197e+46
1.98396e+15	3.96407e+46
1.98572e+15	3.93687e+46
1.98749e+15	3.90908e+46
1.98925e+15	3.88208e+46
1.99101e+15	3.85509e+46
1.99278e+15	3.82814e+46
1.99454e+15	3.80126e+46
1.9963e+15	3.77174e+46
1.99807e+15	3.74571e+46
1.99983e+15	3.71969e+46
2.00159e+15	3.69342e+46
2.00336e+15	3.66751e+46
2.00512e+15	3.64234e+46
2.00689e+15	3.61654e+46
2.00865e+15	3.59145e+46
2.01041e+15	3.56642e+46
2.01218e+15	3.54145e+46
2.01394e+15	3.51657e+46
2.0157e+15	3.49168e+46
2.01747e+15	3.46687e+46
2.01923e+15	3.44277e+46
2.02099e+15	3.41872e+46
2.02276e+15	3.39478e+46
2.02452e+15	3.37084e+46
2.02628e+15	3.34693e+46
2.02805e+15	3.32374e+46
2.02981e+15	3.29996e+46
2.03157e+15	3.27688e+46
2.03334e+15	3.25389e+46
2.0351e+15	3.23108e+46
2.03687e+15	3.20813e+46
2.03863e+15	3.18606e+46
2.04039e+15	3.16324e+46
2.04216e+15	3.14115e+46
2.04392e+15	3.11906e+46
2.04568e+15	3.09703e+46
2.04745e+15	3.07506e+46
2.04921e+15	3.05311e+46
2.05097e+15	3.03186e+46
2.05274e+15	3.01008e+46
2.0545e+15	2.98893e+46
2.05626e+15	2.96783e+46
2.05803e+15	2.94678e+46
2.05979e+15	2.92578e+46
2.06155e+15	2.90543e+46
2.06332e+15	2.88454e+46
2.06508e+15	2.86435e+46
2.06684e+15	2.84416e+46
2.06861e+15	2.82403e+46
2.07037e+15	2.80408e+46
2.07214e+15	2.78405e+46
2.0739e+15	2.76467e+46
2.07566e+15	2.74473e+46
2.07743e+15	2.7256e+46
2.07919e+15	2.70575e+46
2.08095e+15	2.68858e+46
2.08272e+15	2.66943e+46
2.08448e+15	2.65092e+46
2.08624e+15	2.63186e+46
2.08801e+15	2.61285e+46
2.08977e+15	2.59452e+46
2.09153e+15	2.57619e+46
2.0933e+15	2.55732e+46
2.09506e+15	2.53908e+46
2.09682e+15	2.52149e+46
2.09859e+15	2.50335e+46
2.10035e+15	2.48715e+46
2.10212e+15	2.46968e+46
2.10388e+15	2.45167e+46
2.10564e+15	2.43429e+46
2.10741e+15	2.41707e+46
2.10917e+15	2.39978e+46
2.11093e+15	2.38253e+46
2.1127e+15	2.36533e+46
2.11446e+15	2.35056e+46
2.11622e+15	2.33347e+46
2.11799e+15	2.31696e+46
2.11975e+15	2.30062e+46
2.12151e+15	2.28363e+46
2.12328e+15	2.26725e+46
2.12504e+15	2.25149e+46
2.1268e+15	2.2352e+46
2.12857e+15	2.22068e+46
2.13033e+15	2.20503e+46
2.1321e+15	2.18883e+46
2.13386e+15	2.17327e+46
2.13562e+15	2.15775e+46
2.13739e+15	2.14227e+46
2.13915e+15	2.12849e+46
2.14091e+15	2.11308e+46
2.14268e+15	2.09772e+46
2.14444e+15	2.08295e+46
2.1462e+15	2.06767e+46
2.14797e+15	2.05308e+46
2.14973e+15	2.03788e+46
2.15149e+15	2.02489e+46
2.15326e+15	2.01031e+46
2.15502e+15	1.99577e+46
2.15678e+15	1.98128e+46
2.15855e+15	1.96682e+46
2.16031e+15	1.95447e+46
2.16208e+15	1.94008e+46
2.16384e+15	1.92628e+46
2.1656e+15	1.9126e+46
2.16737e+15	1.89835e+46
2.16913e+15	1.88466e+46
2.17089e+15	1.87248e+46
2.17266e+15	1.85886e+46
2.17442e+15	1.84528e+46
2.17618e+15	1.83226e+46
2.17795e+15	1.81876e+46
2.17971e+15	1.80728e+46
2.18147e+15	1.79382e+46
2.18324e+15	1.78094e+46
2.185e+15	1.76811e+46
2.18676e+15	1.75532e+46
2.18853e+15	1.74394e+46
2.19029e+15	1.73121e+46
2.19205e+15	1.71859e+46
2.19382e+15	1.70593e+46
2.19558e+15	1.69381e+46
2.19735e+15	1.6826e+46
2.19911e+15	1.67055e+46
2.20087e+15	1.65802e+46
2.20264e+15	1.64604e+46
2.2044e+15	1.6341e+46
2.20616e+15	1.62351e+46
2.20793e+15	1.61164e+46
2.20969e+15	1.5998e+46
2.21145e+15	1.58797e+46
2.21322e+15	1.57671e+46
2.21498e+15	1.56635e+46
2.21674e+15	1.55462e+46
2.21851e+15	1.54345e+46
2.22027e+15	1.53232e+46
2.22203e+15	1.52069e+46
2.2238e+15	1.51087e+46
2.22556e+15	1.49984e+46
2.22733e+15	1.4888e+46
2.22909e+15	1.47782e+46
2.23085e+15	1.46689e+46
2.23262e+15	1.45766e+46
2.23438e+15	1.44678e+46
2.23614e+15	1.43641e+46
2.23791e+15	1.42565e+46
2.23967e+15	1.41654e+46
2.24143e+15	1.40578e+46
2.2432e+15	1.39552e+46
2.24496e+15	1.38531e+46
2.24672e+15	1.37512e+46
2.24849e+15	1.36611e+46
2.25025e+15	1.35599e+46
2.25201e+15	1.3459e+46
2.25378e+15	1.33582e+46
2.25554e+15	1.32626e+46
2.25731e+15	1.31738e+46
2.25907e+15	1.30788e+46
2.26083e+15	1.29793e+46
2.2626e+15	1.28848e+46
2.26436e+15	1.27907e+46
2.26612e+15	1.27078e+46
2.26789e+15	1.26101e+46
2.26965e+15	1.25168e+46
2.27141e+15	1.24238e+46
2.27318e+15	1.23418e+46
2.27494e+15	1.22538e+46
2.2767e+15	1.21616e+46
2.27847e+15	1.20698e+46
2.28023e+15	1.19827e+46
2.28199e+15	1.19017e+46
2.28376e+15	1.18152e+46
2.28552e+15	1.17246e+46
2.28728e+15	1.16392e+46
2.28905e+15	1.15535e+46
2.29081e+15	1.14782e+46
2.29258e+15	1.13885e+46
2.29434e+15	1.13037e+46
2.2961e+15	1.12236e+46
2.29787e+15	1.11392e+46
2.29963e+15	1.1065e+46
2.30139e+15	1.09812e+46
2.30316e+15	1.08977e+46
2.30492e+15	1.08189e+46
2.30668e+15	1.0736e+46
2.30845e+15	1.06576e+46
2.31021e+15	1.05846e+46
2.31197e+15	1.05069e+46
2.31374e+15	1.04293e+46
2.3155e+15	1.03521e+46
2.31726e+15	1.02708e+46
2.31903e+15	1.0194e+46
2.32079e+15	1.01266e+46
2.32256e+15	1.00504e+46
2.32432e+15	9.97497e+45
2.32608e+15	9.9034e+45
2.32785e+15	9.82792e+45
2.32961e+15	9.75277e+45
2.33137e+15	9.6865e+45
2.33314e+15	9.61601e+45
2.3349e+15	9.54156e+45
2.33666e+15	9.47155e+45
2.33843e+15	9.39755e+45
2.34019e+15	9.32815e+45
2.34195e+15	9.2594e+45
2.34372e+15	9.19028e+45
2.34548e+15	9.12988e+45
2.34724e+15	9.05714e+45
2.34901e+15	8.98895e+45
2.35077e+15	8.9208e+45
2.35254e+15	8.85301e+45
2.3543e+15	8.78949e+45
2.35606e+15	8.72216e+45
2.35783e+15	8.65501e+45
2.35959e+15	8.58809e+45
2.36135e+15	8.52559e+45
2.36312e+15	8.46706e+45
2.36488e+15	8.40489e+45
2.36664e+15	8.33896e+45
2.36841e+15	8.27728e+45
2.37017e+15	8.21188e+45
2.37193e+15	8.15064e+45
2.3737e+15	8.08955e+45
2.37546e+15	8.02884e+45
2.37722e+15	7.96818e+45
2.37899e+15	7.90397e+45
2.38075e+15	7.84397e+45
2.38251e+15	7.784e+45
2.38428e+15	7.72826e+45
2.38604e+15	7.66882e+45
2.38781e+15	7.60959e+45
2.38957e+15	7.55103e+45
2.39133e+15	7.49223e+45
2.3931e+15	7.43746e+45
2.39486e+15	7.37923e+45
2.39662e+15	7.32485e+45
2.39839e+15	7.26703e+45
2.40015e+15	7.21308e+45
2.40191e+15	7.15601e+45
2.40368e+15	7.10256e+45
2.40544e+15	7.0456e+45
2.4072e+15	6.99253e+45
2.40897e+15	6.93961e+45
2.41073e+15	6.88701e+45
2.41249e+15	6.83446e+45
2.41426e+15	6.7823e+45
2.41602e+15	6.72359e+45
2.41779e+15	6.67175e+45
2.41955e+15	6.62014e+45
2.42131e+15	6.56876e+45
2.42308e+15	6.51753e+45
2.42484e+15	6.46648e+45
2.4266e+15	6.41568e+45
2.42837e+15	6.36853e+45
2.43013e+15	6.3181e+45
2.43189e+15	6.27136e+45
2.43366e+15	6.21519e+45
2.43542e+15	6.16882e+45
2.43718e+15	6.11925e+45
2.43895e+15	6.07327e+45
2.44071e+15	6.02403e+45
2.44247e+15	5.9784e+45
2.44424e+15	5.93294e+45
2.446e+15	5.88181e+45
2.44777e+15	5.83341e+45
2.44953e+15	5.78846e+45
2.45129e+15	5.74385e+45
2.45306e+15	5.69932e+45
2.45482e+15	5.64922e+45
2.45658e+15	5.60513e+45
2.45835e+15	5.56123e+45
2.46011e+15	5.51776e+45
2.46187e+15	5.47744e+45
2.46364e+15	5.42841e+45
2.4654e+15	5.38516e+45
2.46716e+15	5.34246e+45
2.46893e+15	5.2974e+45
2.47069e+15	5.25471e+45
2.47245e+15	5.21542e+45
2.47422e+15	5.17309e+45
2.47598e+15	5.12884e+45
2.47775e+15	5.08681e+45
2.47951e+15	5.04822e+45
2.48127e+15	5.00454e+45
2.48304e+15	4.96309e+45
2.4848e+15	4.92496e+45
2.48656e+15	4.88189e+45
2.48833e+15	4.84408e+45
2.49009e+15	4.8014e+45
2.49185e+15	4.76394e+45
2.49362e+15	4.72666e+45
2.49538e+15	4.68451e+45
2.49714e+15	4.64752e+45
2.49891e+15	4.60583e+45
2.50067e+15	4.56916e+45
2.50243e+15	4.52785e+45
2.5042e+15	4.49454e+45
2.50596e+15	4.45361e+45
2.50772e+15	4.41761e+45
2.50949e+15	4.38004e+45
2.51125e+15	4.34436e+45
2.51302e+15	4.30714e+45
2.51478e+15	4.27183e+45
2.51654e+15	4.23492e+45
2.51831e+15	4.19533e+45
2.52007e+15	4.16337e+45
2.52183e+15	4.12704e+45
2.5236e+15	4.08799e+45
2.52536e+15	4.05652e+45
2.52712e+15	4.02069e+45
2.52889e+15	3.98508e+45
2.53065e+15	3.94967e+45
2.53241e+15	3.91874e+45
2.53418e+15	3.88366e+45
2.53594e+15	3.84876e+45
2.5377e+15	3.81401e+45
2.53947e+15	3.77949e+45
2.54123e+15	3.74515e+45
2.543e+15	3.71836e+45
2.54476e+15	3.68433e+45
2.54652e+15	3.65046e+45
2.54829e+15	3.61679e+45
2.55005e+15	3.58595e+45
2.55181e+15	3.55254e+45
2.55358e+15	3.522e+45
2.55534e+15	3.49156e+45
2.5571e+15	3.45408e+45
2.55887e+15	3.42341e+45
2.56063e+15	3.39291e+45
2.56239e+15	3.36257e+45
2.56416e+15	3.33239e+45
2.56592e+15	3.30238e+45
2.56768e+15	3.27252e+45
2.56945e+15	3.24283e+45
2.57121e+15	3.2133e+45
2.57298e+15	3.18393e+45
2.57474e+15	3.15472e+45
2.5765e+15	3.12568e+45
2.57827e+15	3.09679e+45
2.58003e+15	3.07049e+45
2.58179e+15	3.04191e+45
2.58356e+15	3.0135e+45
2.58532e+15	2.98524e+45
2.58708e+15	2.95714e+45
2.58885e+15	2.9292e+45
2.59061e+15	2.90143e+45
2.59237e+15	2.87614e+45
2.59414e+15	2.84867e+45
2.5959e+15	2.82136e+45
2.59766e+15	2.7942e+45
2.59943e+15	2.77289e+45
2.60119e+15	2.74602e+45
2.60295e+15	2.7193e+45
2.60472e+15	2.69499e+45
2.60648e+15	2.66858e+45
2.60825e+15	2.64232e+45
2.61001e+15	2.61843e+45
2.61177e+15	2.59248e+45
2.61354e+15	2.56668e+45
2.6153e+15	2.54641e+45
2.61706e+15	2.52089e+45
2.61883e+15	2.49768e+45
2.62059e+15	2.47246e+45
2.62235e+15	2.4474e+45
2.62412e+15	2.4246e+45
2.62588e+15	2.39983e+45
2.62764e+15	2.38035e+45
2.62941e+15	2.35604e+45
2.63117e+15	2.33377e+45
2.63293e+15	2.30958e+45
2.6347e+15	2.28757e+45
2.63646e+15	2.26864e+45
2.63823e+15	2.24504e+45
2.63999e+15	2.22341e+45
2.64175e+15	2.19993e+45
2.64352e+15	2.17857e+45
2.64528e+15	2.16019e+45
2.64704e+15	2.13712e+45
2.64881e+15	2.11614e+45
2.65057e+15	2.09529e+45
2.65233e+15	2.07541e+45
2.6541e+15	2.05481e+45
2.65586e+15	2.03433e+45
2.65762e+15	2.01398e+45
2.65939e+15	1.99457e+45
2.66115e+15	1.97447e+45
2.66291e+15	1.95449e+45
2.66468e+15	1.93727e+45
2.66644e+15	1.9157e+45
2.66821e+15	1.89609e+45
2.66997e+15	1.87918e+45
2.67173e+15	1.85981e+45
2.6735e+15	1.84056e+45
2.67526e+15	1.82395e+45
2.67702e+15	1.80494e+45
2.67879e+15	1.78429e+45
2.68055e+15	1.76799e+45
2.68231e+15	1.74934e+45
2.68408e+15	1.73081e+45
2.68584e+15	1.71481e+45
2.6876e+15	1.69651e+45
2.68937e+15	1.67833e+45
2.69113e+15	1.66263e+45
2.69289e+15	1.64468e+45
2.69466e+15	1.62917e+45
2.69642e+15	1.61145e+45
2.69819e+15	1.59385e+45
2.69995e+15	1.57863e+45
2.70171e+15	1.56125e+45
2.70348e+15	1.54623e+45
2.70524e+15	1.53068e+45
2.707e+15	1.51363e+45
2.70877e+15	1.4989e+45
2.71053e+15	1.48207e+45
2.71229e+15	1.46752e+45
2.71406e+15	1.45092e+45
2.71582e+15	1.43656e+45
2.71758e+15	1.42171e+45
2.71935e+15	1.40766e+45
2.72111e+15	1.39149e+45
2.72287e+15	1.37749e+45
2.72464e+15	1.36154e+45
2.7264e+15	1.34921e+45
2.72816e+15	1.33347e+45
2.72993e+15	1.31983e+45
2.73169e+15	1.30576e+45
2.73346e+15	1.2923e+45
2.73522e+15	1.27698e+45
2.73698e+15	1.26383e+45
2.73875e+15	1.25014e+45
2.74051e+15	1.23704e+45
2.74227e+15	1.22353e+45
2.74404e+15	1.2106e+45
2.7458e+15	1.1959e+45
2.74756e+15	1.18453e+45
2.74933e+15	1.17003e+45
2.75109e+15	1.15881e+45
2.75285e+15	1.14631e+45
2.75462e+15	1.13211e+45
2.75638e+15	1.12112e+45
2.75814e+15	1.10712e+45
2.75991e+15	1.09628e+45
2.76167e+15	1.08421e+45
2.76344e+15	1.07179e+45
2.7652e+15	1.0604e+45
2.76696e+15	1.04752e+45
2.76873e+15	1.03654e+45
2.77049e+15	1.02551e+45
2.77225e+15	1.01303e+45
2.77402e+15	1.00228e+45
2.77578e+15	9.91604e+44
2.77754e+15	9.7939e+44
2.77931e+15	9.68865e+44
2.78107e+15	9.56831e+44
2.78283e+15	9.4658e+44
2.7846e+15	9.36278e+44
2.78636e+15	9.24624e+44
2.78812e+15	9.14591e+44
2.78989e+15	9.04626e+44
2.79165e+15	8.94729e+44
2.79342e+15	8.83409e+44
2.79518e+15	8.7366e+44
2.79694e+15	8.64091e+44
2.79871e+15	8.53022e+44
2.80047e+15	8.43598e+44
2.80223e+15	8.34239e+44
2.804e+15	8.23418e+44
2.80576e+15	8.14202e+44
2.80752e+15	8.05159e+44
2.80929e+15	7.96072e+44
2.81105e+15	7.8568e+44
2.81281e+15	7.76927e+44
2.81458e+15	7.68044e+44
2.81634e+15	7.59329e+44
2.8181e+15	7.49354e+44
2.81987e+15	7.40672e+44
2.82163e+15	7.32157e+44
2.82339e+15	7.23805e+44
2.82516e+15	7.15412e+44
2.82692e+15	7.05815e+44
2.82869e+15	6.97656e+44
2.83045e+15	6.89458e+44
2.83221e+15	6.8142e+44
2.83398e+15	6.73441e+44
2.83574e+15	6.6431e+44
2.8375e+15	6.5646e+44
2.83927e+15	6.4867e+44
2.84103e+15	6.41015e+44
2.84279e+15	6.33342e+44
2.84456e+15	6.24662e+44
2.84632e+15	6.17207e+44
2.84808e+15	6.09718e+44
2.84985e+15	6.02378e+44
2.85161e+15	5.95095e+44
2.85337e+15	5.87868e+44
2.85514e+15	5.80697e+44
2.8569e+15	5.72495e+44
2.85867e+15	5.65533e+44
2.86043e+15	5.58539e+44
2.86219e+15	5.51687e+44
2.86396e+15	5.44888e+44
2.86572e+15	5.38059e+44
2.86748e+15	5.31369e+44
2.86925e+15	5.24732e+44
2.87101e+15	5.18149e+44
2.87277e+15	5.11702e+44
2.87454e+15	5.04233e+44
2.8763e+15	4.97818e+44
2.87806e+15	4.91536e+44
2.87983e+15	4.85225e+44
2.88159e+15	4.79046e+44
2.88335e+15	4.72917e+44
2.88512e+15	4.66839e+44
2.88688e+15	4.60812e+44
2.88865e+15	4.54835e+44
2.89041e+15	4.48985e+44
2.89217e+15	4.43108e+44
2.89394e+15	4.37355e+44
2.8957e+15	4.31577e+44
2.89746e+15	4.25922e+44
2.89923e+15	4.20316e+44
2.90099e+15	4.14757e+44
2.90275e+15	4.09246e+44
2.90452e+15	4.03783e+44
2.90628e+15	3.98424e+44
2.90804e+15	3.93125e+44
2.90981e+15	3.87803e+44
2.91157e+15	3.82597e+44
2.91333e+15	3.77368e+44
2.9151e+15	3.72253e+44
2.91686e+15	3.67184e+44
2.91862e+15	3.6216e+44
2.92039e+15	3.57181e+44
2.92215e+15	3.52312e+44
2.92392e+15	3.47422e+44
2.92568e+15	3.42576e+44
2.92744e+15	3.37839e+44
2.92921e+15	3.33081e+44
2.93097e+15	3.2843e+44
2.93273e+15	3.23821e+44
2.9345e+15	3.19255e+44
2.93626e+15	3.14731e+44
2.93802e+15	3.10944e+44
2.93979e+15	3.06498e+44
2.94155e+15	3.02093e+44
2.94331e+15	2.97788e+44
2.94508e+15	2.93512e+44
2.94684e+15	2.89289e+44
2.9486e+15	2.85106e+44
2.95037e+15	2.80963e+44
2.95213e+15	2.76859e+44
2.9539e+15	2.72796e+44
2.95566e+15	2.69396e+44
2.95742e+15	2.65404e+44
2.95919e+15	2.61452e+44
2.96095e+15	2.57592e+44
2.96271e+15	2.53716e+44
2.96448e+15	2.49933e+44
2.96624e+15	2.46186e+44
2.968e+15	2.43004e+44
2.96977e+15	2.39326e+44
2.97153e+15	2.35685e+44
2.97329e+15	2.32081e+44
2.97506e+15	2.28675e+44
2.97682e+15	2.25252e+44
2.97858e+15	2.21862e+44
2.98035e+15	2.18555e+44
2.98211e+15	2.15281e+44
2.98388e+15	2.11991e+44
2.98564e+15	2.08782e+44
2.9874e+15	2.05606e+44
2.98917e+15	2.02461e+44
2.99093e+15	1.99348e+44
2.99269e+15	1.96267e+44
2.99446e+15	1.93263e+44
2.99622e+15	1.90244e+44
2.99798e+15	1.87305e+44
2.99975e+15	1.84392e+44
3.00151e+15	1.81509e+44
3.00327e+15	1.78693e+44
3.00504e+15	1.7587e+44
3.0068e+15	1.73122e+44
3.00856e+15	1.70358e+44
3.01033e+15	1.67667e+44
3.01209e+15	1.65001e+44
3.01386e+15	1.62367e+44
3.01562e+15	1.59801e+44
3.01738e+15	1.5718e+44
3.01915e+15	1.54668e+44
3.02091e+15	1.52145e+44
3.02267e+15	1.49687e+44
3.02444e+15	1.47256e+44
3.0262e+15	1.44811e+44
3.02796e+15	1.42433e+44
3.02973e+15	1.40157e+44
3.03149e+15	1.3783e+44
3.03325e+15	1.35529e+44
3.03502e+15	1.33289e+44
3.03678e+15	1.31039e+44
3.03854e+15	1.28849e+44
3.04031e+15	1.26684e+44
3.04207e+15	1.24544e+44
3.04383e+15	1.22427e+44
3.0456e+15	1.20334e+44
3.04736e+15	1.18333e+44
3.04913e+15	1.16288e+44
3.05089e+15	1.14324e+44
3.05265e+15	1.12325e+44
3.05442e+15	1.10414e+44
3.05618e+15	1.08525e+44
3.05794e+15	1.06594e+44
3.05971e+15	1.04749e+44
3.06147e+15	1.02926e+44
3.06323e+15	1.01123e+44
3.065e+15	9.93119e+43
3.06676e+15	9.75522e+43
3.06852e+15	9.58135e+43
3.07029e+15	9.41244e+43
3.07205e+15	9.24269e+43
3.07381e+15	9.07782e+43
3.07558e+15	8.91214e+43
3.07734e+15	8.75126e+43
3.07911e+15	8.59234e+43
3.08087e+15	8.43536e+43
3.08263e+15	8.28028e+43
3.0844e+15	8.12717e+43
3.08616e+15	7.97856e+43
3.08792e+15	7.83174e+43
3.08969e+15	7.68426e+43
3.09145e+15	7.54117e+43
3.09321e+15	7.39982e+43
3.09498e+15	7.26032e+43
3.09674e+15	7.12253e+43
3.0985e+15	6.98659e+43
3.10027e+15	6.85642e+43
3.10203e+15	6.72619e+43
3.10379e+15	6.59541e+43
3.10556e+15	6.46854e+43
3.10732e+15	6.34333e+43
3.10909e+15	6.21764e+43
3.11085e+15	6.09792e+43
3.11261e+15	5.9776e+43
3.11438e+15	5.86103e+43
3.11614e+15	5.74601e+43
3.1179e+15	5.63043e+43
3.11967e+15	5.51849e+43
3.12143e+15	5.40806e+43
3.12319e+15	5.29914e+43
3.12496e+15	5.19171e+43
3.12672e+15	5.08576e+43
3.12848e+15	4.98501e+43
3.13025e+15	4.88195e+43
3.13201e+15	4.78033e+43
3.13377e+15	4.68201e+43
3.13554e+15	4.58493e+43
3.1373e+15	4.48936e+43
3.13906e+15	4.39679e+43
3.14083e+15	4.30391e+43
3.14259e+15	4.21396e+43
3.14436e+15	4.12373e+43
3.14612e+15	4.03635e+43
3.14788e+15	3.94873e+43
3.14965e+15	3.86389e+43
3.15141e+15	3.78192e+43
3.15317e+15	3.6981e+43
3.15494e+15	3.61855e+43
3.1567e+15	3.54017e+43
3.15846e+15	3.4625e+43
3.16023e+15	3.38645e+43
3.16199e+15	3.31021e+43
3.16375e+15	3.23776e+43
3.16552e+15	3.16382e+43
3.16728e+15	3.09231e+43
3.16904e+15	3.02456e+43
3.17081e+15	2.95521e+43
3.17257e+15	2.88695e+43
3.17434e+15	2.82113e+43
3.1761e+15	2.755e+43
3.17786e+15	2.69125e+43
3.17963e+15	2.62852e+43
3.18139e+15	2.56789e+43
3.18315e+15	2.50714e+43
3.18492e+15	2.44844e+43
3.18668e+15	2.38964e+43
3.18844e+15	2.33182e+43
3.19021e+15	2.27596e+43
3.19197e+15	2.2212e+43
3.19373e+15	2.16717e+43
3.1955e+15	2.11595e+43
3.19726e+15	2.06275e+43
3.19902e+15	2.01249e+43
3.20079e+15	1.96308e+43
3.20255e+15	1.91256e+43
3.20432e+15	1.86484e+43
3.20608e+15	1.81794e+43
3.20784e+15	1.77287e+43
3.20961e+15	1.72757e+43
3.21137e+15	1.68228e+43
3.21313e+15	1.63859e+43
3.2149e+15	1.5974e+43
3.21666e+15	1.55449e+43
3.21842e+15	1.51402e+43
3.22019e+15	1.47501e+43
3.22195e+15	1.43599e+43
3.22371e+15	1.39768e+43
3.22548e+15	1.36008e+43
3.22724e+15	1.32318e+43
3.229e+15	1.28763e+43
3.23077e+15	1.2521e+43
3.23253e+15	1.21724e+43
3.23429e+15	1.18446e+43
3.23606e+15	1.15092e+43
3.23782e+15	1.11879e+43
3.23959e+15	1.08713e+43
3.24135e+15	1.05625e+43
3.24311e+15	1.02653e+43
3.24488e+15	9.96848e+42
3.24664e+15	9.68297e+42
3.2484e+15	9.40314e+42
3.25017e+15	9.12385e+42
3.25193e+15	8.85531e+42
3.25369e+15	8.59227e+42
3.25546e+15	8.34089e+42
3.25722e+15	8.0839e+42
3.25898e+15	7.84295e+42
3.26075e+15	7.60701e+42
3.26251e+15	7.374e+42
3.26427e+15	7.14797e+42
3.26604e+15	6.92679e+42
3.2678e+15	6.71038e+42
3.26957e+15	6.4987e+42
3.27133e+15	6.29168e+42
3.27309e+15	6.09438e+42
3.27486e+15	5.89642e+42
3.27662e+15	5.70652e+42
3.27838e+15	5.52219e+42
3.28015e+15	5.33735e+42
3.28191e+15	5.16143e+42
3.28367e+15	4.99281e+42
3.28544e+15	4.8249e+42
3.2872e+15	4.65665e+42
3.28896e+15	4.49969e+42
3.29073e+15	4.34765e+42
3.29249e+15	4.19804e+42
3.29425e+15	4.04927e+42
3.29602e+15	3.90689e+42
3.29778e+15	3.76917e+42
3.29955e+15	3.63374e+42
3.30131e+15	3.50531e+42
3.30307e+15	3.38007e+42
3.30484e+15	3.25222e+42
3.3066e+15	3.13338e+42
3.30836e+15	3.01759e+42
3.31013e+15	2.90482e+42
3.31189e+15	2.79293e+42
3.31365e+15	2.68611e+42
3.31542e+15	2.58511e+42
3.31718e+15	2.48392e+42
3.31894e+15	2.38693e+42
3.32071e+15	2.29261e+42
3.32247e+15	2.20293e+42
3.32423e+15	2.11428e+42
3.326e+15	2.02841e+42
3.32776e+15	1.94526e+42
3.32953e+15	1.86451e+42
3.33129e+15	1.78809e+42
3.33305e+15	1.71244e+42
3.33482e+15	1.63928e+42
3.33658e+15	1.56855e+42
3.33834e+15	1.50149e+42
3.34011e+15	1.4354e+42
3.34187e+15	1.3728e+42
3.34363e+15	1.31094e+42
3.3454e+15	1.25258e+42
3.34716e+15	1.19514e+42
3.34892e+15	1.14063e+42
3.35069e+15	1.08806e+42
3.35245e+15	1.03638e+42
3.35421e+15	9.87403e+41
3.35598e+15	9.40378e+41
3.35774e+15	8.95094e+41
3.3595e+15	8.50509e+41
3.36127e+15	8.08468e+41
3.36303e+15	7.68177e+41
3.3648e+15	7.29316e+41
3.36656e+15	6.91983e+41
3.36832e+15	6.56135e+41
3.37009e+15	6.2173e+41
3.37185e+15	5.89257e+41
3.37361e+15	5.57593e+41
3.37538e+15	5.27144e+41
3.37714e+15	4.98089e+41
3.3789e+15	4.70823e+41
3.38067e+15	4.441e+41
3.38243e+15	4.19053e+41
3.38419e+15	3.94627e+41
3.38596e+15	3.71761e+41
3.38772e+15	3.49489e+41
3.38948e+15	3.28668e+41
3.39125e+15	3.08415e+41
3.39301e+15	2.89434e+41
3.39478e+15	2.71429e+41
3.39654e+15	2.54294e+41
3.3983e+15	2.37935e+41
3.40007e+15	2.22453e+41
3.40183e+15	2.07695e+41
3.40359e+15	1.93752e+41
3.40536e+15	1.80482e+41
3.40712e+15	1.68217e+41
3.40888e+15	1.56314e+41
3.41065e+15	1.45064e+41
3.41241e+15	1.34652e+41
3.41417e+15	1.24663e+41
3.41594e+15	1.15396e+41
3.4177e+15	1.06662e+41
3.41946e+15	9.84775e+40
3.42123e+15	9.07448e+40
3.42299e+15	8.34824e+40
3.42476e+15	7.67015e+40
3.42652e+15	7.03178e+40
3.42828e+15	6.4493e+40
3.43005e+15	5.89036e+40
3.43181e+15	5.38181e+40
3.43357e+15	4.90486e+40
3.43534e+15	4.45381e+40
3.4371e+15	4.04535e+40
3.43886e+15	3.66391e+40
3.44063e+15	3.31743e+40
3.44239e+15	2.99138e+40
3.44415e+15	2.69013e+40
3.44592e+15	2.41796e+40
3.44768e+15	2.1619e+40
3.44944e+15	1.92814e+40
3.45121e+15	1.71825e+40
3.45297e+15	1.52717e+40
3.45473e+15	1.34896e+40
3.4565e+15	1.18981e+40
3.45826e+15	1.04491e+40
3.46003e+15	9.1342e+39
3.46179e+15	7.96314e+39
3.46355e+15	6.8974e+39
3.46532e+15	5.95353e+39
3.46708e+15	5.10861e+39
3.46884e+15	4.35884e+39
3.47061e+15	3.69651e+39
3.47237e+15	3.11426e+39
3.47413e+15	2.60568e+39
