1e-06	0
1.01e-06	0
1.0201e-06	0
1.0303e-06	0
1.0406e-06	0
1.05101e-06	0
1.06152e-06	0
1.07214e-06	0
1.08286e-06	0
1.09369e-06	0
1.10462e-06	0
1.11567e-06	0
1.12683e-06	0
1.13809e-06	0
1.14947e-06	0
1.16097e-06	0
1.17258e-06	0
1.1843e-06	0
1.19615e-06	0
1.20811e-06	0
1.22019e-06	0
1.23239e-06	0
1.24472e-06	0
1.25716e-06	0
1.26973e-06	0
1.28243e-06	0
1.29526e-06	0
1.30821e-06	0
1.32129e-06	0
1.3345e-06	0
1.34785e-06	0
1.36133e-06	0
1.37494e-06	0
1.38869e-06	0
1.40258e-06	0
1.4166e-06	0
1.43077e-06	0
1.44508e-06	0
1.45953e-06	0
1.47412e-06	0
1.48886e-06	0
1.50375e-06	0
1.51879e-06	0
1.53398e-06	0
1.54932e-06	0
1.56481e-06	0
1.58046e-06	0
1.59626e-06	0
1.61223e-06	0
1.62835e-06	0
1.64463e-06	0
1.66108e-06	0
1.67769e-06	0
1.69447e-06	0
1.71141e-06	0
1.72852e-06	0
1.74581e-06	0
1.76327e-06	0
1.7809e-06	0
1.79871e-06	0
1.8167e-06	0
1.83486e-06	0
1.85321e-06	0
1.87174e-06	0
1.89046e-06	0
1.90937e-06	0
1.92846e-06	0
1.94774e-06	0
1.96722e-06	0
1.98689e-06	0
2.00676e-06	0
2.02683e-06	0
2.0471e-06	0
2.06757e-06	0
2.08825e-06	0
2.10913e-06	0
2.13022e-06	0
2.15152e-06	0
2.17304e-06	0
2.19477e-06	0
2.21672e-06	0
2.23888e-06	0
2.26127e-06	0
2.28388e-06	0
2.30672e-06	0
2.32979e-06	0
2.35309e-06	0
2.37662e-06	0
2.40038e-06	0
2.42439e-06	0
2.44863e-06	0
2.47312e-06	0
2.49785e-06	0
2.52283e-06	0
2.54806e-06	0
2.57354e-06	0
2.59927e-06	0
2.62527e-06	0
2.65152e-06	0
2.67803e-06	0
2.70481e-06	0
2.73186e-06	0
2.75918e-06	0
2.78677e-06	0
2.81464e-06	0
2.84279e-06	0
2.87121e-06	0
2.89993e-06	0
2.92893e-06	0
2.95822e-06	0
2.9878e-06	0
3.01768e-06	0
3.04785e-06	0
3.07833e-06	0
3.10911e-06	0
3.1402e-06	0
3.17161e-06	0
3.20332e-06	0
3.23536e-06	0
3.26771e-06	0
3.30039e-06	0
3.33339e-06	0
3.36672e-06	0
3.40039e-06	0
3.4344e-06	0
3.46874e-06	0
3.50343e-06	0
3.53846e-06	0
3.57385e-06	0
3.60958e-06	0
3.64568e-06	0
3.68214e-06	0
3.71896e-06	0
3.75615e-06	0
3.79371e-06	0
3.83165e-06	0
3.86996e-06	0
3.90866e-06	0
3.94775e-06	0
3.98723e-06	0
4.0271e-06	0
4.06737e-06	0
4.10804e-06	0
4.14912e-06	0
4.19062e-06	0
4.23252e-06	0
4.27485e-06	0
4.3176e-06	0
4.36077e-06	0
4.40438e-06	0
4.44842e-06	0
4.49291e-06	0
4.53784e-06	0
4.58321e-06	0
4.62905e-06	0
4.67534e-06	0
4.72209e-06	0
4.76931e-06	0
4.817e-06	0
4.86517e-06	0
4.91383e-06	0
4.96296e-06	0
5.01259e-06	0
5.06272e-06	0
5.11335e-06	0
5.16448e-06	0
5.21613e-06	0
5.26829e-06	0
5.32097e-06	0
5.37418e-06	0
5.42792e-06	0
5.4822e-06	0
5.53702e-06	0
5.59239e-06	0
5.64832e-06	0
5.7048e-06	0
5.76185e-06	0
5.81947e-06	0
5.87766e-06	0
5.93644e-06	0
5.9958e-06	0
6.05576e-06	0
6.11632e-06	0
6.17748e-06	0
6.23926e-06	0
6.30165e-06	0
6.36466e-06	0
6.42831e-06	0
6.49259e-06	0
6.55752e-06	0
6.6231e-06	0
6.68933e-06	0
6.75622e-06	0
6.82378e-06	0
6.89202e-06	0
6.96094e-06	0
7.03055e-06	0
7.10085e-06	0
7.17186e-06	0
7.24358e-06	0
7.31602e-06	0
7.38918e-06	0
7.46307e-06	0
7.5377e-06	0
7.61308e-06	0
7.68921e-06	0
7.7661e-06	0
7.84376e-06	0
7.9222e-06	0
8.00142e-06	0
8.08144e-06	0
8.16225e-06	0
8.24387e-06	0
8.32631e-06	0
8.40957e-06	0
8.49367e-06	0
8.57861e-06	0
8.66439e-06	0
8.75104e-06	0
8.83855e-06	0
8.92693e-06	0
9.0162e-06	0
9.10636e-06	0
9.19743e-06	0
9.2894e-06	0
9.3823e-06	0
9.47612e-06	0
9.57088e-06	0
9.66659e-06	0
9.76325e-06	0
9.86089e-06	0
9.9595e-06	0
1.00591e-05	0
1.01597e-05	0
1.02613e-05	0
1.03639e-05	0
1.04675e-05	0
1.05722e-05	0
1.06779e-05	0
1.07847e-05	0
1.08926e-05	0
1.10015e-05	0
1.11115e-05	0
1.12226e-05	0
1.13348e-05	0
1.14482e-05	0
1.15627e-05	0
1.16783e-05	0
1.17951e-05	0
1.1913e-05	0
1.20322e-05	0
1.21525e-05	0
1.2274e-05	0
1.23967e-05	0
1.25207e-05	0
1.26459e-05	0
1.27724e-05	0
1.29001e-05	0
1.30291e-05	0
1.31594e-05	0
1.3291e-05	0
1.34239e-05	0
1.35581e-05	0
1.36937e-05	0
1.38307e-05	0
1.3969e-05	0
1.41086e-05	0
1.42497e-05	0
1.43922e-05	0
1.45362e-05	0
1.46815e-05	0
1.48283e-05	0
1.49766e-05	0
1.51264e-05	0
1.52776e-05	0
1.54304e-05	0
1.55847e-05	0
1.57406e-05	0
1.5898e-05	0
1.6057e-05	0
1.62175e-05	0
1.63797e-05	0
1.65435e-05	0
1.67089e-05	0
1.6876e-05	0
1.70448e-05	0
1.72152e-05	0
1.73874e-05	0
1.75613e-05	0
1.77369e-05	0
1.79142e-05	0
1.80934e-05	0
1.82743e-05	0
1.84571e-05	0
1.86416e-05	0
1.8828e-05	0
1.90163e-05	0
1.92065e-05	0
1.93986e-05	0
1.95925e-05	0
1.97885e-05	0
1.99864e-05	0
2.01862e-05	0
2.03881e-05	0
2.0592e-05	0
2.07979e-05	0
2.10059e-05	0
2.12159e-05	0
2.14281e-05	0
2.16424e-05	0
2.18588e-05	0
2.20774e-05	0
2.22981e-05	0
2.25211e-05	0
2.27463e-05	0
2.29738e-05	0
2.32035e-05	0
2.34356e-05	0
2.36699e-05	0
2.39066e-05	0
2.41457e-05	0
2.43871e-05	0
2.4631e-05	0
2.48773e-05	0
2.51261e-05	0
2.53774e-05	0
2.56311e-05	0
2.58874e-05	0
2.61463e-05	0
2.64078e-05	0
2.66719e-05	0
2.69386e-05	0
2.7208e-05	0
2.748e-05	0
2.77548e-05	0
2.80324e-05	0
2.83127e-05	0
2.85958e-05	0
2.88818e-05	0
2.91706e-05	0
2.94623e-05	0
2.9757e-05	0
3.00545e-05	0
3.03551e-05	0
3.06586e-05	0
3.09652e-05	0
3.12749e-05	0
3.15876e-05	0
3.19035e-05	0
3.22225e-05	0
3.25447e-05	0
3.28702e-05	0
3.31989e-05	0
3.35309e-05	0
3.38662e-05	0
3.42049e-05	0
3.45469e-05	0
3.48924e-05	0
3.52413e-05	0
3.55937e-05	0
3.59496e-05	0
3.63091e-05	0
3.66722e-05	0
3.7039e-05	0
3.74093e-05	0
3.77834e-05	0
3.81613e-05	0
3.85429e-05	0
3.89283e-05	0
3.93176e-05	0
3.97108e-05	0
4.01079e-05	0
4.0509e-05	0
4.0914e-05	0
4.13232e-05	0
4.17364e-05	0
4.21538e-05	0
4.25753e-05	0
4.30011e-05	0
4.34311e-05	0
4.38654e-05	0
4.4304e-05	0
4.47471e-05	0
4.51946e-05	0
4.56465e-05	0
4.6103e-05	0
4.6564e-05	0
4.70296e-05	0
4.74999e-05	0
4.79749e-05	0
4.84547e-05	0
4.89392e-05	0
4.94286e-05	0
4.99229e-05	0
5.04221e-05	0
5.09264e-05	0
5.14356e-05	0
5.195e-05	0
5.24695e-05	0
5.29942e-05	0
5.35241e-05	0
5.40594e-05	0
5.46e-05	0
5.5146e-05	0
5.56974e-05	0
5.62544e-05	0
5.68169e-05	0
5.73851e-05	0
5.79589e-05	0
5.85385e-05	0
5.91239e-05	0
5.97152e-05	0
6.03123e-05	0
6.09154e-05	0
6.15246e-05	0
6.21398e-05	0
6.27612e-05	0
6.33888e-05	0
6.40227e-05	0
6.4663e-05	0
6.53096e-05	0
6.59627e-05	0
6.66223e-05	0
6.72885e-05	0
6.79614e-05	0
6.8641e-05	0
6.93275e-05	0
7.00207e-05	0
7.07209e-05	0
7.14281e-05	0
7.21424e-05	0
7.28638e-05	0
7.35925e-05	0
7.43284e-05	0
7.50717e-05	0
7.58224e-05	0
7.65806e-05	0
7.73464e-05	0
7.81199e-05	0
7.89011e-05	0
7.96901e-05	0
8.0487e-05	0
8.12919e-05	0
8.21048e-05	0
8.29259e-05	0
8.37551e-05	0
8.45927e-05	0
8.54386e-05	0
8.6293e-05	0
8.71559e-05	0
8.80275e-05	0
8.89077e-05	0
8.97968e-05	0
9.06948e-05	0
9.16017e-05	0
9.25178e-05	0
9.34429e-05	0
9.43774e-05	0
9.53211e-05	0
9.62743e-05	0
9.72371e-05	0
9.82095e-05	0
9.91916e-05	0
0.000100183	0
0.000101185	0
0.000102197	0
0.000103219	0
0.000104251	0
0.000105294	0
0.000106347	0
0.00010741	0
0.000108484	0
0.000109569	0
0.000110665	0
0.000111772	0
0.000112889	0
0.000114018	0
0.000115158	0
0.00011631	0
0.000117473	0
0.000118648	0
0.000119834	0
0.000121033	0
0.000122243	0
0.000123465	0
0.0001247	0
0.000125947	0
0.000127206	0
0.000128478	0
0.000129763	0
0.000131061	0
0.000132372	0
0.000133695	0
0.000135032	0
0.000136383	0
0.000137746	0
0.000139124	0
0.000140515	0
0.00014192	0
0.000143339	0
0.000144773	0
0.000146221	0
0.000147683	0
0.00014916	0
0.000150651	0
0.000152158	0
0.000153679	0
0.000155216	0
0.000156768	0
0.000158336	0
0.000159919	0
0.000161518	0
0.000163134	0
0.000164765	0
0.000166413	0
0.000168077	0
0.000169757	0
0.000171455	0
0.00017317	0
0.000174901	0
0.00017665	0
0.000178417	0
0.000180201	0
0.000182003	0
0.000183823	0
0.000185661	0
0.000187518	0
0.000189393	0
0.000191287	0
0.0001932	0
0.000195132	0
0.000197083	0
0.000199054	0
0.000201045	0
0.000203055	0
0.000205086	0
0.000207136	0
0.000209208	0
0.0002113	0
0.000213413	0
0.000215547	0
0.000217702	0
0.000219879	0
0.000222078	0
0.000224299	0
0.000226542	0
0.000228807	0
0.000231095	0
0.000233406	0
0.000235741	0
0.000238098	0
0.000240479	0
0.000242884	0
0.000245313	0
0.000247766	0
0.000250243	0
0.000252746	0
0.000255273	0
0.000257826	0
0.000260404	0
0.000263008	0
0.000265638	0
0.000268295	0
0.000270978	0
0.000273687	0
0.000276424	0
0.000279189	0
0.00028198	0
0.0002848	0
0.000287648	0
0.000290525	0
0.00029343	0
0.000296364	0
0.000299328	0
0.000302321	0
0.000305344	0
0.000308398	0
0.000311482	0
0.000314597	0
0.000317743	0
0.00032092	0
0.000324129	0
0.00032737	0
0.000330644	0
0.000333951	0
0.00033729	0
0.000340663	0
0.00034407	0
0.00034751	0
0.000350985	0
0.000354495	0
0.00035804	0
0.000361621	0
0.000365237	0
0.000368889	0
0.000372578	0
0.000376304	0
0.000380067	0
0.000383868	0
0.000387706	0
0.000391583	0
0.000395499	0
0.000399454	0
0.000403449	0
0.000407483	0
0.000411558	0
0.000415674	0
0.00041983	0
0.000424029	0
0.000428269	0
0.000432552	0
0.000436877	0
0.000441246	0
0.000445658	0
0.000450115	0
0.000454616	0
0.000459162	0
0.000463754	0
0.000468391	0
0.000473075	0
0.000477806	0
0.000482584	0
0.00048741	0
0.000492284	0
0.000497207	0
0.000502179	0
0.000507201	0
0.000512273	0
0.000517396	0
0.00052257	0
0.000527795	0
0.000533073	0
0.000538404	0
0.000543788	0
0.000549226	0
0.000554718	0
0.000560265	0
0.000565868	0
0.000571527	0
0.000577242	0
0.000583014	0
0.000588844	0
0.000594733	0
0.00060068	0
0.000606687	0
0.000612754	0
0.000618881	0
0.00062507	0
0.000631321	0
0.000637634	0
0.000644011	0
0.000650451	0
0.000656955	0
0.000663525	0
0.00067016	0
0.000676862	0
0.00068363	0
0.000690466	0
0.000697371	0
0.000704345	0
0.000711388	0
0.000718502	0
0.000725687	0
0.000732944	0
0.000740273	0
0.000747676	0
0.000755153	0
0.000762705	0
0.000770332	0
0.000778035	0
0.000785815	0
0.000793673	0
0.00080161	0
0.000809626	0
0.000817722	0
0.0008259	0
0.000834159	0
0.0008425	0
0.000850925	0
0.000859435	0
0.000868029	0
0.000876709	0
0.000885476	0
0.000894331	0
0.000903274	0
0.000912307	0
0.00092143	0
0.000930644	0
0.000939951	0
0.00094935	0
0.000958844	0
0.000968432	0
0.000978117	0
0.000987898	0
0.000997777	0
0.00100775	0
0.00101783	0
0.00102801	0
0.00103829	0
0.00104867	0
0.00105916	0
0.00106975	0
0.00108045	0
0.00109125	0
0.00110217	0
0.00111319	0
0.00112432	0
0.00113556	0
0.00114692	0
0.00115839	0
0.00116997	0
0.00118167	0
0.00119349	0
0.00120542	0
0.00121748	0
0.00122965	0
0.00124195	0
0.00125437	0
0.00126691	0
0.00127958	0
0.00129238	0
0.0013053	0
0.00131835	0
0.00133154	0
0.00134485	0
0.0013583	0
0.00137188	0
0.0013856	0
0.00139946	0
0.00141345	0
0.00142759	0
0.00144186	0
0.00145628	0
0.00147085	0
0.00148555	0
0.00150041	0
0.00151541	0
0.00153057	0
0.00154587	0
0.00156133	0
0.00157695	0
0.00159271	0
0.00160864	0
0.00162473	0
0.00164098	0
0.00165739	0
0.00167396	0
0.0016907	0
0.00170761	0
0.00172468	0
0.00174193	0
0.00175935	0
0.00177694	0
0.00179471	0
0.00181266	0
0.00183078	0
0.00184909	0
0.00186758	0
0.00188626	0
0.00190512	0
0.00192417	0
0.00194341	0
0.00196285	0
0.00198248	0
0.0020023	0
0.00202232	0
0.00204255	0
0.00206297	0
0.0020836	0
0.00210444	0
0.00212548	0
0.00214674	0
0.00216821	0
0.00218989	0
0.00221179	0
0.0022339	0
0.00225624	0
0.00227881	0
0.00230159	0
0.00232461	0
0.00234786	0
0.00237134	0
0.00239505	0
0.002419	0
0.00244319	0
0.00246762	0
0.0024923	0
0.00251722	0
0.00254239	0
0.00256782	0
0.00259349	0
0.00261943	0
0.00264562	0
0.00267208	0
0.0026988	0
0.00272579	0
0.00275305	0
0.00278058	0
0.00280838	0
0.00283647	0
0.00286483	0
0.00289348	0
0.00292241	0
0.00295164	0
0.00298115	0
0.00301097	0
0.00304108	0
0.00307149	0
0.0031022	0
0.00313322	0
0.00316456	0
0.0031962	0
0.00322816	0
0.00326045	0
0.00329305	0
0.00332598	0
0.00335924	0
0.00339283	0
0.00342676	0
0.00346103	0
0.00349564	0
0.00353059	0
0.0035659	0
0.00360156	0
0.00363758	0
0.00367395	0
0.00371069	0
0.0037478	0
0.00378528	0
0.00382313	0
0.00386136	0
0.00389997	0
0.00393897	0
0.00397836	0
0.00401815	0
0.00405833	0
0.00409891	0
0.0041399	0
0.0041813	0
0.00422311	0
0.00426534	0
0.004308	0
0.00435108	0
0.00439459	0
0.00443853	0
0.00448292	0
0.00452775	0
0.00457303	0
0.00461876	0
0.00466494	0
0.00471159	0
0.00475871	0
0.0048063	0
0.00485436	0
0.0049029	0
0.00495193	0
0.00500145	0
0.00505146	0
0.00510198	0
0.005153	0
0.00520453	0
0.00525657	0
0.00530914	0
0.00536223	0
0.00541585	0
0.00547001	0
0.00552471	0
0.00557996	0
0.00563576	0
0.00569212	0
0.00574904	0
0.00580653	0
0.00586459	0
0.00592324	0
0.00598247	0
0.0060423	0
0.00610272	0
0.00616375	0
0.00622538	0
0.00628764	0
0.00635051	0
0.00641402	0
0.00647816	0
0.00654294	0
0.00660837	0
0.00667445	0
0.0067412	0
0.00680861	0
0.0068767	0
0.00694546	0
0.00701492	0
0.00708507	0
0.00715592	0
0.00722748	0
0.00729975	0
0.00737275	0
0.00744648	0
0.00752094	0
0.00759615	0
0.00767211	0
0.00774883	0
0.00782632	0
0.00790459	0
0.00798363	0
0.00806347	0
0.0081441	0
0.00822554	0
0.0083078	0
0.00839088	0
0.00847479	0
0.00855953	0
0.00864513	0
0.00873158	0
0.0088189	0
0.00890709	0
0.00899616	0
0.00908612	0
0.00917698	0
0.00926875	0
0.00936144	0
0.00945505	0
0.0095496	0
0.0096451	0
0.00974155	0
0.00983896	0
0.00993735	0
0.0100367	0
0.0101371	0
0.0102385	0
0.0103409	0
0.0104443	0
0.0105487	0
0.0106542	0
0.0107607	0
0.0108683	0
0.010977	0
0.0110868	0
0.0111977	0
0.0113096	0
0.0114227	0
0.011537	0
0.0116523	0
0.0117689	0
0.0118865	0
0.0120054	0
0.0121255	0
0.0122467	0
0.0123692	0
0.0124929	0
0.0126178	0
0.012744	0
0.0128714	0
0.0130001	0
0.0131301	0
0.0132614	0
0.0133941	0
0.013528	0
0.0136633	0
0.0137999	0
0.0139379	0
0.0140773	0
0.0142181	0
0.0143602	0
0.0145038	0
0.0146489	0
0.0147954	0
0.0149433	0
0.0150928	0
0.0152437	0
0.0153961	0
0.0155501	0
0.0157056	0
0.0158626	0
0.0160213	0
0.0161815	0
0.0163433	0
0.0165067	0
0.0166718	0
0.0168385	0
0.0170069	0
0.017177	0
0.0173487	0
0.0175222	0
0.0176974	0
0.0178744	0
0.0180532	0
0.0182337	0
0.018416	0
0.0186002	0
0.0187862	0
0.0189741	0
0.0191638	0
0.0193554	0
0.019549	0
0.0197445	0
0.0199419	0
0.0201413	0
0.0203427	0
0.0205462	0
0.0207516	0
0.0209592	0
0.0211687	0
0.0213804	0
0.0215942	0
0.0218102	0
0.0220283	0
0.0222486	0
0.0224711	0
0.0226958	0
0.0229227	0
0.0231519	0
0.0233835	0
0.0236173	0
0.0238535	0
0.024092	0
0.0243329	0
0.0245763	0
0.024822	0
0.0250702	0
0.0253209	0
0.0255742	0
0.0258299	0
0.0260882	0
0.0263491	0
0.0266126	0
0.0268787	0
0.0271475	0
0.027419	0
0.0276931	0
0.0279701	0
0.0282498	0
0.0285323	0
0.0288176	0
0.0291058	0
0.0293968	0
0.0296908	0
0.0299877	0
0.0302876	0
0.0305905	0
0.0308964	0
0.0312053	0
0.0315174	0
0.0318326	0
0.0321509	0
0.0324724	0
0.0327971	0
0.0331251	0
0.0334563	0
0.0337909	0
0.0341288	0
0.0344701	0
0.0348148	0
0.0351629	0
0.0355146	0
0.0358697	0
0.0362284	0
0.0365907	0
0.0369566	0
0.0373262	0
0.0376994	0
0.0380764	0
0.0384572	0
0.0388418	0
0.0392302	0
0.0396225	0
0.0400187	0
0.0404189	0
0.0408231	0
0.0412313	0
0.0416436	0
0.0420601	0
0.0424807	0
0.0429055	0
0.0433345	0
0.0437679	0
0.0442056	0
0.0446476	0
0.0450941	0
0.045545	0
0.0460005	0
0.0464605	0
0.0469251	0
0.0473943	0
0.0478683	0
0.048347	0
0.0488304	0
0.0493187	0
0.0498119	0
0.05031	0
0.0508131	0
0.0513213	0
0.0518345	0
0.0523528	0
0.0528764	0
0.0534051	0
0.0539392	0
0.0544786	0
0.0550234	0
0.0555736	0
0.0561293	0
0.0566906	0
0.0572575	0
0.0578301	0
0.0584084	0
0.0589925	0
0.0595824	0
0.0601782	0
0.06078	0
0.0613878	0
0.0620017	0
0.0626217	0
0.0632479	0
0.0638804	0
0.0645192	0
0.0651644	0
0.065816	0
0.0664742	0
0.0671389	0
0.0678103	0
0.0684884	0
0.0691733	0
0.0698651	0
0.0705637	0
0.0712693	0
0.071982	0
0.0727019	0
0.0734289	0
0.0741632	0
0.0749048	0
0.0756538	0
0.0764104	0
0.0771745	0
0.0779462	0
0.0787257	0
0.079513	0
0.0803081	0
0.0811112	0
0.0819223	0
0.0827415	0
0.0835689	0
0.0844046	0
0.0852486	0
0.0861011	0
0.0869621	0
0.0878318	0
0.0887101	0
0.0895972	0
0.0904932	0
0.0913981	0
0.0923121	0
0.0932352	0
0.0941675	0
0.0951092	0
0.0960603	0
0.0970209	0
0.0979911	0
0.098971	0
0.0999607	0
0.10096	0
0.10197	0
0.10299	0
0.10402	0
0.10506	0
0.10611	0
0.107171	0
0.108243	0
0.109326	0
0.110419	0
0.111523	0
0.112638	0
0.113765	0
0.114902	0
0.116051	0
0.117212	0
0.118384	0
0.119568	0
0.120763	0
0.121971	0
0.123191	0
0.124423	0
0.125667	0
0.126924	0
0.128193	0
0.129475	0
0.13077	0
0.132077	0
0.133398	0
0.134732	0
0.136079	0
0.13744	0
0.138814	0
0.140203	0
0.141605	0
0.143021	0
0.144451	0
0.145895	0
0.147354	0
0.148828	0
0.150316	0
0.151819	0
0.153338	0
0.154871	0
0.15642	0
0.157984	0
0.159564	0
0.161159	0
0.162771	0
0.164399	0
0.166043	0
0.167703	0
0.16938	0
0.171074	0
0.172785	0
0.174512	0
0.176258	0
0.17802	0
0.1798	0
0.181598	0
0.183414	0
0.185248	0
0.187101	0
0.188972	0
0.190862	0
0.19277	0
0.194698	0
0.196645	0
0.198611	0
0.200598	0
0.202604	0
0.20463	0
0.206676	0
0.208743	0
0.21083	0
0.212938	0
0.215068	0
0.217218	0
0.219391	0
0.221584	0
0.2238	0
0.226038	0
0.228299	0
0.230582	0
0.232888	0
0.235216	0
0.237569	0
0.239944	0
0.242344	0
0.244767	0
0.247215	0
0.249687	0
0.252184	0
0.254706	0
0.257253	0
0.259825	0
0.262423	0
0.265048	0
0.267698	0
0.270375	0
0.273079	0
0.27581	0
0.278568	0
0.281354	0
0.284167	0
0.287009	0
0.289879	0
0.292778	0
0.295705	0
0.298662	0
0.301649	0
0.304666	0
0.307712	0
0.310789	0
0.313897	0
0.317036	0
0.320207	0
0.323409	0
0.326643	0
0.329909	0
0.333208	0
0.33654	0
0.339906	0
0.343305	0
0.346738	0
0.350205	0
0.353707	0
0.357244	0
0.360817	0
0.364425	0
0.368069	0
0.37175	0
0.375467	0
0.379222	0
0.383014	0
0.386844	0
0.390713	0
0.39462	0
0.398566	0
0.402552	0
0.406577	0
0.410643	0
0.41475	0
0.418897	0
0.423086	0
0.427317	0
0.43159	0
0.435906	0
0.440265	0
0.444668	0
0.449114	0
0.453605	0
0.458142	0
0.462723	0
0.46735	0
0.472024	0
0.476744	0
0.481511	0
0.486326	0
0.49119	0
0.496102	0
0.501063	0
0.506073	0
0.511134	0
0.516245	0
0.521408	0
0.526622	0
0.531888	0
0.537207	0
0.542579	0
0.548005	0
0.553485	0
0.55902	0
0.56461	0
0.570256	0
0.575959	0
0.581718	0
0.587535	0
0.593411	0
0.599345	0
0.605338	0
0.611392	0
0.617506	0
0.623681	0
0.629917	0
0.636217	0
0.642579	0
0.649005	0
0.655495	0
0.66205	0
0.66867	0
0.675357	0
0.68211	0
0.688931	0
0.695821	0
0.702779	0
0.709807	0
0.716905	0
0.724074	0
0.731315	0
0.738628	0
0.746014	0
0.753474	0
0.761009	0
0.768619	0
0.776305	0
0.784068	0
0.791909	0
0.799828	0
0.807826	0
0.815905	0
0.824064	0
0.832304	0
0.840627	0
0.849034	0
0.857524	0
0.866099	0
0.87476	0
0.883508	0
0.892343	0
0.901266	0
0.910279	0
0.919382	0
0.928575	0
0.937861	0
0.94724	0
0.956712	0
0.966279	0
0.975942	0
0.985702	0
0.995559	0
1.00551	0
1.01557	0
1.02572	0
1.03598	0
1.04634	0
1.05681	0
1.06737	0
1.07805	0
1.08883	0
1.09972	0
1.11071	0
1.12182	0
1.13304	0
1.14437	0
1.15581	0
1.16737	0
1.17904	0
1.19083	0
1.20274	0
1.21477	0
1.22692	0
1.23919	0
1.25158	0
1.2641	0
1.27674	0
1.2895	0
1.3024	0
1.31542	0
1.32858	0
1.34186	0
1.35528	0
1.36883	0
1.38252	0
1.39635	0
1.41031	0
1.42441	0
1.43866	0
1.45304	0
1.46758	0
1.48225	0
1.49707	0
1.51204	0
1.52716	0
1.54244	0
1.55786	0
1.57344	0
1.58917	0
1.60507	0
1.62112	0
1.63733	0
1.6537	0
1.67024	0
1.68694	0
1.70381	0
1.72085	0
1.73806	0
1.75544	0
1.77299	0
1.79072	0
1.80863	0
1.82671	0
1.84498	0
1.86343	0
1.88207	0
1.90089	0
1.9199	0
1.93909	0
1.95848	0
1.97807	0
1.99785	0
2.01783	0
2.03801	0
2.05839	0
2.07897	0
2.09976	0
2.12076	0
2.14197	0
2.16339	0
2.18502	0
2.20687	0
2.22894	0
2.25123	0
2.27374	0
2.29648	0
2.31944	0
2.34264	0
2.36606	0
2.38972	0
2.41362	0
2.43776	0
2.46213	0
2.48676	0
2.51162	0
2.53674	0
2.56211	0
2.58773	0
2.61361	0
2.63974	0
2.66614	0
2.6928	0
2.71973	0
2.74693	0
2.7744	0
2.80214	0
2.83016	0
2.85846	0
2.88705	0
2.91592	0
2.94508	0
2.97453	0
3.00427	0
3.03432	0
3.06466	0
3.0953	0
3.12626	0
3.15752	0
3.1891	0
3.22099	0
3.2532	0
3.28573	0
3.31859	0
3.35177	0
3.38529	0
3.41914	0
3.45333	0
3.48787	0
3.52275	0
3.55797	0
3.59355	0
3.62949	0
3.66578	0
3.70244	0
3.73947	0
3.77686	0
3.81463	0
3.85277	0
3.8913	0
3.93022	0
3.96952	0
4.00921	0
4.04931	0
4.0898	0
4.1307	0
4.172	0
4.21372	0
4.25586	0
4.29842	0
4.3414	0
4.38482	0
4.42867	0
4.47295	0
4.51768	0
4.56286	0
4.60849	0
4.65457	0
4.70112	0
4.74813	0
4.79561	0
4.84357	0
4.892	0
4.94092	0
4.99033	0
5.04023	0
5.09064	0
5.14154	0
5.19296	0
5.24489	0
5.29734	0
5.35031	0
5.40381	0
5.45785	0
5.51243	0
5.56755	0
5.62323	0
5.67946	0
5.73626	0
5.79362	0
5.85156	0
5.91007	0
5.96917	0
6.02886	0
6.08915	0
6.15004	0
6.21154	0
6.27366	0
6.3364	0
6.39976	0
6.46376	0
6.5284	0
6.59368	0
6.65962	0
6.72621	0
6.79347	0
6.86141	0
6.93002	0
6.99932	0
7.06932	0
7.14001	0
7.21141	0
7.28352	0
7.35636	0
7.42992	0
7.50422	0
7.57926	0
7.65506	0
7.73161	0
7.80892	0
7.88701	0
7.96588	0
8.04554	0
8.126	0
8.20726	0
8.28933	0
8.37222	0
8.45595	0
8.5405	0
8.62591	0
8.71217	0
8.79929	0
8.88728	0
8.97616	0
9.06592	0
9.15658	0
9.24814	0
9.34062	0
9.43403	0
9.52837	0
9.62365	0
9.71989	0
9.81709	0
9.91526	0
10.0144	4.9844e+54
10.1146	5.14134e+54
10.2157	5.30145e+54
10.3179	5.46473e+54
10.421	5.63122e+54
10.5252	5.8009e+54
10.6305	6.00939e+54
10.7368	6.18626e+54
10.8442	6.36643e+54
10.9526	6.54996e+54
11.0621	6.73704e+54
11.1728	6.92776e+54
11.2845	7.1222e+54
11.3973	7.32054e+54
11.5113	7.52288e+54
11.6264	7.72936e+54
11.7427	7.94008e+54
11.8601	8.11099e+54
11.9787	8.32964e+54
12.0985	8.55286e+54
12.2195	8.78078e+54
12.3417	8.96576e+54
12.4651	9.2025e+54
12.5898	9.44429e+54
12.7156	9.64054e+54
12.8428	9.8918e+54
12.9712	1.00957e+55
13.1009	1.03568e+55
13.232	1.05687e+55
13.3643	1.08401e+55
13.4979	1.11174e+55
13.6329	1.13426e+55
13.7692	1.1631e+55
13.9069	1.18651e+55
14.046	1.2165e+55
14.1864	1.24086e+55
14.3283	1.26564e+55
14.4716	1.2974e+55
14.6163	1.32319e+55
14.7625	1.35625e+55
14.9101	1.38309e+55
15.0592	1.41749e+55
15.2098	1.44543e+55
15.3619	1.47387e+55
15.5155	1.51032e+55
15.6707	1.53993e+55
15.8274	1.57007e+55
15.9856	1.60872e+55
16.1455	1.64011e+55
16.307	1.67207e+55
16.47	1.71305e+55
16.6347	1.74633e+55
16.8011	1.78022e+55
16.9691	1.82369e+55
17.1388	1.859e+55
17.3102	1.89495e+55
17.4833	1.93156e+55
17.6581	1.97852e+55
17.8347	2.01667e+55
18.013	2.05552e+55
18.1932	2.09508e+55
18.3751	2.13538e+55
18.5588	2.18708e+55
18.7444	2.22907e+55
18.9319	2.27184e+55
19.1212	2.31541e+55
19.3124	2.35978e+55
19.5055	2.41673e+55
19.7006	2.46299e+55
19.8976	2.51011e+55
20.0966	2.5581e+55
20.2975	2.60699e+55
20.5005	2.6568e+55
20.7055	2.70753e+55
20.9126	2.77267e+55
21.1217	2.82558e+55
21.3329	2.87948e+55
21.5462	2.93439e+55
21.7617	2.99034e+55
21.9793	3.04733e+55
22.1991	3.1054e+55
22.4211	3.16457e+55
22.6453	3.22485e+55
22.8718	3.28627e+55
23.1005	3.34885e+55
23.3315	3.41261e+55
23.5648	3.47758e+55
23.8004	3.54378e+55
24.0384	3.61124e+55
24.2788	3.67997e+55
24.5216	3.75001e+55
24.7668	3.82138e+55
25.0145	3.89411e+55
25.2647	3.96822e+55
25.5173	4.04375e+55
25.7725	4.12072e+55
26.0302	4.19915e+55
26.2905	4.27909e+55
26.5534	4.36055e+55
26.8189	4.44356e+55
27.0871	4.52815e+55
27.358	4.61438e+55
27.6316	4.70225e+55
27.9079	4.79182e+55
28.187	4.8831e+55
28.4688	4.97614e+55
28.7535	5.07095e+55
29.0411	5.14244e+55
29.3315	5.24047e+55
29.6248	5.34037e+55
29.921	5.4422e+55
30.2202	5.54599e+55
30.5225	5.65178e+55
30.8277	5.75963e+55
31.136	5.84089e+55
31.4473	5.9524e+55
31.7618	6.06604e+55
32.0794	6.18188e+55
32.4002	6.29994e+55
32.7242	6.38894e+55
33.0514	6.51101e+55
33.382	6.63543e+55
33.7158	6.76231e+55
34.0529	6.8916e+55
34.3935	6.98903e+55
34.7374	7.12274e+55
35.0848	7.25908e+55
35.4356	7.39801e+55
35.79	7.50267e+55
36.1479	7.64632e+55
36.5094	7.79278e+55
36.8744	7.9421e+55
37.2432	8.05454e+55
37.6156	8.20887e+55
37.9918	8.36621e+55
38.3717	8.5266e+55
38.7554	8.64739e+55
39.143	8.81323e+55
39.5344	8.98229e+55
39.9297	9.1096e+55
40.329	9.28442e+55
40.7323	9.46264e+55
41.1397	9.59678e+55
41.551	9.78105e+55
41.9666	9.96888e+55
42.3862	1.01102e+56
42.8101	1.03044e+56
43.2382	1.05024e+56
43.6706	1.06514e+56
44.1073	1.08561e+56
44.5483	1.10647e+56
44.9938	1.12217e+56
45.4438	1.14374e+56
45.8982	1.16573e+56
46.3572	1.18227e+56
46.8208	1.205e+56
47.289	1.22209e+56
47.7619	1.24559e+56
48.2395	1.26954e+56
48.7219	1.28755e+56
49.2091	1.3123e+56
49.7012	1.33091e+56
50.1982	1.35651e+56
50.7002	1.38259e+56
51.2072	1.40219e+56
51.7192	1.42914e+56
52.2364	1.44939e+56
52.7588	1.47725e+56
53.2864	1.49818e+56
53.8193	1.52697e+56
54.3574	1.55631e+56
54.901	1.57834e+56
55.45	1.60865e+56
56.0045	1.63141e+56
56.5646	1.66273e+56
57.1302	1.68624e+56
57.7015	1.71859e+56
58.2785	1.74287e+56
58.8613	1.77629e+56
59.4499	1.81033e+56
60.0444	1.83588e+56
60.6449	1.87104e+56
61.2513	1.89741e+56
61.8638	1.93372e+56
62.4825	1.96095e+56
63.1073	1.99844e+56
63.7384	2.02654e+56
64.3758	2.06525e+56
65.0195	2.09425e+56
65.6697	2.1342e+56
66.3264	2.16413e+56
66.9897	2.20536e+56
67.6596	2.23625e+56
68.3362	2.27879e+56
69.0195	2.31064e+56
69.7097	2.35454e+56
70.4068	2.38739e+56
71.1109	2.43267e+56
71.822	2.46655e+56
72.5402	2.51323e+56
73.2656	2.54816e+56
73.9983	2.59631e+56
74.7383	2.63231e+56
75.4857	2.68193e+56
76.2405	2.71902e+56
77.0029	2.77016e+56
77.7729	2.80839e+56
78.5507	2.86108e+56
79.3362	2.90044e+56
80.1295	2.95472e+56
80.9308	2.99525e+56
81.7401	3.05115e+56
82.5575	3.10799e+56
83.3831	3.15041e+56
84.217	3.20892e+56
85.0591	3.25256e+56
85.9097	3.31277e+56
86.7688	3.35766e+56
87.6365	3.4196e+56
88.5129	3.46576e+56
89.398	3.52944e+56
90.292	3.57688e+56
91.1949	3.64233e+56
92.1068	3.69107e+56
93.0279	3.75833e+56
93.9582	3.80839e+56
94.8978	3.87749e+56
95.8467	3.92887e+56
96.8052	3.99981e+56
97.7733	4.07182e+56
98.751	4.12534e+56
99.7385	4.19921e+56
100.736	4.25409e+56
101.743	4.32987e+56
102.761	4.40672e+56
103.788	4.46376e+56
104.826	4.54253e+56
105.874	4.60094e+56
106.933	4.68161e+56
108.003	4.76341e+56
109.083	4.82399e+56
110.173	4.90766e+56
111.275	4.99242e+56
112.388	5.05514e+56
113.512	5.1418e+56
114.647	5.22957e+56
115.793	5.29442e+56
116.951	5.38405e+56
118.121	5.47476e+56
119.302	5.5417e+56
120.495	5.63424e+56
121.7	5.72785e+56
122.917	5.8225e+56
124.146	5.89226e+56
125.388	5.98868e+56
126.641	6.08613e+56
127.908	6.18459e+56
129.187	6.28405e+56
130.479	6.35714e+56
131.784	6.45825e+56
133.101	6.5603e+56
134.432	6.66328e+56
135.777	6.76718e+56
137.135	6.87196e+56
138.506	6.97762e+56
139.891	7.08411e+56
141.29	7.19143e+56
142.703	7.29953e+56
144.13	7.4084e+56
145.571	7.51801e+56
147.027	7.62833e+56
148.497	7.73933e+56
149.982	7.85094e+56
151.482	7.96318e+56
152.997	8.076e+56
154.527	8.18935e+56
156.072	8.30319e+56
157.633	8.4175e+56
159.209	8.56417e+56
160.801	8.67944e+56
162.409	8.79503e+56
164.033	8.91088e+56
165.673	9.05948e+56
167.33	9.17587e+56
169.003	9.29238e+56
170.694	9.44176e+56
172.4	9.55843e+56
174.124	9.708e+56
175.866	9.82458e+56
177.624	9.97401e+56
179.401	1.00902e+57
181.195	1.02392e+57
183.007	1.03547e+57
184.837	1.05028e+57
186.685	1.06503e+57
188.552	1.07643e+57
190.437	1.09104e+57
192.342	1.10555e+57
194.265	1.11996e+57
196.208	1.13425e+57
198.17	1.14521e+57
200.152	1.15925e+57
202.153	1.17315e+57
204.175	1.18688e+57
206.216	1.20043e+57
208.279	1.21687e+57
210.361	1.23e+57
212.465	1.24292e+57
214.59	1.25561e+57
216.735	1.26807e+57
218.903	1.28313e+57
221.092	1.29502e+57
223.303	1.30939e+57
225.536	1.32067e+57
227.791	1.33428e+57
230.069	1.34489e+57
232.37	1.35768e+57
234.693	1.37e+57
237.04	1.38183e+57
239.411	1.39316e+57
241.805	1.40397e+57
244.223	1.41426e+57
246.665	1.42399e+57
249.132	1.43317e+57
251.623	1.44362e+57
254.139	1.45156e+57
256.681	1.46055e+57
259.248	1.46874e+57
261.84	1.47614e+57
264.458	1.48273e+57
267.103	1.4897e+57
269.774	1.49458e+57
272.472	1.50056e+57
275.197	1.50529e+57
277.949	1.50881e+57
280.728	1.51172e+57
283.535	1.51412e+57
286.371	1.51535e+57
289.234	1.51536e+57
292.127	1.51302e+57
295.048	1.50979e+57
297.998	1.50653e+57
300.978	1.50324e+57
303.988	1.49992e+57
307.028	1.49659e+57
310.098	1.49322e+57
313.199	1.48983e+57
316.331	1.48641e+57
319.495	1.48297e+57
322.69	1.4795e+57
325.917	1.476e+57
329.176	1.47247e+57
332.467	1.46892e+57
335.792	1.46534e+57
339.15	1.46174e+57
342.542	1.4581e+57
345.967	1.45444e+57
349.427	1.45075e+57
352.921	1.44703e+57
356.45	1.44329e+57
360.015	1.43952e+57
363.615	1.43572e+57
367.251	1.43189e+57
370.923	1.42803e+57
374.633	1.42414e+57
378.379	1.42023e+57
382.163	1.41628e+57
385.984	1.41231e+57
389.844	1.40831e+57
393.743	1.40428e+57
397.68	1.40022e+57
401.657	1.39613e+57
405.673	1.39201e+57
409.73	1.38787e+57
413.827	1.38369e+57
417.966	1.37948e+57
422.145	1.37525e+57
426.367	1.37098e+57
430.631	1.36669e+57
434.937	1.36236e+57
439.286	1.35801e+57
443.679	1.35362e+57
448.116	1.3492e+57
452.597	1.34476e+57
457.123	1.34028e+57
461.694	1.33577e+57
466.311	1.33124e+57
470.974	1.32667e+57
475.684	1.32207e+57
480.441	1.31744e+57
485.245	1.31278e+57
490.098	1.30809e+57
494.999	1.30337e+57
499.949	1.29862e+57
504.948	1.29384e+57
509.998	1.28903e+57
515.098	1.28418e+57
520.249	1.27931e+57
525.451	1.2744e+57
530.706	1.26947e+57
536.013	1.2645e+57
541.373	1.2595e+57
546.787	1.25447e+57
552.254	1.24941e+57
557.777	1.24432e+57
563.355	1.2392e+57
568.988	1.23405e+57
574.678	1.22887e+57
580.425	1.22365e+57
586.229	1.21841e+57
592.091	1.21313e+57
598.012	1.20783e+57
603.992	1.20249e+57
610.032	1.19712e+57
616.133	1.19173e+57
622.294	1.1863e+57
628.517	1.18084e+57
634.802	1.17535e+57
641.15	1.16984e+57
647.562	1.16429e+57
654.037	1.15871e+57
660.578	1.1531e+57
667.183	1.14746e+57
673.855	1.1418e+57
680.594	1.1361e+57
687.4	1.13037e+57
694.274	1.12462e+57
701.217	1.11883e+57
708.229	1.11302e+57
715.311	1.10718e+57
722.464	1.10131e+57
729.689	1.09541e+57
736.986	1.08948e+57
744.355	1.08353e+57
751.799	1.07754e+57
759.317	1.07153e+57
766.91	1.0655e+57
774.579	1.05943e+57
782.325	1.05334e+57
790.148	1.04722e+57
798.05	1.04108e+57
806.03	1.0349e+57
814.091	1.02871e+57
822.232	1.02248e+57
830.454	1.01623e+57
838.758	1.00996e+57
847.146	1.00366e+57
855.617	9.9734e+56
864.174	9.90993e+56
872.815	9.84621e+56
881.543	9.78227e+56
890.359	9.71809e+56
899.262	9.65368e+56
908.255	9.58905e+56
917.338	9.5242e+56
926.511	9.45913e+56
935.776	9.39384e+56
945.134	9.32835e+56
954.585	9.26264e+56
964.131	9.19674e+56
973.772	9.13064e+56
983.51	9.06435e+56
993.345	8.99787e+56
1003.28	8.9312e+56
1013.31	8.86435e+56
1023.44	8.79733e+56
1033.68	8.73014e+56
1044.02	8.66278e+56
1054.46	8.59526e+56
1065	8.52759e+56
1075.65	8.45976e+56
1086.41	8.39179e+56
1097.27	8.32368e+56
1108.24	8.25544e+56
1119.33	8.18707e+56
1130.52	8.11857e+56
1141.82	8.04996e+56
1153.24	7.98124e+56
1164.78	7.91241e+56
1176.42	7.84348e+56
1188.19	7.77445e+56
1200.07	7.70534e+56
1212.07	7.63615e+56
1224.19	7.56688e+56
1236.43	7.49755e+56
1248.8	7.42815e+56
1261.28	7.35869e+56
1273.9	7.28919e+56
1286.64	7.21965e+56
1299.5	7.15007e+56
1312.5	7.08046e+56
1325.62	7.01083e+56
1338.88	6.94119e+56
1352.27	6.87154e+56
1365.79	6.80189e+56
1379.45	6.73224e+56
1393.24	6.66262e+56
1407.18	6.59301e+56
1421.25	6.52344e+56
1435.46	6.4539e+56
1449.81	6.3844e+56
1464.31	6.31496e+56
1478.96	6.24558e+56
1493.75	6.17627e+56
1508.68	6.10704e+56
1523.77	6.03788e+56
1539.01	5.96883e+56
1554.4	5.89987e+56
1569.94	5.83101e+56
1585.64	5.76228e+56
1601.5	5.69367e+56
1617.51	5.62519e+56
1633.69	5.55685e+56
1650.02	5.48867e+56
1666.52	5.42063e+56
1683.19	5.35277e+56
1700.02	5.28508e+56
1717.02	5.21757e+56
1734.19	5.15025e+56
1751.53	5.08313e+56
1769.05	5.01622e+56
1786.74	4.94952e+56
1804.61	4.88305e+56
1822.65	4.81681e+56
1840.88	4.75082e+56
1859.29	4.68507e+56
1877.88	4.61958e+56
1896.66	4.55435e+56
1915.63	4.4894e+56
1934.78	4.42473e+56
1954.13	4.36036e+56
1973.67	4.29628e+56
1993.41	4.23251e+56
2013.34	4.16905e+56
2033.48	4.10592e+56
2053.81	4.04312e+56
2074.35	3.98067e+56
2095.09	3.91856e+56
2116.04	3.8568e+56
2137.2	3.79541e+56
2158.58	3.73439e+56
2180.16	3.67375e+56
2201.96	3.6135e+56
2223.98	3.55364e+56
2246.22	3.49418e+56
2268.69	3.43513e+56
2291.37	3.3765e+56
2314.29	3.31829e+56
2337.43	3.26052e+56
2360.8	3.20318e+56
2384.41	3.14628e+56
2408.26	3.08984e+56
2432.34	3.03386e+56
2456.66	2.97834e+56
2481.23	2.92329e+56
2506.04	2.86872e+56
2531.1	2.81463e+56
2556.41	2.76104e+56
2581.98	2.70793e+56
2607.8	2.65533e+56
2633.87	2.60324e+56
2660.21	2.55166e+56
2686.81	2.50059e+56
2713.68	2.45005e+56
2740.82	2.40004e+56
2768.23	2.35055e+56
2795.91	2.30161e+56
2823.87	2.2532e+56
2852.11	2.20534e+56
2880.63	2.15804e+56
2909.43	2.11128e+56
2938.53	2.06508e+56
2967.91	2.01944e+56
2997.59	1.97437e+56
3027.57	1.92986e+56
3057.84	1.88592e+56
3088.42	1.84256e+56
3119.31	1.79977e+56
3150.5	1.75756e+56
3182.01	1.71593e+56
3213.83	1.67488e+56
3245.96	1.63441e+56
3278.42	1.59453e+56
3311.21	1.55523e+56
3344.32	1.51653e+56
3377.76	1.47841e+56
3411.54	1.44087e+56
3445.66	1.40393e+56
3480.11	1.36758e+56
3514.91	1.33181e+56
3550.06	1.29664e+56
3585.56	1.26205e+56
3621.42	1.22805e+56
3657.63	1.19464e+56
3694.21	1.16182e+56
3731.15	1.12958e+56
3768.46	1.09792e+56
3806.15	1.06685e+56
3844.21	1.03635e+56
3882.65	1.00644e+56
3921.48	9.77095e+55
3960.69	9.48326e+55
4000.3	9.20128e+55
4040.3	8.92496e+55
4080.71	8.65428e+55
4121.51	8.38921e+55
4162.73	8.12971e+55
4204.36	7.87574e+55
4246.4	7.62727e+55
4288.86	7.38426e+55
4331.75	7.14665e+55
4375.07	6.91441e+55
4418.82	6.6875e+55
4463.01	6.46586e+55
4507.64	6.24944e+55
4552.71	6.0382e+55
4598.24	5.83207e+55
4644.22	5.63102e+55
4690.67	5.43497e+55
4737.57	5.24388e+55
4784.95	5.05768e+55
4832.8	4.87632e+55
4881.13	4.69973e+55
4929.94	4.52786e+55
4979.24	4.36064e+55
5029.03	4.198e+55
5079.32	4.03988e+55
5130.11	3.88621e+55
5181.41	3.73693e+55
5233.23	3.59197e+55
5285.56	3.45126e+55
5338.42	3.31472e+55
5391.8	3.1823e+55
5445.72	3.05391e+55
5500.17	2.92949e+55
5555.18	2.80896e+55
5610.73	2.69225e+55
5666.84	2.57928e+55
5723.5	2.47e+55
5780.74	2.36431e+55
5838.55	2.26215e+55
5896.93	2.16344e+55
5955.9	2.06812e+55
6015.46	1.97609e+55
6075.61	1.8873e+55
6136.37	1.80166e+55
6197.73	1.71911e+55
6259.71	1.63957e+55
6322.31	1.56296e+55
6385.53	1.48922e+55
6449.39	1.41826e+55
6513.88	1.35003e+55
6579.02	1.28444e+55
6644.81	1.22143e+55
6711.26	1.16092e+55
6778.37	1.10285e+55
6846.16	1.04714e+55
6914.62	9.93726e+54
6983.76	9.42543e+54
7053.6	8.93523e+54
7124.14	8.46598e+54
7195.38	8.01704e+54
7267.33	7.58775e+54
7340	7.17749e+54
7413.4	6.78563e+54
7487.54	6.41155e+54
7562.41	6.05465e+54
7638.04	5.71434e+54
7714.42	5.39003e+54
7791.56	5.08115e+54
7869.48	4.78714e+54
7948.17	4.50745e+54
8027.66	4.24154e+54
8107.93	3.9889e+54
8189.01	3.74899e+54
8270.9	3.52133e+54
8353.61	3.30542e+54
8437.15	3.10078e+54
8521.52	2.90696e+54
8606.73	2.72349e+54
8692.8	2.54994e+54
8779.73	2.38588e+54
8867.53	2.23089e+54
8956.2	2.08457e+54
9045.76	1.94652e+54
9136.22	1.81638e+54
9227.58	1.69376e+54
9319.86	1.57832e+54
9413.06	1.46971e+54
9507.19	1.3676e+54
9602.26	1.27167e+54
9698.28	1.18162e+54
9795.26	1.09713e+54
9893.22	1.01794e+54
9992.15	9.4375e+53
10092.1	8.74311e+53
10193	8.09364e+53
10294.9	7.48665e+53
10397.9	6.91981e+53
10501.8	6.39087e+53
10606.9	5.89769e+53
10712.9	5.43822e+53
10820.1	5.01049e+53
10928.3	4.61264e+53
11037.5	4.24288e+53
11147.9	3.89952e+53
11259.4	3.58094e+53
11372	3.2856e+53
11485.7	3.01203e+53
11600.6	2.75886e+53
11716.6	2.52476e+53
11833.7	2.30849e+53
11952.1	2.10886e+53
12071.6	1.92477e+53
12192.3	1.75515e+53
12314.2	1.59902e+53
12437.4	1.45542e+53
12561.8	1.32348e+53
12687.4	1.20237e+53
12814.3	1.0913e+53
12942.4	9.89533e+52
13071.8	8.96386e+52
13202.5	8.11211e+52
13334.6	7.33402e+52
13467.9	6.62392e+52
13602.6	5.97654e+52
13738.6	5.38692e+52
13876	4.85047e+52
14014.8	4.36289e+52
14154.9	3.92021e+52
14296.5	3.5187e+52
14439.4	3.15493e+52
14583.8	2.82571e+52
14729.7	2.52808e+52
14876.9	2.2593e+52
15025.7	2.01685e+52
15176	1.79839e+52
15327.7	1.60177e+52
15481	1.42501e+52
15635.8	1.26628e+52
15792.2	1.12392e+52
15950.1	9.96389e+51
16109.6	8.82272e+51
16270.7	7.80284e+51
16433.4	6.89245e+51
16597.7	6.0808e+51
16763.7	5.35807e+51
16931.4	4.71532e+51
17100.7	4.14443e+51
17271.7	3.63799e+51
17444.4	3.18932e+51
17618.8	2.79234e+51
17795	2.44156e+51
17973	2.132e+51
18152.7	1.85919e+51
18334.2	1.6191e+51
18517.6	1.40807e+51
18702.8	1.22286e+51
18889.8	1.06053e+51
19078.7	9.18449e+50
19269.5	7.94271e+50
19462.2	6.85895e+50
19656.8	5.91446e+50
19853.3	5.09255e+50
20051.9	4.37836e+50
20252.4	3.7587e+50
20454.9	3.22186e+50
20659.5	2.75749e+50
20866.1	2.35641e+50
21074.7	2.01054e+50
21285.5	1.71274e+50
21498.3	1.45673e+50
21713.3	1.237e+50
21930.4	1.04872e+50
22149.8	8.87642e+49
22371.2	7.50064e+49
22595	6.32754e+49
22820.9	5.32893e+49
23049.1	4.48028e+49
23279.6	3.76032e+49
23512.4	3.15058e+49
23747.5	2.63509e+49
23985	2.20004e+49
24224.9	1.83354e+49
24467.1	1.52534e+49
24711.8	1.26663e+49
24958.9	1.04987e+49
25208.5	8.68584e+48
25460.6	7.17254e+48
25715.2	5.91167e+48
25972.3	4.86313e+48
26232	3.99284e+48
26494.4	3.27189e+48
26759.3	2.67583e+48
27026.9	2.184e+48
27297.2	1.77899e+48
27570.1	1.44615e+48
27845.8	1.17316e+48
28124.3	9.4974e+47
28405.5	7.67259e+47
28689.6	6.1853e+47
28976.5	4.97567e+47
29266.3	3.99398e+47
29558.9	3.19901e+47
29854.5	2.55663e+47
30153.1	2.03872e+47
30454.6	1.62207e+47
30759.1	1.28766e+47
31066.7	1.01985e+47
31377.4	8.05877e+46
31691.2	6.35312e+46
32008.1	4.99668e+46
32328.2	3.92051e+46
32651.4	3.06873e+46
32978	2.39618e+46
33307.7	1.86645e+46
33640.8	1.45023e+46
33977.2	1.12401e+46
34317	8.68971e+45
34660.2	6.7009e+45
35006.8	5.15397e+45
35356.8	3.95385e+45
35710.4	3.02522e+45
36067.5	2.30855e+45
36428.2	1.75695e+45
36792.5	1.33352e+45
37160.4	1.00938e+45
37532	7.61922e+44
37907.3	5.73527e+44
38286.4	4.305e+44
38669.3	3.22223e+44
39055.9	2.40487e+44
39446.5	1.78964e+44
39841	1.32791e+44
40239.4	9.82387e+43
40641.8	7.24602e+43
41048.2	5.32849e+43
41458.7	3.90647e+43
41873.3	2.85513e+43
42292	2.08026e+43
42714.9	1.51093e+43
43142.1	1.09393e+43
43573.5	7.89489e+42
44009.2	5.67931e+42
44449.3	4.07216e+42
44893.8	2.91018e+42
45342.7	2.07284e+42
45796.2	1.47147e+42
46254.1	1.04101e+42
46716.7	7.33957e+41
47183.8	5.15676e+41
47655.7	3.61045e+41
48132.2	2.51889e+41
48613.6	1.75107e+41
49099.7	1.21291e+41
49590.7	8.3709e+40
50086.6	5.75593e+40
50587.5	3.94314e+40
51093.3	2.69115e+40
51604.3	1.82972e+40
52120.3	1.23928e+40
52641.5	8.36125e+39
53167.9	5.61921e+39
53699.6	3.76153e+39
54236.6	2.50797e+39
54779	1.66545e+39
55326.8	1.10147e+39
55880	7.25489e+38
56438.8	4.75868e+38
57003.2	3.10829e+38
57573.2	2.02171e+38
58149	1.30936e+38
58730.5	8.44356e+37
59317.8	5.42123e+37
59911	3.46543e+37
60510.1	2.20539e+37
61115.2	1.39721e+37
61726.3	8.81184e+36
62343.6	5.532e+36
62967	3.45691e+36
63596.7	2.15012e+36
64232.6	1.33103e+36
64875	8.20053e+35
65523.7	5.0281e+35
66179	3.06799e+35
66840.8	1.86282e+35
67509.2	1.12546e+35
68184.3	6.76576e+34
68866.1	4.04673e+34
69554.8	2.40808e+34
70250.3	1.42559e+34
70952.8	8.39566e+33
71662.3	4.91844e+33
72379	2.86609e+33
73102.7	1.66119e+33
73833.8	9.57618e+32
74572.1	5.49016e+32
75317.8	3.13021e+32
76071	1.77474e+32
76831.7	1.00056e+32
77600	5.60889e+31
78376	3.12614e+31
79159.8	1.73226e+31
79951.4	9.54259e+30
80750.9	5.22568e+30
81558.4	2.84457e+30
82374	1.53908e+30
83197.7	8.27658e+29
84029.7	4.42343e+29
84870	2.34941e+29
85718.7	1.24001e+29
86575.9	6.50318e+28
87441.7	3.38873e+28
88316.1	1.75441e+28
89199.2	9.02355e+27
90091.2	4.61052e+27
90992.1	2.34001e+27
91902.1	1.17965e+27
92821.1	5.90648e+26
93749.3	2.93705e+26
94686.8	1.45035e+26
95633.7	7.11185e+25
96590	3.46267e+25
97555.9	1.67389e+25
98531.5	8.03336e+24
99516.8	3.8273e+24
