5.29056e+12	4.39167e+45
7.05408e+12	7.80766e+45
8.8176e+12	1.22002e+46
1.05811e+13	1.75591e+46
1.23446e+13	2.39019e+46
1.41082e+13	3.12005e+46
1.58717e+13	3.94233e+46
1.76352e+13	4.86486e+46
1.93987e+13	5.88725e+46
2.11622e+13	7.00255e+46
2.29258e+13	8.21955e+46
2.46893e+13	9.52785e+46
2.64528e+13	1.09141e+47
2.82163e+13	1.24118e+47
2.99798e+13	1.40051e+47
3.17434e+13	1.56955e+47
3.35069e+13	1.74512e+47
3.52704e+13	1.9326e+47
3.70339e+13	2.13001e+47
3.87974e+13	2.33288e+47
4.0561e+13	2.54847e+47
4.23245e+13	2.76762e+47
4.4088e+13	3.00189e+47
4.58515e+13	3.24563e+47
4.7615e+13	3.49068e+47
4.93785e+13	3.7531e+47
5.11421e+13	4.01476e+47
5.29056e+13	4.29202e+47
5.46691e+13	4.57395e+47
5.64326e+13	4.86942e+47
5.81961e+13	5.16486e+47
5.99597e+13	5.48106e+47
6.17232e+13	5.79299e+47
6.34867e+13	6.1235e+47
6.52502e+13	6.45089e+47
6.70137e+13	6.78674e+47
6.87773e+13	7.1426e+47
7.05408e+13	7.49341e+47
7.23043e+13	7.86648e+47
7.40678e+13	8.2278e+47
7.58313e+13	8.60225e+47
7.75949e+13	9.00004e+47
7.93584e+13	9.38877e+47
8.11219e+13	9.77898e+47
8.28854e+13	1.01841e+48
8.46489e+13	1.06063e+48
8.64125e+13	1.10253e+48
8.8176e+13	1.14429e+48
8.99395e+13	1.18742e+48
9.1703e+13	1.23048e+48
9.34665e+13	1.27642e+48
9.52301e+13	1.3219e+48
9.69936e+13	1.36693e+48
9.87571e+13	1.41241e+48
1.00521e+14	1.45864e+48
1.02284e+14	1.50674e+48
1.04048e+14	1.55417e+48
1.05811e+14	1.60505e+48
1.07575e+14	1.65374e+48
1.09338e+14	1.70317e+48
1.11102e+14	1.75298e+48
1.12865e+14	1.80335e+48
1.14629e+14	1.85425e+48
1.16392e+14	1.9057e+48
1.18156e+14	1.95623e+48
1.19919e+14	2.0089e+48
1.21683e+14	2.06189e+48
1.23446e+14	2.1154e+48
1.2521e+14	2.16799e+48
1.26973e+14	2.21854e+48
1.28737e+14	2.27337e+48
1.305e+14	2.32718e+48
1.32264e+14	2.383e+48
1.34027e+14	2.43951e+48
1.35791e+14	2.49429e+48
1.37555e+14	2.55146e+48
1.39318e+14	2.60731e+48
1.41082e+14	2.66053e+48
1.42845e+14	2.71705e+48
1.44609e+14	2.77355e+48
1.46372e+14	2.83264e+48
1.48136e+14	2.89021e+48
1.49899e+14	2.94478e+48
1.51663e+14	3.00287e+48
1.53426e+14	3.06094e+48
1.5519e+14	3.11964e+48
1.56953e+14	3.17509e+48
1.58717e+14	3.23429e+48
1.6048e+14	3.29375e+48
1.62244e+14	3.3471e+48
1.64007e+14	3.40931e+48
1.65771e+14	3.46951e+48
1.67534e+14	3.52353e+48
1.69298e+14	3.58366e+48
1.71061e+14	3.64437e+48
1.72825e+14	3.69859e+48
1.74588e+14	3.75963e+48
1.76352e+14	3.82401e+48
1.78115e+14	3.8776e+48
1.79879e+14	3.93914e+48
1.81643e+14	3.99356e+48
1.83406e+14	4.0549e+48
1.8517e+14	4.10926e+48
1.86933e+14	4.17119e+48
1.88697e+14	4.2333e+48
1.9046e+14	4.2872e+48
1.92224e+14	4.3494e+48
1.93987e+14	4.40413e+48
1.95751e+14	4.46641e+48
1.97514e+14	4.52005e+48
1.99278e+14	4.58242e+48
2.01041e+14	4.63637e+48
2.02805e+14	4.6856e+48
2.04568e+14	4.74788e+48
2.06332e+14	4.80137e+48
2.08095e+14	4.86363e+48
2.09859e+14	4.91635e+48
2.11622e+14	4.97915e+48
2.13386e+14	5.03203e+48
2.15149e+14	5.09419e+48
2.16913e+14	5.14634e+48
2.18676e+14	5.19875e+48
2.2044e+14	5.26062e+48
2.22203e+14	5.30781e+48
2.23967e+14	5.35954e+48
2.25731e+14	5.42104e+48
2.27494e+14	5.47241e+48
2.29258e+14	5.53303e+48
2.31021e+14	5.58388e+48
2.32785e+14	5.63452e+48
2.34548e+14	5.69532e+48
2.36312e+14	5.74001e+48
2.38075e+14	5.78971e+48
2.39839e+14	5.84998e+48
2.41602e+14	5.89912e+48
2.43366e+14	5.94796e+48
2.45129e+14	5.99584e+48
2.46893e+14	6.05522e+48
2.48656e+14	6.1031e+48
2.5042e+14	6.14525e+48
2.52183e+14	6.20339e+48
2.53947e+14	6.25085e+48
2.5571e+14	6.29724e+48
2.57474e+14	6.34335e+48
2.59237e+14	6.40096e+48
2.61001e+14	6.44566e+48
2.62764e+14	6.49048e+48
2.64528e+14	6.53504e+48
2.66291e+14	6.59161e+48
2.68055e+14	6.62925e+48
2.69819e+14	6.67177e+48
2.71582e+14	6.71452e+48
2.73346e+14	6.75759e+48
2.75109e+14	6.81251e+48
2.76873e+14	6.85399e+48
2.78636e+14	6.89495e+48
2.804e+14	6.93484e+48
2.82163e+14	6.9749e+48
2.83927e+14	7.01448e+48
2.8569e+14	7.06788e+48
2.87454e+14	7.10657e+48
2.89217e+14	7.14482e+48
2.90981e+14	7.18252e+48
2.92744e+14	7.21965e+48
2.94508e+14	7.2564e+48
2.96271e+14	7.30739e+48
2.98035e+14	7.34395e+48
2.99798e+14	7.37911e+48
3.01562e+14	7.41468e+48
3.03325e+14	7.44866e+48
3.05089e+14	7.48308e+48
3.06852e+14	7.51614e+48
3.08616e+14	7.56508e+48
3.10379e+14	7.59797e+48
3.12143e+14	7.63026e+48
3.13906e+14	7.66202e+48
3.1567e+14	7.69418e+48
3.17434e+14	7.72405e+48
3.19197e+14	7.75507e+48
3.20961e+14	7.78455e+48
3.22724e+14	7.81446e+48
3.24488e+14	7.84376e+48
3.26251e+14	7.88728e+48
3.28015e+14	7.91628e+48
3.29778e+14	7.94399e+48
3.31542e+14	7.97105e+48
3.33305e+14	7.99778e+48
3.35069e+14	8.02371e+48
3.36832e+14	8.05007e+48
3.38596e+14	8.07586e+48
3.40359e+14	8.09994e+48
3.42123e+14	8.12376e+48
3.43886e+14	8.14765e+48
3.4565e+14	8.17115e+48
3.47413e+14	8.19416e+48
3.49177e+14	8.23271e+48
3.5094e+14	8.25449e+48
3.52704e+14	8.27667e+48
3.54467e+14	8.29731e+48
3.56231e+14	8.31715e+48
3.57994e+14	8.3376e+48
3.59758e+14	8.35729e+48
3.61522e+14	8.3756e+48
3.63285e+14	8.39536e+48
3.65049e+14	8.41331e+48
3.66812e+14	8.43087e+48
3.68576e+14	8.44758e+48
3.70339e+14	8.46397e+48
3.72103e+14	8.47972e+48
3.73866e+14	8.49589e+48
3.7563e+14	8.51035e+48
3.77393e+14	8.52522e+48
3.79157e+14	8.53959e+48
3.8092e+14	8.55354e+48
3.82684e+14	8.56654e+48
3.84447e+14	8.58023e+48
3.86211e+14	8.60887e+48
3.87974e+14	8.62043e+48
3.89738e+14	8.63128e+48
3.91501e+14	8.64257e+48
3.93265e+14	8.65466e+48
3.95028e+14	8.66377e+48
3.96792e+14	8.67327e+48
3.98555e+14	8.68152e+48
4.00319e+14	8.69106e+48
4.02082e+14	8.69774e+48
4.03846e+14	8.70614e+48
4.0561e+14	8.713e+48
4.07373e+14	8.72046e+48
4.09137e+14	8.72703e+48
4.109e+14	8.73212e+48
4.12664e+14	8.73887e+48
4.14427e+14	8.74166e+48
4.16191e+14	8.74722e+48
4.17954e+14	8.75119e+48
4.19718e+14	8.75556e+48
4.21481e+14	8.75737e+48
4.23245e+14	8.76058e+48
4.25008e+14	8.76218e+48
4.26772e+14	8.76473e+48
4.28535e+14	8.76508e+48
4.30299e+14	8.76647e+48
4.32062e+14	8.76817e+48
4.33826e+14	8.7673e+48
4.35589e+14	8.76785e+48
4.37353e+14	8.76673e+48
4.39116e+14	8.76423e+48
4.4088e+14	8.76316e+48
4.42643e+14	8.7618e+48
4.44407e+14	8.7775e+48
4.4617e+14	8.77504e+48
4.47934e+14	8.77112e+48
4.49698e+14	8.7672e+48
4.51461e+14	8.76316e+48
4.53225e+14	8.76006e+48
4.54988e+14	8.75491e+48
4.56752e+14	8.74917e+48
4.58515e+14	8.74447e+48
4.60279e+14	8.73764e+48
4.62042e+14	8.73073e+48
4.63806e+14	8.7238e+48
4.65569e+14	8.716e+48
4.67333e+14	8.70856e+48
4.69096e+14	8.70156e+48
4.7086e+14	8.69367e+48
4.72623e+14	8.68461e+48
4.74387e+14	8.67506e+48
4.7615e+14	8.66655e+48
4.77914e+14	8.65504e+48
4.79677e+14	8.6455e+48
4.81441e+14	8.63535e+48
4.83204e+14	8.64408e+48
4.84968e+14	8.63194e+48
4.86731e+14	8.62142e+48
4.88495e+14	8.60832e+48
4.90258e+14	8.59739e+48
4.92022e+14	8.5833e+48
4.93785e+14	8.5704e+48
4.95549e+14	8.55728e+48
4.97313e+14	8.54333e+48
4.99076e+14	8.52992e+48
5.0084e+14	8.51514e+48
5.02603e+14	8.50161e+48
5.04367e+14	8.48588e+48
5.0613e+14	8.46956e+48
5.07894e+14	8.45541e+48
5.09657e+14	8.45747e+48
5.11421e+14	8.44239e+48
5.13184e+14	8.42505e+48
5.14948e+14	8.4082e+48
5.16711e+14	8.3917e+48
5.18475e+14	8.37383e+48
5.20238e+14	8.35656e+48
5.22002e+14	8.33778e+48
5.23765e+14	8.31949e+48
5.25529e+14	8.30252e+48
5.27292e+14	8.2825e+48
5.29056e+14	8.28296e+48
5.30819e+14	8.26289e+48
5.32583e+14	8.24323e+48
5.34346e+14	8.22323e+48
5.3611e+14	8.20273e+48
5.37873e+14	8.18278e+48
5.39637e+14	8.16144e+48
5.41401e+14	8.1406e+48
5.43164e+14	8.11944e+48
5.44928e+14	8.1178e+48
5.46691e+14	8.09479e+48
5.48455e+14	8.07322e+48
5.50218e+14	8.05036e+48
5.51982e+14	8.02794e+48
5.53745e+14	8.00522e+48
5.55509e+14	7.98214e+48
5.57272e+14	7.97851e+48
5.59036e+14	7.95453e+48
5.60799e+14	7.93025e+48
5.62563e+14	7.90551e+48
5.64326e+14	7.88318e+48
5.6609e+14	7.85783e+48
5.67853e+14	7.83389e+48
5.69617e+14	7.82647e+48
5.7138e+14	7.80181e+48
5.73144e+14	7.77682e+48
5.74907e+14	7.7523e+48
5.76671e+14	7.72465e+48
5.78434e+14	7.70055e+48
5.80198e+14	7.69269e+48
5.81961e+14	7.66586e+48
5.83725e+14	7.63968e+48
5.85489e+14	7.61404e+48
5.87252e+14	7.58629e+48
5.89016e+14	7.57851e+48
5.90779e+14	7.55007e+48
5.92543e+14	7.52311e+48
5.94306e+14	7.49498e+48
5.9607e+14	7.46751e+48
5.97833e+14	7.45804e+48
5.99597e+14	7.43068e+48
6.0136e+14	7.40218e+48
6.03124e+14	7.37344e+48
6.04887e+14	7.34432e+48
6.06651e+14	7.33503e+48
6.08414e+14	7.30534e+48
6.10178e+14	7.27724e+48
6.11941e+14	7.24693e+48
6.13705e+14	7.23546e+48
6.15468e+14	7.20655e+48
6.17232e+14	7.1773e+48
6.18995e+14	7.14774e+48
6.20759e+14	7.118e+48
6.22522e+14	7.10579e+48
6.24286e+14	7.07462e+48
6.26049e+14	7.04489e+48
6.27813e+14	7.01504e+48
6.29577e+14	7.00258e+48
6.3134e+14	6.97218e+48
6.33104e+14	6.94674e+48
6.34867e+14	6.91864e+48
6.36631e+14	6.89366e+48
6.38394e+14	6.86651e+48
6.40158e+14	6.84105e+48
6.41921e+14	6.81352e+48
6.43685e+14	6.78674e+48
6.45448e+14	6.76059e+48
6.47212e+14	6.73601e+48
6.48975e+14	6.70931e+48
6.50739e+14	6.68232e+48
6.52502e+14	6.65629e+48
6.54266e+14	6.62887e+48
6.56029e+14	6.60309e+48
6.57793e+14	6.5752e+48
6.59556e+14	6.54826e+48
6.6132e+14	6.52186e+48
6.63083e+14	6.49694e+48
6.64847e+14	6.46934e+48
6.6661e+14	6.44146e+48
6.68374e+14	6.4142e+48
6.70137e+14	6.38837e+48
6.71901e+14	6.35986e+48
6.73664e+14	6.33559e+48
6.75428e+14	6.3075e+48
6.77192e+14	6.27917e+48
6.78955e+14	6.25344e+48
6.80719e+14	6.22474e+48
6.82482e+14	6.19865e+48
6.84246e+14	6.17241e+48
6.86009e+14	6.14501e+48
6.87773e+14	6.1192e+48
6.89536e+14	6.09235e+48
6.913e+14	6.06438e+48
6.93063e+14	6.03714e+48
6.94827e+14	6.00977e+48
6.9659e+14	5.98295e+48
6.98354e+14	5.95428e+48
7.00117e+14	5.92831e+48
7.01881e+14	5.90024e+48
7.03644e+14	5.87391e+48
7.05408e+14	5.84627e+48
7.07171e+14	5.82025e+48
7.08935e+14	5.7935e+48
7.10698e+14	5.76461e+48
7.12462e+14	5.73812e+48
7.14225e+14	5.71084e+48
7.15989e+14	5.68569e+48
7.17752e+14	5.6574e+48
7.19516e+14	5.63036e+48
7.2128e+14	5.60445e+48
7.23043e+14	5.57859e+48
7.24807e+14	5.55041e+48
7.2657e+14	5.52406e+48
7.28334e+14	5.4978e+48
7.30097e+14	5.47114e+48
7.31861e+14	5.44387e+48
7.33624e+14	5.41761e+48
7.35388e+14	5.3921e+48
7.37151e+14	5.36291e+48
7.38915e+14	5.33708e+48
7.40678e+14	5.31027e+48
7.42442e+14	5.28415e+48
7.44205e+14	5.25798e+48
7.45969e+14	5.23014e+48
7.47732e+14	5.20627e+48
7.49496e+14	5.17901e+48
7.51259e+14	5.15291e+48
7.53023e+14	5.12741e+48
7.54786e+14	5.10105e+48
7.5655e+14	5.0745e+48
7.58313e+14	5.04788e+48
7.60077e+14	5.02199e+48
7.6184e+14	4.99713e+48
7.63604e+14	4.96898e+48
7.65368e+14	4.94525e+48
7.67131e+14	4.91951e+48
7.68895e+14	4.8936e+48
7.70658e+14	4.86756e+48
7.72422e+14	4.84205e+48
7.74185e+14	4.8153e+48
7.75949e+14	4.79093e+48
7.77712e+14	4.76588e+48
7.79476e+14	4.73937e+48
7.81239e+14	4.71471e+48
7.83003e+14	4.68944e+48
7.84766e+14	4.66454e+48
7.8653e+14	4.63904e+48
7.88293e+14	4.61466e+48
7.90057e+14	4.58838e+48
7.9182e+14	4.56449e+48
7.93584e+14	4.53925e+48
7.95347e+14	4.51519e+48
7.97111e+14	4.48975e+48
7.98874e+14	4.46556e+48
8.00638e+14	4.44128e+48
8.02401e+14	4.41686e+48
8.04165e+14	4.39113e+48
8.05928e+14	4.36656e+48
8.07692e+14	4.34388e+48
8.09456e+14	4.31872e+48
8.11219e+14	4.29442e+48
8.12983e+14	4.27104e+48
8.14746e+14	4.24804e+48
8.1651e+14	4.22301e+48
8.18273e+14	4.1999e+48
8.20037e+14	4.17473e+48
8.218e+14	4.15149e+48
8.23564e+14	4.12766e+48
8.25327e+14	4.10473e+48
8.27091e+14	4.08075e+48
8.28854e+14	4.05729e+48
8.30618e+14	4.0349e+48
8.32381e+14	4.01074e+48
8.34145e+14	3.98696e+48
8.35908e+14	3.96589e+48
8.37672e+14	3.9425e+48
8.39435e+14	3.91816e+48
8.41199e+14	3.89733e+48
8.42962e+14	3.8733e+48
8.44726e+14	3.85189e+48
8.46489e+14	3.8277e+48
8.48253e+14	3.80667e+48
8.50016e+14	3.78439e+48
8.5178e+14	3.76079e+48
8.53543e+14	3.73907e+48
8.55307e+14	3.71707e+48
8.57071e+14	3.69527e+48
8.58834e+14	3.67387e+48
8.60598e+14	3.6508e+48
8.62361e+14	3.62933e+48
8.64125e+14	3.60774e+48
8.65888e+14	3.58567e+48
8.67652e+14	3.56406e+48
8.69415e+14	3.54427e+48
8.71179e+14	3.52205e+48
8.72942e+14	3.50178e+48
8.74706e+14	3.47994e+48
8.76469e+14	3.45959e+48
8.78233e+14	3.43804e+48
8.79996e+14	3.41756e+48
8.8176e+14	3.39516e+48
8.83523e+14	3.37502e+48
8.85287e+14	3.35486e+48
8.8705e+14	3.33424e+48
8.88814e+14	3.31354e+48
8.90577e+14	3.29241e+48
8.92341e+14	3.27167e+48
8.94104e+14	3.25134e+48
8.95868e+14	3.23388e+48
8.97631e+14	3.21305e+48
8.99395e+14	3.19221e+48
9.01159e+14	3.17275e+48
9.02922e+14	3.15179e+48
9.04686e+14	3.13378e+48
9.06449e+14	3.11321e+48
9.08213e+14	3.09549e+48
9.09976e+14	3.07443e+48
9.1174e+14	3.05631e+48
9.13503e+14	3.03621e+48
9.15267e+14	3.01736e+48
9.1703e+14	2.99911e+48
9.18794e+14	2.97932e+48
9.20557e+14	2.96005e+48
9.22321e+14	2.94172e+48
9.24084e+14	2.9237e+48
9.25848e+14	2.90529e+48
9.27611e+14	2.88689e+48
9.29375e+14	2.86751e+48
9.31138e+14	2.84937e+48
9.32902e+14	2.83091e+48
9.34665e+14	2.81241e+48
9.36429e+14	2.79575e+48
9.38192e+14	2.77755e+48
9.39956e+14	2.75929e+48
9.41719e+14	2.7407e+48
9.43483e+14	2.72398e+48
9.45247e+14	2.70624e+48
9.4701e+14	2.68946e+48
9.48774e+14	2.67078e+48
9.50537e+14	2.65427e+48
9.52301e+14	2.63747e+48
9.54064e+14	2.61877e+48
9.55828e+14	2.60276e+48
9.57591e+14	2.58588e+48
9.59355e+14	2.56898e+48
9.61118e+14	2.55293e+48
9.62882e+14	2.53596e+48
9.64645e+14	2.52016e+48
9.66409e+14	2.50321e+48
9.68172e+14	2.48624e+48
9.69936e+14	2.47011e+48
9.71699e+14	2.45312e+48
9.73463e+14	2.43692e+48
9.75226e+14	2.42074e+48
9.7699e+14	2.40555e+48
9.78753e+14	2.38933e+48
9.80517e+14	2.37254e+48
9.8228e+14	2.35814e+48
9.84044e+14	2.34189e+48
9.85807e+14	2.32661e+48
9.87571e+14	2.31034e+48
9.89335e+14	2.29589e+48
9.91098e+14	2.27957e+48
9.92862e+14	2.26509e+48
9.94625e+14	2.25054e+48
9.96389e+14	2.23345e+48
9.98152e+14	2.21891e+48
9.99916e+14	2.20439e+48
1.00168e+15	2.18982e+48
1.00344e+15	2.17528e+48
1.00521e+15	2.1607e+48
1.00697e+15	2.14614e+48
1.00873e+15	2.13154e+48
1.0105e+15	2.11696e+48
1.01226e+15	2.1026e+48
1.01402e+15	2.08874e+48
1.01579e+15	2.07412e+48
1.01755e+15	2.06105e+48
1.01931e+15	2.04644e+48
1.02108e+15	2.03181e+48
1.02284e+15	2.01966e+48
1.0246e+15	2.00504e+48
1.02637e+15	1.99039e+48
1.02813e+15	1.97752e+48
1.0299e+15	1.96514e+48
1.03166e+15	1.9505e+48
1.03342e+15	1.93808e+48
1.03519e+15	1.92342e+48
1.03695e+15	1.91053e+48
1.03871e+15	1.89832e+48
1.04048e+15	1.88367e+48
1.04224e+15	1.87145e+48
1.044e+15	1.85921e+48
1.04577e+15	1.84631e+48
1.04753e+15	1.83386e+48
1.04929e+15	1.82096e+48
1.05106e+15	1.80871e+48
1.05282e+15	1.79645e+48
1.05458e+15	1.78355e+48
1.05635e+15	1.77129e+48
1.05811e+15	1.75904e+48
1.05988e+15	1.74591e+48
1.06164e+15	1.73365e+48
1.0634e+15	1.72291e+48
1.06517e+15	1.71063e+48
1.06693e+15	1.69836e+48
1.06869e+15	1.68762e+48
1.07046e+15	1.67533e+48
1.07222e+15	1.66242e+48
1.07398e+15	1.65188e+48
1.07575e+15	1.63959e+48
1.07751e+15	1.62885e+48
1.07927e+15	1.61657e+48
1.08104e+15	1.6058e+48
1.0828e+15	1.59525e+48
1.08456e+15	1.58355e+48
1.08633e+15	1.57282e+48
1.08809e+15	1.56224e+48
1.08986e+15	1.55166e+48
1.09162e+15	1.53938e+48
1.09338e+15	1.52863e+48
1.09515e+15	1.51846e+48
1.09691e+15	1.50788e+48
1.09867e+15	1.4973e+48
1.10044e+15	1.48672e+48
1.1022e+15	1.47656e+48
1.10396e+15	1.46582e+48
1.10573e+15	1.45525e+48
1.10749e+15	1.44525e+48
1.10925e+15	1.43452e+48
1.11102e+15	1.42394e+48
1.11278e+15	1.41545e+48
1.11454e+15	1.40489e+48
1.11631e+15	1.39473e+48
1.11807e+15	1.38418e+48
1.11983e+15	1.37514e+48
1.1216e+15	1.36527e+48
1.12336e+15	1.35561e+48
1.12513e+15	1.34626e+48
1.12689e+15	1.33638e+48
1.12865e+15	1.32705e+48
1.13042e+15	1.31736e+48
1.13218e+15	1.30819e+48
1.13394e+15	1.29901e+48
1.13571e+15	1.28934e+48
1.13747e+15	1.28047e+48
1.13923e+15	1.27133e+48
1.141e+15	1.26233e+48
1.14276e+15	1.25347e+48
1.14452e+15	1.24431e+48
1.14629e+15	1.23535e+48
1.14805e+15	1.22667e+48
1.14981e+15	1.21799e+48
1.15158e+15	1.20933e+48
1.15334e+15	1.20069e+48
1.15511e+15	1.19217e+48
1.15687e+15	1.18353e+48
1.15863e+15	1.17519e+48
1.1604e+15	1.16626e+48
1.16216e+15	1.15795e+48
1.16392e+15	1.15007e+48
1.16569e+15	1.14177e+48
1.16745e+15	1.13347e+48
1.16921e+15	1.12546e+48
1.17098e+15	1.11745e+48
1.17274e+15	1.10921e+48
1.1745e+15	1.1012e+48
1.17627e+15	1.09321e+48
1.17803e+15	1.08514e+48
1.17979e+15	1.07774e+48
1.18156e+15	1.06995e+48
1.18332e+15	1.06202e+48
1.18509e+15	1.05435e+48
1.18685e+15	1.04701e+48
1.18861e+15	1.03951e+48
1.19038e+15	1.03175e+48
1.19214e+15	1.02456e+48
1.1939e+15	1.01708e+48
1.19567e+15	1.00955e+48
1.19743e+15	1.00263e+48
1.19919e+15	9.95155e+47
1.20096e+15	9.88202e+47
1.20272e+15	9.80881e+47
1.20448e+15	9.74036e+47
1.20625e+15	9.6679e+47
1.20801e+15	9.6004e+47
1.20977e+15	9.52708e+47
1.21154e+15	9.46117e+47
1.2133e+15	9.3905e+47
1.21507e+15	9.32368e+47
1.21683e+15	9.25409e+47
1.21859e+15	9.18887e+47
1.22036e+15	9.12375e+47
1.22212e+15	9.05484e+47
1.22388e+15	8.99073e+47
1.22565e+15	8.92627e+47
1.22741e+15	8.86004e+47
1.22917e+15	8.79568e+47
1.23094e+15	8.73328e+47
1.2327e+15	8.6671e+47
1.23446e+15	8.6044e+47
1.23623e+15	8.54354e+47
1.23799e+15	8.48094e+47
1.23975e+15	8.42004e+47
1.24152e+15	8.35999e+47
1.24328e+15	8.29631e+47
1.24504e+15	8.23625e+47
1.24681e+15	8.17635e+47
1.24857e+15	8.1178e+47
1.25034e+15	8.05869e+47
1.2521e+15	8.00022e+47
1.25386e+15	7.94198e+47
1.25563e+15	7.88508e+47
1.25739e+15	7.82682e+47
1.25915e+15	7.77008e+47
1.26092e+15	7.71334e+47
1.26268e+15	7.65746e+47
1.26444e+15	7.60016e+47
1.26621e+15	7.54582e+47
1.26797e+15	7.49003e+47
1.26973e+15	7.43574e+47
1.2715e+15	7.38007e+47
1.27326e+15	7.32903e+47
1.27502e+15	7.27491e+47
1.27679e+15	7.22229e+47
1.27855e+15	7.16895e+47
1.28032e+15	7.11581e+47
1.28208e+15	7.06258e+47
1.28384e+15	7.01393e+47
1.28561e+15	6.96228e+47
1.28737e+15	6.91064e+47
1.28913e+15	6.8591e+47
1.2909e+15	6.81054e+47
1.29266e+15	6.76053e+47
1.29442e+15	6.70915e+47
1.29619e+15	6.66212e+47
1.29795e+15	6.61226e+47
1.29971e+15	6.56671e+47
1.30148e+15	6.51632e+47
1.30324e+15	6.46867e+47
1.305e+15	6.4226e+47
1.30677e+15	6.37504e+47
1.30853e+15	6.32902e+47
1.3103e+15	6.28151e+47
1.31206e+15	6.23705e+47
1.31382e+15	6.18964e+47
1.31559e+15	6.14527e+47
1.31735e+15	6.0994e+47
1.31911e+15	6.05645e+47
1.32088e+15	6.0101e+47
1.32264e+15	5.96778e+47
1.3244e+15	5.9215e+47
1.32617e+15	5.87933e+47
1.32793e+15	5.8372e+47
1.32969e+15	5.79384e+47
1.33146e+15	5.75179e+47
1.33322e+15	5.71106e+47
1.33498e+15	5.66785e+47
1.33675e+15	5.62539e+47
1.33851e+15	5.58672e+47
1.34027e+15	5.54318e+47
1.34204e+15	5.50326e+47
1.3438e+15	5.46358e+47
1.34557e+15	5.42508e+47
1.34733e+15	5.38179e+47
1.34909e+15	5.34417e+47
1.35086e+15	5.3052e+47
1.35262e+15	5.26585e+47
1.35438e+15	5.22883e+47
1.35615e+15	5.18957e+47
1.35791e+15	5.14974e+47
1.35967e+15	5.11236e+47
1.36144e+15	5.07504e+47
1.3632e+15	5.03903e+47
1.36496e+15	5.00176e+47
1.36673e+15	4.96544e+47
1.36849e+15	4.92829e+47
1.37025e+15	4.8924e+47
1.37202e+15	4.85666e+47
1.37378e+15	4.82095e+47
1.37555e+15	4.78605e+47
1.37731e+15	4.75087e+47
1.37907e+15	4.71617e+47
1.38084e+15	4.68184e+47
1.3826e+15	4.64633e+47
1.38436e+15	4.61307e+47
1.38613e+15	4.57928e+47
1.38789e+15	4.5448e+47
1.38965e+15	4.51077e+47
1.39142e+15	4.478e+47
1.39318e+15	4.44704e+47
1.39494e+15	4.41476e+47
1.39671e+15	4.38175e+47
1.39847e+15	4.34922e+47
1.40023e+15	4.31667e+47
1.402e+15	4.28384e+47
1.40376e+15	4.2547e+47
1.40553e+15	4.22356e+47
1.40729e+15	4.19123e+47
1.40905e+15	4.15977e+47
1.41082e+15	4.13077e+47
1.41258e+15	4.09984e+47
1.41434e+15	4.06977e+47
1.41611e+15	4.04086e+47
1.41787e+15	4.01126e+47
1.41963e+15	3.98047e+47
1.4214e+15	3.95285e+47
1.42316e+15	3.92307e+47
1.42492e+15	3.89366e+47
1.42669e+15	3.86613e+47
1.42845e+15	3.83773e+47
1.43021e+15	3.80842e+47
1.43198e+15	3.78225e+47
1.43374e+15	3.75268e+47
1.4355e+15	3.72692e+47
1.43727e+15	3.69865e+47
1.43903e+15	3.6723e+47
1.4408e+15	3.64478e+47
1.44256e+15	3.61849e+47
1.44432e+15	3.59167e+47
1.44609e+15	3.56602e+47
1.44785e+15	3.53931e+47
1.44961e+15	3.51307e+47
1.45138e+15	3.48705e+47
1.45314e+15	3.46213e+47
1.4549e+15	3.43588e+47
1.45667e+15	3.411e+47
1.45843e+15	3.38772e+47
1.46019e+15	3.36154e+47
1.46196e+15	3.33675e+47
1.46372e+15	3.31355e+47
1.46548e+15	3.2887e+47
1.46725e+15	3.26407e+47
1.46901e+15	3.24088e+47
1.47078e+15	3.21619e+47
1.47254e+15	3.19282e+47
1.4743e+15	3.17098e+47
1.47607e+15	3.14634e+47
1.47783e+15	3.1231e+47
1.47959e+15	3.10103e+47
1.48136e+15	3.07954e+47
1.48312e+15	3.05482e+47
1.48488e+15	3.03285e+47
1.48665e+15	3.01145e+47
1.48841e+15	2.98952e+47
1.49017e+15	2.96767e+47
1.49194e+15	2.94483e+47
1.4937e+15	2.92422e+47
1.49546e+15	2.90241e+47
1.49723e+15	2.88181e+47
1.49899e+15	2.8606e+47
1.50076e+15	2.84007e+47
1.50252e+15	2.81958e+47
1.50428e+15	2.79814e+47
1.50605e+15	2.77769e+47
1.50781e+15	2.75732e+47
1.50957e+15	2.73714e+47
1.51134e+15	2.71705e+47
1.5131e+15	2.69673e+47
1.51486e+15	2.6778e+47
1.51663e+15	2.65757e+47
1.51839e+15	2.63868e+47
1.52015e+15	2.61965e+47
1.52192e+15	2.60083e+47
1.52368e+15	2.5809e+47
1.52544e+15	2.56194e+47
1.52721e+15	2.54433e+47
1.52897e+15	2.52541e+47
1.53074e+15	2.50676e+47
1.5325e+15	2.48788e+47
1.53426e+15	2.47169e+47
1.53603e+15	2.45288e+47
1.53779e+15	2.43542e+47
1.53955e+15	2.4169e+47
1.54132e+15	2.39928e+47
1.54308e+15	2.38171e+47
1.54484e+15	2.36439e+47
1.54661e+15	2.34707e+47
1.54837e+15	2.33078e+47
1.55013e+15	2.31335e+47
1.5519e+15	2.29629e+47
1.55366e+15	2.27998e+47
1.55542e+15	2.26264e+47
1.55719e+15	2.24646e+47
1.55895e+15	2.23059e+47
1.56071e+15	2.21442e+47
1.56248e+15	2.19716e+47
1.56424e+15	2.18218e+47
1.56601e+15	2.16642e+47
1.56777e+15	2.15032e+47
1.56953e+15	2.13426e+47
1.5713e+15	2.11938e+47
1.57306e+15	2.1037e+47
1.57482e+15	2.0877e+47
1.57659e+15	2.07396e+47
1.57835e+15	2.05819e+47
1.58011e+15	2.04336e+47
1.58188e+15	2.02874e+47
1.58364e+15	2.01396e+47
1.5854e+15	1.99937e+47
1.58717e+15	1.98464e+47
1.58893e+15	1.97011e+47
1.59069e+15	1.95648e+47
1.59246e+15	1.94197e+47
1.59422e+15	1.92841e+47
1.59599e+15	1.91396e+47
1.59775e+15	1.90041e+47
1.59951e+15	1.88601e+47
1.60128e+15	1.87148e+47
1.60304e+15	1.85904e+47
1.6048e+15	1.84471e+47
1.60657e+15	1.83233e+47
1.60833e+15	1.81804e+47
1.61009e+15	1.80566e+47
1.61186e+15	1.79235e+47
1.61362e+15	1.77912e+47
1.61538e+15	1.76694e+47
1.61715e+15	1.75369e+47
1.61891e+15	1.7414e+47
1.62067e+15	1.72832e+47
1.62244e+15	1.71621e+47
1.6242e+15	1.70306e+47
1.62597e+15	1.69086e+47
1.62773e+15	1.67967e+47
1.62949e+15	1.66673e+47
1.63126e+15	1.6547e+47
1.63302e+15	1.64267e+47
1.63478e+15	1.63056e+47
1.63655e+15	1.61948e+47
1.63831e+15	1.60776e+47
1.64007e+15	1.5957e+47
1.64184e+15	1.58467e+47
1.6436e+15	1.57279e+47
1.64536e+15	1.56178e+47
1.64713e+15	1.55103e+47
1.64889e+15	1.54008e+47
1.65065e+15	1.52827e+47
1.65242e+15	1.51734e+47
1.65418e+15	1.50653e+47
1.65594e+15	1.49492e+47
1.65771e+15	1.48404e+47
1.65947e+15	1.47417e+47
1.66124e+15	1.46333e+47
1.663e+15	1.4518e+47
1.66476e+15	1.44197e+47
1.66653e+15	1.43129e+47
1.66829e+15	1.42149e+47
1.67005e+15	1.41173e+47
1.67182e+15	1.4003e+47
1.67358e+15	1.39055e+47
1.67534e+15	1.38091e+47
1.67711e+15	1.37122e+47
1.67887e+15	1.36152e+47
1.68063e+15	1.35193e+47
1.6824e+15	1.34226e+47
1.68416e+15	1.33186e+47
1.68592e+15	1.32231e+47
1.68769e+15	1.3127e+47
1.68945e+15	1.30319e+47
1.69122e+15	1.29363e+47
1.69298e+15	1.28501e+47
1.69474e+15	1.27554e+47
1.69651e+15	1.266e+47
1.69827e+15	1.25753e+47
1.70003e+15	1.24803e+47
1.7018e+15	1.23949e+47
1.70356e+15	1.23095e+47
1.70532e+15	1.2216e+47
1.70709e+15	1.21309e+47
1.70885e+15	1.20469e+47
1.71061e+15	1.19529e+47
1.71238e+15	1.18685e+47
1.71414e+15	1.17841e+47
1.7159e+15	1.17005e+47
1.71767e+15	1.16172e+47
1.71943e+15	1.15333e+47
1.7212e+15	1.14496e+47
1.72296e+15	1.13659e+47
1.72472e+15	1.12824e+47
1.72649e+15	1.12089e+47
1.72825e+15	1.11267e+47
1.73001e+15	1.10436e+47
1.73178e+15	1.09607e+47
1.73354e+15	1.08871e+47
1.7353e+15	1.08046e+47
1.73707e+15	1.07327e+47
1.73883e+15	1.06504e+47
1.74059e+15	1.05836e+47
1.74236e+15	1.05016e+47
1.74412e+15	1.04289e+47
1.74588e+15	1.03561e+47
1.74765e+15	1.02753e+47
1.74941e+15	1.02036e+47
1.75117e+15	1.01314e+47
1.75294e+15	1.00653e+47
1.7547e+15	9.99326e+46
1.75647e+15	9.91243e+46
1.75823e+15	9.84149e+46
1.75999e+15	9.77054e+46
1.76176e+15	9.69908e+46
1.76352e+15	9.6336e+46
1.76528e+15	9.5712e+46
1.76705e+15	9.50012e+46
1.76881e+15	9.42983e+46
1.77057e+15	9.36475e+46
1.77234e+15	9.29471e+46
1.7741e+15	9.23299e+46
1.77586e+15	9.16254e+46
1.77763e+15	9.09788e+46
1.77939e+15	9.03639e+46
1.78115e+15	8.96714e+46
1.78292e+15	8.90591e+46
1.78468e+15	8.84219e+46
1.78645e+15	8.78118e+46
1.78821e+15	8.71188e+46
1.78997e+15	8.65648e+46
1.79174e+15	8.5964e+46
1.7935e+15	8.52733e+46
1.79526e+15	8.47232e+46
1.79703e+15	8.41204e+46
1.79879e+15	8.35244e+46
1.80055e+15	8.29757e+46
1.80232e+15	8.22935e+46
1.80408e+15	8.17005e+46
1.80584e+15	8.11547e+46
1.80761e+15	8.05592e+46
1.80937e+15	7.99662e+46
1.81113e+15	7.94283e+46
1.8129e+15	7.88359e+46
1.81466e+15	7.82946e+46
1.81643e+15	7.7793e+46
1.81819e+15	7.72059e+46
1.81995e+15	7.66674e+46
1.82172e+15	7.60816e+46
1.82348e+15	7.55444e+46
1.82524e+15	7.5049e+46
1.82701e+15	7.45141e+46
1.82877e+15	7.39379e+46
1.83053e+15	7.34397e+46
1.8323e+15	7.29082e+46
1.83406e+15	7.24121e+46
1.83582e+15	7.1882e+46
1.83759e+15	7.1388e+46
1.83935e+15	7.08652e+46
1.84111e+15	7.03728e+46
1.84288e+15	6.98509e+46
1.84464e+15	6.93611e+46
1.84641e+15	6.89176e+46
1.84817e+15	6.83501e+46
1.84993e+15	6.79067e+46
1.8517e+15	6.74211e+46
1.85346e+15	6.6984e+46
1.85522e+15	6.64264e+46
1.85699e+15	6.59867e+46
1.85875e+15	6.55473e+46
1.86051e+15	6.50668e+46
1.86228e+15	6.46303e+46
1.86404e+15	6.41442e+46
1.8658e+15	6.37084e+46
1.86757e+15	6.32322e+46
1.86933e+15	6.28141e+46
1.87109e+15	6.234e+46
1.87286e+15	6.19152e+46
1.87462e+15	6.14912e+46
1.87638e+15	6.10365e+46
1.87815e+15	6.06136e+46
1.87991e+15	6.01602e+46
1.88168e+15	5.9747e+46
1.88344e+15	5.93468e+46
1.8852e+15	5.89076e+46
1.88697e+15	5.8504e+46
1.88873e+15	5.81015e+46
1.89049e+15	5.76624e+46
1.89226e+15	5.72691e+46
1.89402e+15	5.68764e+46
1.89578e+15	5.64467e+46
1.89755e+15	5.60631e+46
1.89931e+15	5.56769e+46
1.90107e+15	5.52688e+46
1.90284e+15	5.48875e+46
1.9046e+15	5.45065e+46
1.90636e+15	5.40987e+46
1.90813e+15	5.3727e+46
1.90989e+15	5.3356e+46
1.91166e+15	5.29577e+46
1.91342e+15	5.25918e+46
1.91518e+15	5.22304e+46
1.91695e+15	5.18349e+46
1.91871e+15	5.14854e+46
1.92047e+15	5.11269e+46
1.92224e+15	5.07756e+46
1.924e+15	5.03907e+46
1.92576e+15	5.00482e+46
1.92753e+15	4.96991e+46
1.92929e+15	4.93616e+46
1.93105e+15	4.89878e+46
1.93282e+15	4.86477e+46
1.93458e+15	4.83086e+46
1.93634e+15	4.79809e+46
1.93811e+15	4.76179e+46
1.93987e+15	4.72881e+46
1.94164e+15	4.69586e+46
1.9434e+15	4.66379e+46
1.94516e+15	4.63171e+46
1.94693e+15	4.5961e+46
1.94869e+15	4.56488e+46
1.95045e+15	4.53304e+46
1.95222e+15	4.50123e+46
1.95398e+15	4.47019e+46
1.95574e+15	4.43641e+46
1.95751e+15	4.40557e+46
1.95927e+15	4.3754e+46
1.96103e+15	4.34462e+46
1.9628e+15	4.31461e+46
1.96456e+15	4.2849e+46
1.96632e+15	4.2521e+46
1.96809e+15	4.22294e+46
1.96985e+15	4.19318e+46
1.97161e+15	4.16417e+46
1.97338e+15	4.13528e+46
1.97514e+15	4.10663e+46
1.97691e+15	4.07777e+46
1.97867e+15	4.04968e+46
1.98043e+15	4.01889e+46
1.9822e+15	3.99048e+46
1.98396e+15	3.96259e+46
1.98572e+15	3.9354e+46
1.98749e+15	3.90762e+46
1.98925e+15	3.88063e+46
1.99101e+15	3.85364e+46
1.99278e+15	3.82671e+46
1.99454e+15	3.80005e+46
1.9963e+15	3.77053e+46
1.99807e+15	3.74451e+46
1.99983e+15	3.7187e+46
2.00159e+15	3.69207e+46
2.00336e+15	3.66617e+46
2.00512e+15	3.641e+46
2.00689e+15	3.61521e+46
2.00865e+15	3.59013e+46
2.01041e+15	3.56511e+46
2.01218e+15	3.54014e+46
2.01394e+15	3.51528e+46
2.0157e+15	3.49059e+46
2.01747e+15	3.46579e+46
2.01923e+15	3.44169e+46
2.02099e+15	3.41784e+46
2.02276e+15	3.3939e+46
2.02452e+15	3.36996e+46
2.02628e+15	3.34606e+46
2.02805e+15	3.32287e+46
2.02981e+15	3.2991e+46
2.03157e+15	3.27602e+46
2.03334e+15	3.25305e+46
2.0351e+15	3.23007e+46
2.03687e+15	3.20713e+46
2.03863e+15	3.18508e+46
2.04039e+15	3.16244e+46
2.04216e+15	3.14035e+46
2.04392e+15	3.11827e+46
2.04568e+15	3.09625e+46
2.04745e+15	3.07428e+46
2.04921e+15	3.05233e+46
2.05097e+15	3.03109e+46
2.05274e+15	3.00931e+46
2.0545e+15	2.98817e+46
2.05626e+15	2.96707e+46
2.05803e+15	2.94603e+46
2.05979e+15	2.92504e+46
2.06155e+15	2.90469e+46
2.06332e+15	2.88411e+46
2.06508e+15	2.86392e+46
2.06684e+15	2.84374e+46
2.06861e+15	2.82361e+46
2.07037e+15	2.80353e+46
2.07214e+15	2.78349e+46
2.0739e+15	2.76412e+46
2.07566e+15	2.74418e+46
2.07743e+15	2.72492e+46
2.07919e+15	2.70508e+46
2.08095e+15	2.68791e+46
2.08272e+15	2.66876e+46
2.08448e+15	2.65026e+46
2.08624e+15	2.63134e+46
2.08801e+15	2.61247e+46
2.08977e+15	2.59414e+46
2.09153e+15	2.57582e+46
2.0933e+15	2.55696e+46
2.09506e+15	2.53871e+46
2.09682e+15	2.52112e+46
2.09859e+15	2.50299e+46
2.10035e+15	2.48679e+46
2.10212e+15	2.46932e+46
2.10388e+15	2.45131e+46
2.10564e+15	2.43393e+46
2.10741e+15	2.4166e+46
2.10917e+15	2.39944e+46
2.11093e+15	2.38219e+46
2.1127e+15	2.365e+46
2.11446e+15	2.35034e+46
2.11622e+15	2.33326e+46
2.11799e+15	2.31675e+46
2.11975e+15	2.30029e+46
2.12151e+15	2.28331e+46
2.12328e+15	2.26693e+46
2.12504e+15	2.25117e+46
2.1268e+15	2.23489e+46
2.12857e+15	2.22037e+46
2.13033e+15	2.20472e+46
2.1321e+15	2.18852e+46
2.13386e+15	2.17296e+46
2.13562e+15	2.15755e+46
2.13739e+15	2.14208e+46
2.13915e+15	2.1283e+46
2.14091e+15	2.11289e+46
2.14268e+15	2.09764e+46
2.14444e+15	2.08287e+46
2.1462e+15	2.06759e+46
2.14797e+15	2.0529e+46
2.14973e+15	2.03771e+46
2.15149e+15	2.02471e+46
2.15326e+15	2.01013e+46
2.15502e+15	1.9956e+46
2.15678e+15	1.9811e+46
2.15855e+15	1.96665e+46
2.16031e+15	1.9543e+46
2.16208e+15	1.94001e+46
2.16384e+15	1.92621e+46
2.1656e+15	1.91244e+46
2.16737e+15	1.89819e+46
2.16913e+15	1.8845e+46
2.17089e+15	1.87232e+46
2.17266e+15	1.85879e+46
2.17442e+15	1.84521e+46
2.17618e+15	1.8322e+46
2.17795e+15	1.81869e+46
2.17971e+15	1.80722e+46
2.18147e+15	1.79376e+46
2.18324e+15	1.78088e+46
2.185e+15	1.76805e+46
2.18676e+15	1.75526e+46
2.18853e+15	1.74388e+46
2.19029e+15	1.73115e+46
2.19205e+15	1.71854e+46
2.19382e+15	1.70588e+46
2.19558e+15	1.69376e+46
2.19735e+15	1.68254e+46
2.19911e+15	1.6705e+46
2.20087e+15	1.65796e+46
2.20264e+15	1.64599e+46
2.2044e+15	1.63405e+46
2.20616e+15	1.62345e+46
2.20793e+15	1.61159e+46
2.20969e+15	1.59975e+46
2.21145e+15	1.58792e+46
2.21322e+15	1.57666e+46
2.21498e+15	1.5663e+46
2.21674e+15	1.55457e+46
2.21851e+15	1.5434e+46
2.22027e+15	1.53227e+46
2.22203e+15	1.52064e+46
2.2238e+15	1.51083e+46
2.22556e+15	1.49979e+46
2.22733e+15	1.48876e+46
2.22909e+15	1.47778e+46
2.23085e+15	1.46684e+46
2.23262e+15	1.45762e+46
2.23438e+15	1.44673e+46
2.23614e+15	1.43637e+46
2.23791e+15	1.42561e+46
2.23967e+15	1.4165e+46
2.24143e+15	1.40573e+46
2.2432e+15	1.39548e+46
2.24496e+15	1.38527e+46
2.24672e+15	1.37508e+46
2.24849e+15	1.36607e+46
2.25025e+15	1.35595e+46
2.25201e+15	1.34586e+46
2.25378e+15	1.33578e+46
2.25554e+15	1.32622e+46
2.25731e+15	1.31735e+46
2.25907e+15	1.30784e+46
2.26083e+15	1.29789e+46
2.2626e+15	1.28845e+46
2.26436e+15	1.27903e+46
2.26612e+15	1.27074e+46
2.26789e+15	1.26098e+46
2.26965e+15	1.25165e+46
2.27141e+15	1.24235e+46
2.27318e+15	1.23414e+46
2.27494e+15	1.22535e+46
2.2767e+15	1.21613e+46
2.27847e+15	1.20694e+46
2.28023e+15	1.19824e+46
2.28199e+15	1.19014e+46
2.28376e+15	1.18149e+46
2.28552e+15	1.17243e+46
2.28728e+15	1.16388e+46
2.28905e+15	1.15532e+46
2.29081e+15	1.14779e+46
2.29258e+15	1.13882e+46
2.29434e+15	1.13034e+46
2.2961e+15	1.12234e+46
2.29787e+15	1.11389e+46
2.29963e+15	1.10647e+46
2.30139e+15	1.09809e+46
2.30316e+15	1.08974e+46
2.30492e+15	1.08186e+46
2.30668e+15	1.07357e+46
2.30845e+15	1.06574e+46
2.31021e+15	1.05844e+46
2.31197e+15	1.05066e+46
2.31374e+15	1.04291e+46
2.3155e+15	1.03518e+46
2.31726e+15	1.02706e+46
2.31903e+15	1.01937e+46
2.32079e+15	1.01263e+46
2.32256e+15	1.00501e+46
2.32432e+15	9.97472e+45
2.32608e+15	9.90316e+45
2.32785e+15	9.82768e+45
2.32961e+15	9.75253e+45
2.33137e+15	9.68626e+45
2.33314e+15	9.61577e+45
2.3349e+15	9.54133e+45
2.33666e+15	9.47132e+45
2.33843e+15	9.39732e+45
2.34019e+15	9.32793e+45
2.34195e+15	9.25918e+45
2.34372e+15	9.19007e+45
2.34548e+15	9.12966e+45
2.34724e+15	9.05693e+45
2.34901e+15	8.98874e+45
2.35077e+15	8.92059e+45
2.35254e+15	8.8528e+45
2.3543e+15	8.78929e+45
2.35606e+15	8.72196e+45
2.35783e+15	8.65481e+45
2.35959e+15	8.58789e+45
2.36135e+15	8.52539e+45
2.36312e+15	8.46687e+45
2.36488e+15	8.4047e+45
2.36664e+15	8.33878e+45
2.36841e+15	8.2771e+45
2.37017e+15	8.2117e+45
2.37193e+15	8.15046e+45
2.3737e+15	8.08937e+45
2.37546e+15	8.02866e+45
2.37722e+15	7.96801e+45
2.37899e+15	7.9038e+45
2.38075e+15	7.8438e+45
2.38251e+15	7.78383e+45
2.38428e+15	7.72809e+45
2.38604e+15	7.66865e+45
2.38781e+15	7.60943e+45
2.38957e+15	7.55087e+45
2.39133e+15	7.49207e+45
2.3931e+15	7.43731e+45
2.39486e+15	7.37908e+45
2.39662e+15	7.3247e+45
2.39839e+15	7.26688e+45
2.40015e+15	7.21293e+45
2.40191e+15	7.15587e+45
2.40368e+15	7.10241e+45
2.40544e+15	7.04546e+45
2.4072e+15	6.99239e+45
2.40897e+15	6.93947e+45
2.41073e+15	6.88687e+45
2.41249e+15	6.83432e+45
2.41426e+15	6.78216e+45
2.41602e+15	6.72346e+45
2.41779e+15	6.67162e+45
2.41955e+15	6.62001e+45
2.42131e+15	6.56863e+45
2.42308e+15	6.5174e+45
2.42484e+15	6.46636e+45
2.4266e+15	6.41555e+45
2.42837e+15	6.36841e+45
2.43013e+15	6.31797e+45
2.43189e+15	6.27124e+45
2.43366e+15	6.21507e+45
2.43542e+15	6.16871e+45
2.43718e+15	6.11914e+45
2.43895e+15	6.07316e+45
2.44071e+15	6.02391e+45
2.44247e+15	5.97829e+45
2.44424e+15	5.93283e+45
2.446e+15	5.8817e+45
2.44777e+15	5.8333e+45
2.44953e+15	5.78836e+45
2.45129e+15	5.74374e+45
2.45306e+15	5.69922e+45
2.45482e+15	5.64912e+45
2.45658e+15	5.60503e+45
2.45835e+15	5.56113e+45
2.46011e+15	5.51766e+45
2.46187e+15	5.47735e+45
2.46364e+15	5.42832e+45
2.4654e+15	5.38507e+45
2.46716e+15	5.34237e+45
2.46893e+15	5.29731e+45
2.47069e+15	5.25462e+45
2.47245e+15	5.21533e+45
2.47422e+15	5.17301e+45
2.47598e+15	5.12875e+45
2.47775e+15	5.08672e+45
2.47951e+15	5.04813e+45
2.48127e+15	5.00446e+45
2.48304e+15	4.96301e+45
2.4848e+15	4.92487e+45
2.48656e+15	4.88181e+45
2.48833e+15	4.844e+45
2.49009e+15	4.80132e+45
2.49185e+15	4.76386e+45
2.49362e+15	4.72658e+45
2.49538e+15	4.68444e+45
2.49714e+15	4.64745e+45
2.49891e+15	4.60576e+45
2.50067e+15	4.56909e+45
2.50243e+15	4.52778e+45
2.5042e+15	4.49447e+45
2.50596e+15	4.45354e+45
2.50772e+15	4.41754e+45
2.50949e+15	4.37997e+45
2.51125e+15	4.34429e+45
2.51302e+15	4.30707e+45
2.51478e+15	4.27176e+45
2.51654e+15	4.23486e+45
2.51831e+15	4.19527e+45
2.52007e+15	4.1633e+45
2.52183e+15	4.12698e+45
2.5236e+15	4.08793e+45
2.52536e+15	4.05646e+45
2.52712e+15	4.02063e+45
2.52889e+15	3.98502e+45
2.53065e+15	3.94961e+45
2.53241e+15	3.91868e+45
2.53418e+15	3.8836e+45
2.53594e+15	3.8487e+45
2.5377e+15	3.81395e+45
2.53947e+15	3.77943e+45
2.54123e+15	3.74509e+45
2.543e+15	3.71831e+45
2.54476e+15	3.68428e+45
2.54652e+15	3.65041e+45
2.54829e+15	3.61674e+45
2.55005e+15	3.5859e+45
2.55181e+15	3.55249e+45
2.55358e+15	3.52195e+45
2.55534e+15	3.49151e+45
2.5571e+15	3.45403e+45
2.55887e+15	3.42337e+45
2.56063e+15	3.39286e+45
2.56239e+15	3.36253e+45
2.56416e+15	3.33235e+45
2.56592e+15	3.30233e+45
2.56768e+15	3.27248e+45
2.56945e+15	3.24279e+45
2.57121e+15	3.21326e+45
2.57298e+15	3.18389e+45
2.57474e+15	3.15468e+45
2.5765e+15	3.12564e+45
2.57827e+15	3.09675e+45
2.58003e+15	3.07045e+45
2.58179e+15	3.04187e+45
2.58356e+15	3.01346e+45
2.58532e+15	2.9852e+45
2.58708e+15	2.9571e+45
2.58885e+15	2.92917e+45
2.59061e+15	2.90139e+45
2.59237e+15	2.87611e+45
2.59414e+15	2.84863e+45
2.5959e+15	2.82132e+45
2.59766e+15	2.79417e+45
2.59943e+15	2.77286e+45
2.60119e+15	2.74598e+45
2.60295e+15	2.71927e+45
2.60472e+15	2.69496e+45
2.60648e+15	2.66854e+45
2.60825e+15	2.64229e+45
2.61001e+15	2.6184e+45
2.61177e+15	2.59245e+45
2.61354e+15	2.56665e+45
2.6153e+15	2.54638e+45
2.61706e+15	2.52086e+45
2.61883e+15	2.49765e+45
2.62059e+15	2.47243e+45
2.62235e+15	2.44737e+45
2.62412e+15	2.42457e+45
2.62588e+15	2.39981e+45
2.62764e+15	2.38033e+45
2.62941e+15	2.35602e+45
2.63117e+15	2.33374e+45
2.63293e+15	2.30955e+45
2.6347e+15	2.28755e+45
2.63646e+15	2.26862e+45
2.63823e+15	2.24501e+45
2.63999e+15	2.22339e+45
2.64175e+15	2.1999e+45
2.64352e+15	2.17855e+45
2.64528e+15	2.16017e+45
2.64704e+15	2.13709e+45
2.64881e+15	2.11612e+45
2.65057e+15	2.09527e+45
2.65233e+15	2.07539e+45
2.6541e+15	2.05479e+45
2.65586e+15	2.03431e+45
2.65762e+15	2.01396e+45
2.65939e+15	1.99455e+45
2.66115e+15	1.97445e+45
2.66291e+15	1.95447e+45
2.66468e+15	1.93725e+45
2.66644e+15	1.91568e+45
2.66821e+15	1.89607e+45
2.66997e+15	1.87916e+45
2.67173e+15	1.85979e+45
2.6735e+15	1.84054e+45
2.67526e+15	1.82394e+45
2.67702e+15	1.80492e+45
2.67879e+15	1.78427e+45
2.68055e+15	1.76797e+45
2.68231e+15	1.74932e+45
2.68408e+15	1.73079e+45
2.68584e+15	1.71479e+45
2.6876e+15	1.69649e+45
2.68937e+15	1.67832e+45
2.69113e+15	1.66262e+45
2.69289e+15	1.64467e+45
2.69466e+15	1.62916e+45
2.69642e+15	1.61143e+45
2.69819e+15	1.59383e+45
2.69995e+15	1.57862e+45
2.70171e+15	1.56124e+45
2.70348e+15	1.54622e+45
2.70524e+15	1.53067e+45
2.707e+15	1.51362e+45
2.70877e+15	1.49888e+45
2.71053e+15	1.48206e+45
2.71229e+15	1.46751e+45
2.71406e+15	1.45091e+45
2.71582e+15	1.43655e+45
2.71758e+15	1.4217e+45
2.71935e+15	1.40765e+45
2.72111e+15	1.39148e+45
2.72287e+15	1.37748e+45
2.72464e+15	1.36153e+45
2.7264e+15	1.3492e+45
2.72816e+15	1.33346e+45
2.72993e+15	1.31982e+45
2.73169e+15	1.30575e+45
2.73346e+15	1.29229e+45
2.73522e+15	1.27697e+45
2.73698e+15	1.26382e+45
2.73875e+15	1.25013e+45
2.74051e+15	1.23703e+45
2.74227e+15	1.22352e+45
2.74404e+15	1.2106e+45
2.7458e+15	1.1959e+45
2.74756e+15	1.18452e+45
2.74933e+15	1.17002e+45
2.75109e+15	1.1588e+45
2.75285e+15	1.14631e+45
2.75462e+15	1.1321e+45
2.75638e+15	1.12111e+45
2.75814e+15	1.10711e+45
2.75991e+15	1.09627e+45
2.76167e+15	1.0842e+45
2.76344e+15	1.07178e+45
2.7652e+15	1.06039e+45
2.76696e+15	1.04751e+45
2.76873e+15	1.03654e+45
2.77049e+15	1.02551e+45
2.77225e+15	1.01303e+45
2.77402e+15	1.00228e+45
2.77578e+15	9.91598e+44
2.77754e+15	9.79383e+44
2.77931e+15	9.68859e+44
2.78107e+15	9.56825e+44
2.78283e+15	9.46574e+44
2.7846e+15	9.36273e+44
2.78636e+15	9.24618e+44
2.78812e+15	9.14585e+44
2.78989e+15	9.04621e+44
2.79165e+15	8.94724e+44
2.79342e+15	8.83404e+44
2.79518e+15	8.73655e+44
2.79694e+15	8.64086e+44
2.79871e+15	8.53017e+44
2.80047e+15	8.43593e+44
2.80223e+15	8.34234e+44
2.804e+15	8.23413e+44
2.80576e+15	8.14197e+44
2.80752e+15	8.05155e+44
2.80929e+15	7.96067e+44
2.81105e+15	7.85676e+44
2.81281e+15	7.76923e+44
2.81458e+15	7.6804e+44
2.81634e+15	7.59325e+44
2.8181e+15	7.4935e+44
2.81987e+15	7.40669e+44
2.82163e+15	7.32153e+44
2.82339e+15	7.23801e+44
2.82516e+15	7.15409e+44
2.82692e+15	7.05811e+44
2.82869e+15	6.97653e+44
2.83045e+15	6.89455e+44
2.83221e+15	6.81416e+44
2.83398e+15	6.73438e+44
2.83574e+15	6.64307e+44
2.8375e+15	6.56457e+44
2.83927e+15	6.48666e+44
2.84103e+15	6.41012e+44
2.84279e+15	6.33339e+44
2.84456e+15	6.24659e+44
2.84632e+15	6.17205e+44
2.84808e+15	6.09716e+44
2.84985e+15	6.02376e+44
2.85161e+15	5.95092e+44
2.85337e+15	5.87865e+44
2.85514e+15	5.80694e+44
2.8569e+15	5.72492e+44
2.85867e+15	5.65531e+44
2.86043e+15	5.58537e+44
2.86219e+15	5.51684e+44
2.86396e+15	5.44886e+44
2.86572e+15	5.38057e+44
2.86748e+15	5.31367e+44
2.86925e+15	5.2473e+44
2.87101e+15	5.18147e+44
2.87277e+15	5.117e+44
2.87454e+15	5.04232e+44
2.8763e+15	4.97816e+44
2.87806e+15	4.91534e+44
2.87983e+15	4.85223e+44
2.88159e+15	4.79044e+44
2.88335e+15	4.72915e+44
2.88512e+15	4.66838e+44
2.88688e+15	4.6081e+44
2.88865e+15	4.54834e+44
2.89041e+15	4.48983e+44
2.89217e+15	4.43106e+44
2.89394e+15	4.37354e+44
2.8957e+15	4.31576e+44
2.89746e+15	4.25921e+44
2.89923e+15	4.20314e+44
2.90099e+15	4.14756e+44
2.90275e+15	4.09245e+44
2.90452e+15	4.03782e+44
2.90628e+15	3.98422e+44
2.90804e+15	3.93124e+44
2.90981e+15	3.87802e+44
2.91157e+15	3.82596e+44
2.91333e+15	3.77367e+44
2.9151e+15	3.72252e+44
2.91686e+15	3.67183e+44
2.91862e+15	3.62159e+44
2.92039e+15	3.5718e+44
2.92215e+15	3.52311e+44
2.92392e+15	3.47421e+44
2.92568e+15	3.42575e+44
2.92744e+15	3.37838e+44
2.92921e+15	3.3308e+44
2.93097e+15	3.28429e+44
2.93273e+15	3.2382e+44
2.9345e+15	3.19254e+44
2.93626e+15	3.14731e+44
2.93802e+15	3.10944e+44
2.93979e+15	3.06497e+44
2.94155e+15	3.02092e+44
2.94331e+15	2.97788e+44
2.94508e+15	2.93512e+44
2.94684e+15	2.89288e+44
2.9486e+15	2.85105e+44
2.95037e+15	2.80962e+44
2.95213e+15	2.76859e+44
2.9539e+15	2.72795e+44
2.95566e+15	2.69396e+44
2.95742e+15	2.65404e+44
2.95919e+15	2.61451e+44
2.96095e+15	2.57591e+44
2.96271e+15	2.53716e+44
2.96448e+15	2.49932e+44
2.96624e+15	2.46186e+44
2.968e+15	2.43004e+44
2.96977e+15	2.39326e+44
2.97153e+15	2.35685e+44
2.97329e+15	2.32081e+44
2.97506e+15	2.28674e+44
2.97682e+15	2.25251e+44
2.97858e+15	2.21862e+44
2.98035e+15	2.18555e+44
2.98211e+15	2.15281e+44
2.98388e+15	2.11991e+44
2.98564e+15	2.08782e+44
2.9874e+15	2.05605e+44
2.98917e+15	2.02461e+44
2.99093e+15	1.99348e+44
2.99269e+15	1.96267e+44
2.99446e+15	1.93262e+44
2.99622e+15	1.90244e+44
2.99798e+15	1.87305e+44
2.99975e+15	1.84392e+44
3.00151e+15	1.81509e+44
3.00327e+15	1.78693e+44
3.00504e+15	1.7587e+44
3.0068e+15	1.73122e+44
3.00856e+15	1.70357e+44
3.01033e+15	1.67667e+44
3.01209e+15	1.65001e+44
3.01386e+15	1.62367e+44
3.01562e+15	1.59801e+44
3.01738e+15	1.5718e+44
3.01915e+15	1.54668e+44
3.02091e+15	1.52145e+44
3.02267e+15	1.49687e+44
3.02444e+15	1.47256e+44
3.0262e+15	1.44811e+44
3.02796e+15	1.42433e+44
3.02973e+15	1.40157e+44
3.03149e+15	1.3783e+44
3.03325e+15	1.35529e+44
3.03502e+15	1.33289e+44
3.03678e+15	1.31039e+44
3.03854e+15	1.28849e+44
3.04031e+15	1.26684e+44
3.04207e+15	1.24544e+44
3.04383e+15	1.22427e+44
3.0456e+15	1.20334e+44
3.04736e+15	1.18333e+44
3.04913e+15	1.16288e+44
3.05089e+15	1.14324e+44
3.05265e+15	1.12325e+44
3.05442e+15	1.10414e+44
3.05618e+15	1.08525e+44
3.05794e+15	1.06594e+44
3.05971e+15	1.04749e+44
3.06147e+15	1.02926e+44
3.06323e+15	1.01123e+44
3.065e+15	9.9312e+43
3.06676e+15	9.75523e+43
3.06852e+15	9.58135e+43
3.07029e+15	9.41245e+43
3.07205e+15	9.2427e+43
3.07381e+15	9.07782e+43
3.07558e+15	8.91215e+43
3.07734e+15	8.75127e+43
3.07911e+15	8.59234e+43
3.08087e+15	8.43537e+43
3.08263e+15	8.28029e+43
3.0844e+15	8.12717e+43
3.08616e+15	7.97857e+43
3.08792e+15	7.83175e+43
3.08969e+15	7.68427e+43
3.09145e+15	7.54118e+43
3.09321e+15	7.39982e+43
3.09498e+15	7.26033e+43
3.09674e+15	7.12254e+43
3.0985e+15	6.9866e+43
3.10027e+15	6.85643e+43
3.10203e+15	6.7262e+43
3.10379e+15	6.59542e+43
3.10556e+15	6.46855e+43
3.10732e+15	6.34334e+43
3.10909e+15	6.21764e+43
3.11085e+15	6.09793e+43
3.11261e+15	5.97761e+43
3.11438e+15	5.86104e+43
3.11614e+15	5.74602e+43
3.1179e+15	5.63044e+43
3.11967e+15	5.5185e+43
3.12143e+15	5.40807e+43
3.12319e+15	5.29915e+43
3.12496e+15	5.19172e+43
3.12672e+15	5.08577e+43
3.12848e+15	4.98502e+43
3.13025e+15	4.88195e+43
3.13201e+15	4.78034e+43
3.13377e+15	4.68202e+43
3.13554e+15	4.58494e+43
3.1373e+15	4.48937e+43
3.13906e+15	4.3968e+43
3.14083e+15	4.30392e+43
3.14259e+15	4.21397e+43
3.14436e+15	4.12373e+43
3.14612e+15	4.03636e+43
3.14788e+15	3.94873e+43
3.14965e+15	3.8639e+43
3.15141e+15	3.78193e+43
3.15317e+15	3.69811e+43
3.15494e+15	3.61856e+43
3.1567e+15	3.54018e+43
3.15846e+15	3.46251e+43
3.16023e+15	3.38645e+43
3.16199e+15	3.31021e+43
3.16375e+15	3.23776e+43
3.16552e+15	3.16383e+43
3.16728e+15	3.09232e+43
3.16904e+15	3.02456e+43
3.17081e+15	2.95522e+43
3.17257e+15	2.88696e+43
3.17434e+15	2.82113e+43
3.1761e+15	2.75501e+43
3.17786e+15	2.69126e+43
3.17963e+15	2.62852e+43
3.18139e+15	2.5679e+43
3.18315e+15	2.50715e+43
3.18492e+15	2.44845e+43
3.18668e+15	2.38965e+43
3.18844e+15	2.33182e+43
3.19021e+15	2.27597e+43
3.19197e+15	2.2212e+43
3.19373e+15	2.16718e+43
3.1955e+15	2.11595e+43
3.19726e+15	2.06276e+43
3.19902e+15	2.0125e+43
3.20079e+15	1.96308e+43
3.20255e+15	1.91256e+43
3.20432e+15	1.86484e+43
3.20608e+15	1.81795e+43
3.20784e+15	1.77287e+43
3.20961e+15	1.72758e+43
3.21137e+15	1.68228e+43
3.21313e+15	1.6386e+43
3.2149e+15	1.59741e+43
3.21666e+15	1.55449e+43
3.21842e+15	1.51403e+43
3.22019e+15	1.47502e+43
3.22195e+15	1.43599e+43
3.22371e+15	1.39768e+43
3.22548e+15	1.36008e+43
3.22724e+15	1.32318e+43
3.229e+15	1.28763e+43
3.23077e+15	1.2521e+43
3.23253e+15	1.21725e+43
3.23429e+15	1.18447e+43
3.23606e+15	1.15093e+43
3.23782e+15	1.1188e+43
3.23959e+15	1.08714e+43
3.24135e+15	1.05625e+43
3.24311e+15	1.02653e+43
3.24488e+15	9.96852e+42
3.24664e+15	9.68301e+42
3.2484e+15	9.40317e+42
3.25017e+15	9.12389e+42
3.25193e+15	8.85535e+42
3.25369e+15	8.5923e+42
3.25546e+15	8.34093e+42
3.25722e+15	8.08393e+42
3.25898e+15	7.84298e+42
3.26075e+15	7.60704e+42
3.26251e+15	7.37403e+42
3.26427e+15	7.148e+42
3.26604e+15	6.92682e+42
3.2678e+15	6.71041e+42
3.26957e+15	6.49872e+42
3.27133e+15	6.29171e+42
3.27309e+15	6.0944e+42
3.27486e+15	5.89644e+42
3.27662e+15	5.70654e+42
3.27838e+15	5.52222e+42
3.28015e+15	5.33738e+42
3.28191e+15	5.16146e+42
3.28367e+15	4.99283e+42
3.28544e+15	4.82492e+42
3.2872e+15	4.65667e+42
3.28896e+15	4.49971e+42
3.29073e+15	4.35025e+42
3.29249e+15	4.20059e+42
3.29425e+15	4.05178e+42
3.29602e+15	3.90935e+42
3.29778e+15	3.77158e+42
3.29955e+15	3.63611e+42
3.30131e+15	3.50763e+42
3.30307e+15	3.38235e+42
3.30484e+15	3.25445e+42
3.3066e+15	3.13557e+42
3.30836e+15	3.01974e+42
3.31013e+15	2.90693e+42
3.31189e+15	2.79499e+42
3.31365e+15	2.68812e+42
3.31542e+15	2.58709e+42
3.31718e+15	2.48586e+42
3.31894e+15	2.38882e+42
3.32071e+15	2.29446e+42
3.32247e+15	2.20474e+42
3.32423e+15	2.11606e+42
3.326e+15	2.03015e+42
3.32776e+15	1.94695e+42
3.32953e+15	1.86617e+42
3.33129e+15	1.78972e+42
3.33305e+15	1.71403e+42
3.33482e+15	1.64083e+42
3.33658e+15	1.57006e+42
3.33834e+15	1.50297e+42
3.34011e+15	1.43684e+42
3.34187e+15	1.37421e+42
3.34363e+15	1.31232e+42
3.3454e+15	1.25392e+42
3.34716e+15	1.19645e+42
3.34892e+15	1.14191e+42
3.35069e+15	1.0893e+42
3.35245e+15	1.03759e+42
3.35421e+15	9.88582e+41
3.35598e+15	9.41526e+41
3.35774e+15	8.96212e+41
3.3595e+15	8.51596e+41
3.36127e+15	8.10312e+41
3.36303e+15	7.69971e+41
3.3648e+15	7.3106e+41
3.36656e+15	6.93678e+41
3.36832e+15	6.57782e+41
3.37009e+15	6.23329e+41
3.37185e+15	5.9081e+41
3.37361e+15	5.591e+41
3.37538e+15	5.28605e+41
3.37714e+15	4.99506e+41
3.3789e+15	4.72734e+41
3.38067e+15	4.45951e+41
3.38243e+15	4.20846e+41
3.38419e+15	3.96362e+41
3.38596e+15	3.7344e+41
3.38772e+15	3.51113e+41
3.38948e+15	3.30237e+41
3.39125e+15	3.09931e+41
3.39301e+15	2.90898e+41
3.39478e+15	2.72842e+41
3.39654e+15	2.55657e+41
3.3983e+15	2.39248e+41
3.40007e+15	2.23718e+41
3.40183e+15	2.08912e+41
3.40359e+15	1.94923e+41
3.40536e+15	1.81608e+41
3.40712e+15	1.693e+41
3.40888e+15	1.57353e+41
3.41065e+15	1.46061e+41
3.41241e+15	1.35608e+41
3.41417e+15	1.25579e+41
3.41594e+15	1.16272e+41
3.4177e+15	1.075e+41
3.41946e+15	9.92785e+40
3.42123e+15	9.15095e+40
3.42299e+15	8.42116e+40
3.42476e+15	7.73964e+40
3.42652e+15	7.0979e+40
3.42828e+15	6.51221e+40
3.43005e+15	5.95008e+40
3.43181e+15	5.43849e+40
3.43357e+15	4.95856e+40
3.43534e+15	4.50462e+40
3.4371e+15	4.09339e+40
3.43886e+15	3.70925e+40
3.44063e+15	3.36018e+40
3.44239e+15	3.03162e+40
3.44415e+15	2.72795e+40
3.44592e+15	2.45344e+40
3.44768e+15	2.19512e+40
3.44944e+15	1.96431e+40
3.45121e+15	1.75202e+40
3.45297e+15	1.55865e+40
3.45473e+15	1.37822e+40
3.4565e+15	1.2205e+40
3.45826e+15	1.07333e+40
3.46003e+15	9.39656e+39
3.46179e+15	8.20504e+39
3.46355e+15	7.11947e+39
3.46532e+15	6.1571e+39
3.46708e+15	5.29451e+39
3.46884e+15	4.52804e+39
3.47061e+15	3.84995e+39
3.47237e+15	3.25286e+39
3.47413e+15	2.73034e+39
