1e-06	0
1.01e-06	0
1.0201e-06	0
1.0303e-06	0
1.0406e-06	0
1.05101e-06	0
1.06152e-06	0
1.07214e-06	0
1.08286e-06	0
1.09369e-06	0
1.10462e-06	0
1.11567e-06	0
1.12683e-06	0
1.13809e-06	0
1.14947e-06	0
1.16097e-06	0
1.17258e-06	0
1.1843e-06	0
1.19615e-06	0
1.20811e-06	0
1.22019e-06	0
1.23239e-06	0
1.24472e-06	0
1.25716e-06	0
1.26973e-06	0
1.28243e-06	0
1.29526e-06	0
1.30821e-06	0
1.32129e-06	0
1.3345e-06	0
1.34785e-06	0
1.36133e-06	0
1.37494e-06	0
1.38869e-06	0
1.40258e-06	0
1.4166e-06	0
1.43077e-06	0
1.44508e-06	0
1.45953e-06	0
1.47412e-06	0
1.48886e-06	0
1.50375e-06	0
1.51879e-06	0
1.53398e-06	0
1.54932e-06	0
1.56481e-06	0
1.58046e-06	0
1.59626e-06	0
1.61223e-06	0
1.62835e-06	0
1.64463e-06	0
1.66108e-06	0
1.67769e-06	0
1.69447e-06	0
1.71141e-06	0
1.72852e-06	0
1.74581e-06	0
1.76327e-06	0
1.7809e-06	0
1.79871e-06	0
1.8167e-06	0
1.83486e-06	0
1.85321e-06	0
1.87174e-06	0
1.89046e-06	0
1.90937e-06	0
1.92846e-06	0
1.94774e-06	0
1.96722e-06	0
1.98689e-06	0
2.00676e-06	0
2.02683e-06	0
2.0471e-06	0
2.06757e-06	0
2.08825e-06	0
2.10913e-06	0
2.13022e-06	0
2.15152e-06	0
2.17304e-06	0
2.19477e-06	0
2.21672e-06	0
2.23888e-06	0
2.26127e-06	0
2.28388e-06	0
2.30672e-06	0
2.32979e-06	0
2.35309e-06	0
2.37662e-06	0
2.40038e-06	0
2.42439e-06	0
2.44863e-06	0
2.47312e-06	0
2.49785e-06	0
2.52283e-06	0
2.54806e-06	0
2.57354e-06	0
2.59927e-06	0
2.62527e-06	0
2.65152e-06	0
2.67803e-06	0
2.70481e-06	0
2.73186e-06	0
2.75918e-06	0
2.78677e-06	0
2.81464e-06	0
2.84279e-06	0
2.87121e-06	0
2.89993e-06	0
2.92893e-06	0
2.95822e-06	0
2.9878e-06	0
3.01768e-06	0
3.04785e-06	0
3.07833e-06	0
3.10911e-06	0
3.1402e-06	0
3.17161e-06	0
3.20332e-06	0
3.23536e-06	0
3.26771e-06	0
3.30039e-06	0
3.33339e-06	0
3.36672e-06	0
3.40039e-06	0
3.4344e-06	0
3.46874e-06	0
3.50343e-06	0
3.53846e-06	0
3.57385e-06	0
3.60958e-06	0
3.64568e-06	0
3.68214e-06	0
3.71896e-06	0
3.75615e-06	0
3.79371e-06	0
3.83165e-06	0
3.86996e-06	0
3.90866e-06	0
3.94775e-06	0
3.98723e-06	0
4.0271e-06	0
4.06737e-06	0
4.10804e-06	0
4.14912e-06	0
4.19062e-06	0
4.23252e-06	0
4.27485e-06	0
4.3176e-06	0
4.36077e-06	0
4.40438e-06	0
4.44842e-06	0
4.49291e-06	0
4.53784e-06	0
4.58321e-06	0
4.62905e-06	0
4.67534e-06	0
4.72209e-06	0
4.76931e-06	0
4.817e-06	0
4.86517e-06	0
4.91383e-06	0
4.96296e-06	0
5.01259e-06	0
5.06272e-06	0
5.11335e-06	0
5.16448e-06	0
5.21613e-06	0
5.26829e-06	0
5.32097e-06	0
5.37418e-06	0
5.42792e-06	0
5.4822e-06	0
5.53702e-06	0
5.59239e-06	0
5.64832e-06	0
5.7048e-06	0
5.76185e-06	0
5.81947e-06	0
5.87766e-06	0
5.93644e-06	0
5.9958e-06	0
6.05576e-06	0
6.11632e-06	0
6.17748e-06	0
6.23926e-06	0
6.30165e-06	0
6.36466e-06	0
6.42831e-06	0
6.49259e-06	0
6.55752e-06	0
6.6231e-06	0
6.68933e-06	0
6.75622e-06	0
6.82378e-06	0
6.89202e-06	0
6.96094e-06	0
7.03055e-06	0
7.10085e-06	0
7.17186e-06	0
7.24358e-06	0
7.31602e-06	0
7.38918e-06	0
7.46307e-06	0
7.5377e-06	0
7.61308e-06	0
7.68921e-06	0
7.7661e-06	0
7.84376e-06	0
7.9222e-06	0
8.00142e-06	0
8.08144e-06	0
8.16225e-06	0
8.24387e-06	0
8.32631e-06	0
8.40957e-06	0
8.49367e-06	0
8.57861e-06	0
8.66439e-06	0
8.75104e-06	0
8.83855e-06	0
8.92693e-06	0
9.0162e-06	0
9.10636e-06	0
9.19743e-06	0
9.2894e-06	0
9.3823e-06	0
9.47612e-06	0
9.57088e-06	0
9.66659e-06	0
9.76325e-06	0
9.86089e-06	0
9.9595e-06	0
1.00591e-05	0
1.01597e-05	0
1.02613e-05	0
1.03639e-05	0
1.04675e-05	0
1.05722e-05	0
1.06779e-05	0
1.07847e-05	0
1.08926e-05	0
1.10015e-05	0
1.11115e-05	0
1.12226e-05	0
1.13348e-05	0
1.14482e-05	0
1.15627e-05	0
1.16783e-05	0
1.17951e-05	0
1.1913e-05	0
1.20322e-05	0
1.21525e-05	0
1.2274e-05	0
1.23967e-05	0
1.25207e-05	0
1.26459e-05	0
1.27724e-05	0
1.29001e-05	0
1.30291e-05	0
1.31594e-05	0
1.3291e-05	0
1.34239e-05	0
1.35581e-05	0
1.36937e-05	0
1.38307e-05	0
1.3969e-05	0
1.41086e-05	0
1.42497e-05	0
1.43922e-05	0
1.45362e-05	0
1.46815e-05	0
1.48283e-05	0
1.49766e-05	0
1.51264e-05	0
1.52776e-05	0
1.54304e-05	0
1.55847e-05	0
1.57406e-05	0
1.5898e-05	0
1.6057e-05	0
1.62175e-05	0
1.63797e-05	0
1.65435e-05	0
1.67089e-05	0
1.6876e-05	0
1.70448e-05	0
1.72152e-05	0
1.73874e-05	0
1.75613e-05	0
1.77369e-05	0
1.79142e-05	0
1.80934e-05	0
1.82743e-05	0
1.84571e-05	0
1.86416e-05	0
1.8828e-05	0
1.90163e-05	0
1.92065e-05	0
1.93986e-05	0
1.95925e-05	0
1.97885e-05	0
1.99864e-05	0
2.01862e-05	0
2.03881e-05	0
2.0592e-05	0
2.07979e-05	0
2.10059e-05	0
2.12159e-05	0
2.14281e-05	0
2.16424e-05	0
2.18588e-05	0
2.20774e-05	0
2.22981e-05	0
2.25211e-05	0
2.27463e-05	0
2.29738e-05	0
2.32035e-05	0
2.34356e-05	0
2.36699e-05	0
2.39066e-05	0
2.41457e-05	0
2.43871e-05	0
2.4631e-05	0
2.48773e-05	0
2.51261e-05	0
2.53774e-05	0
2.56311e-05	0
2.58874e-05	0
2.61463e-05	0
2.64078e-05	0
2.66719e-05	0
2.69386e-05	0
2.7208e-05	0
2.748e-05	0
2.77548e-05	0
2.80324e-05	0
2.83127e-05	0
2.85958e-05	0
2.88818e-05	0
2.91706e-05	0
2.94623e-05	0
2.9757e-05	0
3.00545e-05	0
3.03551e-05	0
3.06586e-05	0
3.09652e-05	0
3.12749e-05	0
3.15876e-05	0
3.19035e-05	0
3.22225e-05	0
3.25447e-05	0
3.28702e-05	0
3.31989e-05	0
3.35309e-05	0
3.38662e-05	0
3.42049e-05	0
3.45469e-05	0
3.48924e-05	0
3.52413e-05	0
3.55937e-05	0
3.59496e-05	0
3.63091e-05	0
3.66722e-05	0
3.7039e-05	0
3.74093e-05	0
3.77834e-05	0
3.81613e-05	0
3.85429e-05	0
3.89283e-05	0
3.93176e-05	0
3.97108e-05	0
4.01079e-05	0
4.0509e-05	0
4.0914e-05	0
4.13232e-05	0
4.17364e-05	0
4.21538e-05	0
4.25753e-05	0
4.30011e-05	0
4.34311e-05	0
4.38654e-05	0
4.4304e-05	0
4.47471e-05	0
4.51946e-05	0
4.56465e-05	0
4.6103e-05	0
4.6564e-05	0
4.70296e-05	0
4.74999e-05	0
4.79749e-05	0
4.84547e-05	0
4.89392e-05	0
4.94286e-05	0
4.99229e-05	0
5.04221e-05	0
5.09264e-05	0
5.14356e-05	0
5.195e-05	0
5.24695e-05	0
5.29942e-05	0
5.35241e-05	0
5.40594e-05	0
5.46e-05	0
5.5146e-05	0
5.56974e-05	0
5.62544e-05	0
5.68169e-05	0
5.73851e-05	0
5.79589e-05	0
5.85385e-05	0
5.91239e-05	0
5.97152e-05	0
6.03123e-05	0
6.09154e-05	0
6.15246e-05	0
6.21398e-05	0
6.27612e-05	0
6.33888e-05	0
6.40227e-05	0
6.4663e-05	0
6.53096e-05	0
6.59627e-05	0
6.66223e-05	0
6.72885e-05	0
6.79614e-05	0
6.8641e-05	0
6.93275e-05	0
7.00207e-05	0
7.07209e-05	0
7.14281e-05	0
7.21424e-05	0
7.28638e-05	0
7.35925e-05	0
7.43284e-05	0
7.50717e-05	0
7.58224e-05	0
7.65806e-05	0
7.73464e-05	0
7.81199e-05	0
7.89011e-05	0
7.96901e-05	0
8.0487e-05	0
8.12919e-05	0
8.21048e-05	0
8.29259e-05	0
8.37551e-05	0
8.45927e-05	0
8.54386e-05	0
8.6293e-05	0
8.71559e-05	0
8.80275e-05	0
8.89077e-05	0
8.97968e-05	0
9.06948e-05	0
9.16017e-05	0
9.25178e-05	0
9.34429e-05	0
9.43774e-05	0
9.53211e-05	0
9.62743e-05	0
9.72371e-05	0
9.82095e-05	0
9.91916e-05	0
0.000100183	0
0.000101185	0
0.000102197	0
0.000103219	0
0.000104251	0
0.000105294	0
0.000106347	0
0.00010741	0
0.000108484	0
0.000109569	0
0.000110665	0
0.000111772	0
0.000112889	0
0.000114018	0
0.000115158	0
0.00011631	0
0.000117473	0
0.000118648	0
0.000119834	0
0.000121033	0
0.000122243	0
0.000123465	0
0.0001247	0
0.000125947	0
0.000127206	0
0.000128478	0
0.000129763	0
0.000131061	0
0.000132372	0
0.000133695	0
0.000135032	0
0.000136383	0
0.000137746	0
0.000139124	0
0.000140515	0
0.00014192	0
0.000143339	0
0.000144773	0
0.000146221	0
0.000147683	0
0.00014916	0
0.000150651	0
0.000152158	0
0.000153679	0
0.000155216	0
0.000156768	0
0.000158336	0
0.000159919	0
0.000161518	0
0.000163134	0
0.000164765	0
0.000166413	0
0.000168077	0
0.000169757	0
0.000171455	0
0.00017317	0
0.000174901	0
0.00017665	0
0.000178417	0
0.000180201	0
0.000182003	0
0.000183823	0
0.000185661	0
0.000187518	0
0.000189393	0
0.000191287	0
0.0001932	0
0.000195132	0
0.000197083	0
0.000199054	0
0.000201045	0
0.000203055	0
0.000205086	0
0.000207136	0
0.000209208	0
0.0002113	0
0.000213413	0
0.000215547	0
0.000217702	0
0.000219879	0
0.000222078	0
0.000224299	0
0.000226542	0
0.000228807	0
0.000231095	0
0.000233406	0
0.000235741	0
0.000238098	0
0.000240479	0
0.000242884	0
0.000245313	0
0.000247766	0
0.000250243	0
0.000252746	0
0.000255273	0
0.000257826	0
0.000260404	0
0.000263008	0
0.000265638	0
0.000268295	0
0.000270978	0
0.000273687	0
0.000276424	0
0.000279189	0
0.00028198	0
0.0002848	0
0.000287648	0
0.000290525	0
0.00029343	0
0.000296364	0
0.000299328	0
0.000302321	0
0.000305344	0
0.000308398	0
0.000311482	0
0.000314597	0
0.000317743	0
0.00032092	0
0.000324129	0
0.00032737	0
0.000330644	0
0.000333951	0
0.00033729	0
0.000340663	0
0.00034407	0
0.00034751	0
0.000350985	0
0.000354495	0
0.00035804	0
0.000361621	0
0.000365237	0
0.000368889	0
0.000372578	0
0.000376304	0
0.000380067	0
0.000383868	0
0.000387706	0
0.000391583	0
0.000395499	0
0.000399454	0
0.000403449	0
0.000407483	0
0.000411558	0
0.000415674	0
0.00041983	0
0.000424029	0
0.000428269	0
0.000432552	0
0.000436877	0
0.000441246	0
0.000445658	0
0.000450115	0
0.000454616	0
0.000459162	0
0.000463754	0
0.000468391	0
0.000473075	0
0.000477806	0
0.000482584	0
0.00048741	0
0.000492284	0
0.000497207	0
0.000502179	0
0.000507201	0
0.000512273	0
0.000517396	0
0.00052257	0
0.000527795	0
0.000533073	0
0.000538404	0
0.000543788	0
0.000549226	0
0.000554718	0
0.000560265	0
0.000565868	0
0.000571527	0
0.000577242	0
0.000583014	0
0.000588844	0
0.000594733	0
0.00060068	0
0.000606687	0
0.000612754	0
0.000618881	0
0.00062507	0
0.000631321	0
0.000637634	0
0.000644011	0
0.000650451	0
0.000656955	0
0.000663525	0
0.00067016	0
0.000676862	0
0.00068363	0
0.000690466	0
0.000697371	0
0.000704345	0
0.000711388	0
0.000718502	0
0.000725687	0
0.000732944	0
0.000740273	0
0.000747676	0
0.000755153	0
0.000762705	0
0.000770332	0
0.000778035	0
0.000785815	0
0.000793673	0
0.00080161	0
0.000809626	0
0.000817722	0
0.0008259	0
0.000834159	0
0.0008425	0
0.000850925	0
0.000859435	0
0.000868029	0
0.000876709	0
0.000885476	0
0.000894331	0
0.000903274	0
0.000912307	0
0.00092143	0
0.000930644	0
0.000939951	0
0.00094935	0
0.000958844	0
0.000968432	0
0.000978117	0
0.000987898	0
0.000997777	0
0.00100775	0
0.00101783	0
0.00102801	0
0.00103829	0
0.00104867	0
0.00105916	0
0.00106975	0
0.00108045	0
0.00109125	0
0.00110217	0
0.00111319	0
0.00112432	0
0.00113556	0
0.00114692	0
0.00115839	0
0.00116997	0
0.00118167	0
0.00119349	0
0.00120542	0
0.00121748	0
0.00122965	0
0.00124195	0
0.00125437	0
0.00126691	0
0.00127958	0
0.00129238	0
0.0013053	0
0.00131835	0
0.00133154	0
0.00134485	0
0.0013583	0
0.00137188	0
0.0013856	0
0.00139946	0
0.00141345	0
0.00142759	0
0.00144186	0
0.00145628	0
0.00147085	0
0.00148555	0
0.00150041	0
0.00151541	0
0.00153057	0
0.00154587	0
0.00156133	0
0.00157695	0
0.00159271	0
0.00160864	0
0.00162473	0
0.00164098	0
0.00165739	0
0.00167396	0
0.0016907	0
0.00170761	0
0.00172468	0
0.00174193	0
0.00175935	0
0.00177694	0
0.00179471	0
0.00181266	0
0.00183078	0
0.00184909	0
0.00186758	0
0.00188626	0
0.00190512	0
0.00192417	0
0.00194341	0
0.00196285	0
0.00198248	0
0.0020023	0
0.00202232	0
0.00204255	0
0.00206297	0
0.0020836	0
0.00210444	0
0.00212548	0
0.00214674	0
0.00216821	0
0.00218989	0
0.00221179	0
0.0022339	0
0.00225624	0
0.00227881	0
0.00230159	0
0.00232461	0
0.00234786	0
0.00237134	0
0.00239505	0
0.002419	0
0.00244319	0
0.00246762	0
0.0024923	0
0.00251722	0
0.00254239	0
0.00256782	0
0.00259349	0
0.00261943	0
0.00264562	0
0.00267208	0
0.0026988	0
0.00272579	0
0.00275305	0
0.00278058	0
0.00280838	0
0.00283647	0
0.00286483	0
0.00289348	0
0.00292241	0
0.00295164	0
0.00298115	0
0.00301097	0
0.00304108	0
0.00307149	0
0.0031022	0
0.00313322	0
0.00316456	0
0.0031962	0
0.00322816	0
0.00326045	0
0.00329305	0
0.00332598	0
0.00335924	0
0.00339283	0
0.00342676	0
0.00346103	0
0.00349564	0
0.00353059	0
0.0035659	0
0.00360156	0
0.00363758	0
0.00367395	0
0.00371069	0
0.0037478	0
0.00378528	0
0.00382313	0
0.00386136	0
0.00389997	0
0.00393897	0
0.00397836	0
0.00401815	0
0.00405833	0
0.00409891	0
0.0041399	0
0.0041813	0
0.00422311	0
0.00426534	0
0.004308	0
0.00435108	0
0.00439459	0
0.00443853	0
0.00448292	0
0.00452775	0
0.00457303	0
0.00461876	0
0.00466494	0
0.00471159	0
0.00475871	0
0.0048063	0
0.00485436	0
0.0049029	0
0.00495193	0
0.00500145	0
0.00505146	0
0.00510198	0
0.005153	0
0.00520453	0
0.00525657	0
0.00530914	0
0.00536223	0
0.00541585	0
0.00547001	0
0.00552471	0
0.00557996	0
0.00563576	0
0.00569212	0
0.00574904	0
0.00580653	0
0.00586459	0
0.00592324	0
0.00598247	0
0.0060423	0
0.00610272	0
0.00616375	0
0.00622538	0
0.00628764	0
0.00635051	0
0.00641402	0
0.00647816	0
0.00654294	0
0.00660837	0
0.00667445	0
0.0067412	0
0.00680861	0
0.0068767	0
0.00694546	0
0.00701492	0
0.00708507	0
0.00715592	0
0.00722748	0
0.00729975	0
0.00737275	0
0.00744648	0
0.00752094	0
0.00759615	0
0.00767211	0
0.00774883	0
0.00782632	0
0.00790459	0
0.00798363	0
0.00806347	0
0.0081441	0
0.00822554	0
0.0083078	0
0.00839088	0
0.00847479	0
0.00855953	0
0.00864513	0
0.00873158	0
0.0088189	0
0.00890709	0
0.00899616	0
0.00908612	0
0.00917698	0
0.00926875	0
0.00936144	0
0.00945505	0
0.0095496	0
0.0096451	0
0.00974155	0
0.00983896	0
0.00993735	0
0.0100367	0
0.0101371	0
0.0102385	0
0.0103409	0
0.0104443	0
0.0105487	0
0.0106542	0
0.0107607	0
0.0108683	0
0.010977	0
0.0110868	0
0.0111977	0
0.0113096	0
0.0114227	0
0.011537	0
0.0116523	0
0.0117689	0
0.0118865	0
0.0120054	0
0.0121255	0
0.0122467	0
0.0123692	0
0.0124929	0
0.0126178	0
0.012744	0
0.0128714	0
0.0130001	0
0.0131301	0
0.0132614	0
0.0133941	0
0.013528	0
0.0136633	0
0.0137999	0
0.0139379	0
0.0140773	0
0.0142181	0
0.0143602	0
0.0145038	0
0.0146489	0
0.0147954	0
0.0149433	0
0.0150928	0
0.0152437	0
0.0153961	0
0.0155501	0
0.0157056	0
0.0158626	0
0.0160213	0
0.0161815	0
0.0163433	0
0.0165067	0
0.0166718	0
0.0168385	0
0.0170069	0
0.017177	0
0.0173487	0
0.0175222	0
0.0176974	0
0.0178744	0
0.0180532	0
0.0182337	0
0.018416	0
0.0186002	0
0.0187862	0
0.0189741	0
0.0191638	0
0.0193554	0
0.019549	0
0.0197445	0
0.0199419	0
0.0201413	0
0.0203427	0
0.0205462	0
0.0207516	0
0.0209592	0
0.0211687	0
0.0213804	0
0.0215942	0
0.0218102	0
0.0220283	0
0.0222486	0
0.0224711	0
0.0226958	0
0.0229227	0
0.0231519	0
0.0233835	0
0.0236173	0
0.0238535	0
0.024092	0
0.0243329	0
0.0245763	0
0.024822	0
0.0250702	0
0.0253209	0
0.0255742	0
0.0258299	0
0.0260882	0
0.0263491	0
0.0266126	0
0.0268787	0
0.0271475	0
0.027419	0
0.0276931	0
0.0279701	0
0.0282498	0
0.0285323	0
0.0288176	0
0.0291058	0
0.0293968	0
0.0296908	0
0.0299877	0
0.0302876	0
0.0305905	0
0.0308964	0
0.0312053	0
0.0315174	0
0.0318326	0
0.0321509	0
0.0324724	0
0.0327971	0
0.0331251	0
0.0334563	0
0.0337909	0
0.0341288	0
0.0344701	0
0.0348148	0
0.0351629	0
0.0355146	0
0.0358697	0
0.0362284	0
0.0365907	0
0.0369566	0
0.0373262	0
0.0376994	0
0.0380764	0
0.0384572	0
0.0388418	0
0.0392302	0
0.0396225	0
0.0400187	0
0.0404189	0
0.0408231	0
0.0412313	0
0.0416436	0
0.0420601	0
0.0424807	0
0.0429055	0
0.0433345	0
0.0437679	0
0.0442056	0
0.0446476	0
0.0450941	0
0.045545	0
0.0460005	0
0.0464605	0
0.0469251	0
0.0473943	0
0.0478683	0
0.048347	0
0.0488304	0
0.0493187	0
0.0498119	0
0.05031	0
0.0508131	0
0.0513213	0
0.0518345	0
0.0523528	0
0.0528764	0
0.0534051	0
0.0539392	0
0.0544786	0
0.0550234	0
0.0555736	0
0.0561293	0
0.0566906	0
0.0572575	0
0.0578301	0
0.0584084	0
0.0589925	0
0.0595824	0
0.0601782	0
0.06078	0
0.0613878	0
0.0620017	0
0.0626217	0
0.0632479	0
0.0638804	0
0.0645192	0
0.0651644	0
0.065816	0
0.0664742	0
0.0671389	0
0.0678103	0
0.0684884	0
0.0691733	0
0.0698651	0
0.0705637	0
0.0712693	0
0.071982	0
0.0727019	0
0.0734289	0
0.0741632	0
0.0749048	0
0.0756538	0
0.0764104	0
0.0771745	0
0.0779462	0
0.0787257	0
0.079513	0
0.0803081	0
0.0811112	0
0.0819223	0
0.0827415	0
0.0835689	0
0.0844046	0
0.0852486	0
0.0861011	0
0.0869621	0
0.0878318	0
0.0887101	0
0.0895972	0
0.0904932	0
0.0913981	0
0.0923121	0
0.0932352	0
0.0941675	0
0.0951092	0
0.0960603	0
0.0970209	0
0.0979911	0
0.098971	0
0.0999607	0
0.10096	0
0.10197	0
0.10299	0
0.10402	0
0.10506	0
0.10611	0
0.107171	0
0.108243	0
0.109326	0
0.110419	0
0.111523	0
0.112638	0
0.113765	0
0.114902	0
0.116051	0
0.117212	0
0.118384	0
0.119568	0
0.120763	0
0.121971	0
0.123191	0
0.124423	0
0.125667	0
0.126924	0
0.128193	0
0.129475	0
0.13077	0
0.132077	0
0.133398	0
0.134732	0
0.136079	0
0.13744	0
0.138814	0
0.140203	0
0.141605	0
0.143021	0
0.144451	0
0.145895	0
0.147354	0
0.148828	0
0.150316	0
0.151819	0
0.153338	0
0.154871	0
0.15642	0
0.157984	0
0.159564	0
0.161159	0
0.162771	0
0.164399	0
0.166043	0
0.167703	0
0.16938	0
0.171074	0
0.172785	0
0.174512	0
0.176258	0
0.17802	0
0.1798	0
0.181598	0
0.183414	0
0.185248	0
0.187101	0
0.188972	0
0.190862	0
0.19277	0
0.194698	0
0.196645	0
0.198611	0
0.200598	0
0.202604	0
0.20463	0
0.206676	0
0.208743	0
0.21083	0
0.212938	0
0.215068	0
0.217218	0
0.219391	0
0.221584	0
0.2238	0
0.226038	0
0.228299	0
0.230582	0
0.232888	0
0.235216	0
0.237569	0
0.239944	0
0.242344	0
0.244767	0
0.247215	0
0.249687	0
0.252184	0
0.254706	0
0.257253	0
0.259825	0
0.262423	0
0.265048	0
0.267698	0
0.270375	0
0.273079	0
0.27581	0
0.278568	0
0.281354	0
0.284167	0
0.287009	0
0.289879	0
0.292778	0
0.295705	0
0.298662	0
0.301649	0
0.304666	0
0.307712	0
0.310789	0
0.313897	0
0.317036	0
0.320207	0
0.323409	0
0.326643	0
0.329909	0
0.333208	0
0.33654	0
0.339906	0
0.343305	0
0.346738	0
0.350205	0
0.353707	0
0.357244	0
0.360817	0
0.364425	0
0.368069	0
0.37175	0
0.375467	0
0.379222	0
0.383014	0
0.386844	0
0.390713	0
0.39462	0
0.398566	0
0.402552	0
0.406577	0
0.410643	0
0.41475	0
0.418897	0
0.423086	0
0.427317	0
0.43159	0
0.435906	0
0.440265	0
0.444668	0
0.449114	0
0.453605	0
0.458142	0
0.462723	0
0.46735	0
0.472024	0
0.476744	0
0.481511	0
0.486326	0
0.49119	0
0.496102	0
0.501063	0
0.506073	0
0.511134	0
0.516245	0
0.521408	0
0.526622	0
0.531888	0
0.537207	0
0.542579	0
0.548005	0
0.553485	0
0.55902	0
0.56461	0
0.570256	0
0.575959	0
0.581718	0
0.587535	0
0.593411	0
0.599345	0
0.605338	0
0.611392	0
0.617506	0
0.623681	0
0.629917	0
0.636217	0
0.642579	0
0.649005	0
0.655495	0
0.66205	0
0.66867	0
0.675357	0
0.68211	0
0.688931	0
0.695821	0
0.702779	0
0.709807	0
0.716905	0
0.724074	0
0.731315	0
0.738628	0
0.746014	0
0.753474	0
0.761009	0
0.768619	0
0.776305	0
0.784068	0
0.791909	0
0.799828	0
0.807826	0
0.815905	0
0.824064	0
0.832304	0
0.840627	0
0.849034	0
0.857524	0
0.866099	0
0.87476	0
0.883508	0
0.892343	0
0.901266	0
0.910279	0
0.919382	0
0.928575	0
0.937861	0
0.94724	0
0.956712	0
0.966279	0
0.975942	0
0.985702	0
0.995559	0
1.00551	0
1.01557	0
1.02572	0
1.03598	0
1.04634	0
1.05681	0
1.06737	0
1.07805	0
1.08883	0
1.09972	0
1.11071	0
1.12182	0
1.13304	0
1.14437	0
1.15581	0
1.16737	0
1.17904	0
1.19083	0
1.20274	0
1.21477	0
1.22692	0
1.23919	0
1.25158	0
1.2641	0
1.27674	0
1.2895	0
1.3024	0
1.31542	0
1.32858	0
1.34186	0
1.35528	0
1.36883	0
1.38252	0
1.39635	0
1.41031	0
1.42441	0
1.43866	0
1.45304	0
1.46758	0
1.48225	0
1.49707	0
1.51204	0
1.52716	0
1.54244	0
1.55786	0
1.57344	0
1.58917	0
1.60507	0
1.62112	0
1.63733	0
1.6537	0
1.67024	0
1.68694	0
1.70381	0
1.72085	0
1.73806	0
1.75544	0
1.77299	0
1.79072	0
1.80863	0
1.82671	0
1.84498	0
1.86343	0
1.88207	0
1.90089	0
1.9199	0
1.93909	0
1.95848	0
1.97807	0
1.99785	0
2.01783	0
2.03801	0
2.05839	0
2.07897	0
2.09976	0
2.12076	0
2.14197	0
2.16339	0
2.18502	0
2.20687	0
2.22894	0
2.25123	0
2.27374	0
2.29648	0
2.31944	0
2.34264	0
2.36606	0
2.38972	0
2.41362	0
2.43776	0
2.46213	0
2.48676	0
2.51162	0
2.53674	0
2.56211	0
2.58773	0
2.61361	0
2.63974	0
2.66614	0
2.6928	0
2.71973	0
2.74693	0
2.7744	0
2.80214	0
2.83016	0
2.85846	0
2.88705	0
2.91592	0
2.94508	0
2.97453	0
3.00427	0
3.03432	0
3.06466	0
3.0953	0
3.12626	0
3.15752	0
3.1891	0
3.22099	0
3.2532	0
3.28573	0
3.31859	0
3.35177	0
3.38529	0
3.41914	0
3.45333	0
3.48787	0
3.52275	0
3.55797	0
3.59355	0
3.62949	0
3.66578	0
3.70244	0
3.73947	0
3.77686	0
3.81463	0
3.85277	0
3.8913	0
3.93022	0
3.96952	0
4.00921	0
4.04931	0
4.0898	0
4.1307	0
4.172	0
4.21372	0
4.25586	0
4.29842	0
4.3414	0
4.38482	0
4.42867	0
4.47295	0
4.51768	0
4.56286	0
4.60849	0
4.65457	0
4.70112	0
4.74813	0
4.79561	0
4.84357	0
4.892	0
4.94092	0
4.99033	0
5.04023	0
5.09064	0
5.14154	0
5.19296	0
5.24489	0
5.29734	0
5.35031	0
5.40381	0
5.45785	0
5.51243	0
5.56755	0
5.62323	0
5.67946	0
5.73626	0
5.79362	0
5.85156	0
5.91007	0
5.96917	0
6.02886	0
6.08915	0
6.15004	0
6.21154	0
6.27366	0
6.3364	0
6.39976	0
6.46376	0
6.5284	0
6.59368	0
6.65962	0
6.72621	0
6.79347	0
6.86141	0
6.93002	0
6.99932	0
7.06932	0
7.14001	0
7.21141	0
7.28352	0
7.35636	0
7.42992	0
7.50422	0
7.57926	0
7.65506	0
7.73161	0
7.80892	0
7.88701	0
7.96588	0
8.04554	0
8.126	0
8.20726	0
8.28933	0
8.37222	0
8.45595	0
8.5405	0
8.62591	0
8.71217	0
8.79929	0
8.88728	0
8.97616	0
9.06592	0
9.15658	0
9.24814	0
9.34062	0
9.43403	0
9.52837	0
9.62365	0
9.71989	0
9.81709	0
9.91526	0
10.0144	0
10.1146	0
10.2157	0
10.3179	0
10.421	0
10.5252	0
10.6305	0
10.7368	0
10.8442	0
10.9526	0
11.0621	0
11.1728	0
11.2845	0
11.3973	0
11.5113	0
11.6264	0
11.7427	0
11.8601	0
11.9787	0
12.0985	0
12.2195	0
12.3417	0
12.4651	0
12.5898	0
12.7156	0
12.8428	0
12.9712	0
13.1009	0
13.232	0
13.3643	0
13.4979	0
13.6329	0
13.7692	0
13.9069	0
14.046	0
14.1864	0
14.3283	0
14.4716	0
14.6163	0
14.7625	0
14.9101	0
15.0592	0
15.2098	0
15.3619	0
15.5155	0
15.6707	0
15.8274	0
15.9856	0
16.1455	0
16.307	0
16.47	0
16.6347	0
16.8011	0
16.9691	0
17.1388	0
17.3102	0
17.4833	0
17.6581	0
17.8347	0
18.013	0
18.1932	0
18.3751	0
18.5588	0
18.7444	0
18.9319	0
19.1212	0
19.3124	0
19.5055	0
19.7006	0
19.8976	0
20.0966	0
20.2975	0
20.5005	0
20.7055	0
20.9126	0
21.1217	0
21.3329	0
21.5462	0
21.7617	0
21.9793	0
22.1991	0
22.4211	0
22.6453	0
22.8718	0
23.1005	0
23.3315	0
23.5648	0
23.8004	0
24.0384	0
24.2788	0
24.5216	0
24.7668	0
25.0145	0
25.2647	0
25.5173	0
25.7725	0
26.0302	0
26.2905	0
26.5534	0
26.8189	0
27.0871	0
27.358	0
27.6316	0
27.9079	0
28.187	0
28.4688	0
28.7535	0
29.0411	0
29.3315	0
29.6248	0
29.921	0
30.2202	0
30.5225	0
30.8277	0
31.136	0
31.4473	0
31.7618	0
32.0794	0
32.4002	0
32.7242	0
33.0514	0
33.382	0
33.7158	0
34.0529	0
34.3935	0
34.7374	0
35.0848	0
35.4356	0
35.79	0
36.1479	0
36.5094	0
36.8744	0
37.2432	0
37.6156	0
37.9918	0
38.3717	0
38.7554	0
39.143	0
39.5344	0
39.9297	0
40.329	0
40.7323	0
41.1397	0
41.551	0
41.9666	0
42.3862	0
42.8101	0
43.2382	0
43.6706	0
44.1073	0
44.5483	0
44.9938	0
45.4438	0
45.8982	0
46.3572	0
46.8208	0
47.289	0
47.7619	0
48.2395	0
48.7219	0
49.2091	0
49.7012	0
50.1982	0
50.7002	0
51.2072	0
51.7192	0
52.2364	0
52.7588	0
53.2864	0
53.8193	0
54.3574	0
54.901	0
55.45	0
56.0045	0
56.5646	0
57.1302	0
57.7015	0
58.2785	0
58.8613	0
59.4499	0
60.0444	0
60.6449	0
61.2513	0
61.8638	0
62.4825	0
63.1073	0
63.7384	0
64.3758	0
65.0195	0
65.6697	0
66.3264	0
66.9897	0
67.6596	0
68.3362	0
69.0195	0
69.7097	0
70.4068	0
71.1109	0
71.822	0
72.5402	0
73.2656	0
73.9983	0
74.7383	0
75.4857	0
76.2405	0
77.0029	0
77.7729	0
78.5507	0
79.3362	0
80.1295	0
80.9308	0
81.7401	0
82.5575	0
83.3831	0
84.217	0
85.0591	0
85.9097	0
86.7688	0
87.6365	0
88.5129	0
89.398	0
90.292	0
91.1949	0
92.1068	0
93.0279	0
93.9582	0
94.8978	0
95.8467	0
96.8052	0
97.7733	0
98.751	0
99.7385	0
100.736	0
101.743	0
102.761	0
103.788	0
104.826	0
105.874	0
106.933	0
108.003	0
109.083	0
110.173	0
111.275	0
112.388	0
113.512	0
114.647	0
115.793	0
116.951	0
118.121	0
119.302	0
120.495	0
121.7	0
122.917	0
124.146	0
125.388	0
126.641	0
127.908	0
129.187	0
130.479	0
131.784	0
133.101	0
134.432	0
135.777	0
137.135	0
138.506	0
139.891	0
141.29	0
142.703	0
144.13	0
145.571	0
147.027	0
148.497	0
149.982	0
151.482	0
152.997	0
154.527	0
156.072	0
157.633	0
159.209	0
160.801	0
162.409	0
164.033	0
165.673	0
167.33	0
169.003	0
170.694	0
172.4	0
174.124	0
175.866	0
177.624	0
179.401	0
181.195	0
183.007	0
184.837	0
186.685	0
188.552	0
190.437	0
192.342	0
194.265	0
196.208	0
198.17	0
200.152	0
202.153	0
204.175	0
206.216	0
208.279	0
210.361	0
212.465	0
214.59	0
216.735	0
218.903	0
221.092	0
223.303	0
225.536	0
227.791	0
230.069	0
232.37	0
234.693	0
237.04	0
239.411	0
241.805	0
244.223	0
246.665	0
249.132	0
251.623	0
254.139	0
256.681	0
259.248	0
261.84	0
264.458	0
267.103	0
269.774	0
272.472	0
275.197	0
277.949	0
280.728	0
283.535	0
286.371	0
289.234	0
292.127	0
295.048	0
297.998	0
300.978	0
303.988	0
307.028	0
310.098	0
313.199	0
316.331	0
319.495	0
322.69	0
325.917	0
329.176	0
332.467	0
335.792	0
339.15	0
342.542	0
345.967	0
349.427	0
352.921	0
356.45	0
360.015	0
363.615	0
367.251	0
370.923	0
374.633	0
378.379	0
382.163	0
385.984	0
389.844	0
393.743	0
397.68	0
401.657	0
405.673	0
409.73	0
413.827	0
417.966	0
422.145	0
426.367	0
430.631	0
434.937	0
439.286	0
443.679	0
448.116	0
452.597	0
457.123	0
461.694	0
466.311	0
470.974	0
475.684	0
480.441	0
485.245	0
490.098	0
494.999	0
499.949	0
504.948	0
509.998	0
515.098	0
520.249	0
525.451	0
530.706	0
536.013	0
541.373	0
546.787	0
552.254	0
557.777	0
563.355	0
568.988	0
574.678	0
580.425	0
586.229	0
592.091	0
598.012	0
603.992	0
610.032	0
616.133	0
622.294	0
628.517	0
634.802	0
641.15	0
647.562	0
654.037	0
660.578	0
667.183	0
673.855	0
680.594	0
687.4	0
694.274	0
701.217	0
708.229	0
715.311	0
722.464	0
729.689	0
736.986	0
744.355	0
751.799	0
759.317	0
766.91	0
774.579	0
782.325	0
790.148	0
798.05	0
806.03	0
814.091	0
822.232	0
830.454	0
838.758	0
847.146	0
855.617	0
864.174	0
872.815	0
881.543	0
890.359	0
899.262	0
908.255	0
917.338	0
926.511	0
935.776	0
945.134	0
954.585	0
964.131	0
973.772	0
983.51	0
993.345	0
1003.28	0
1013.31	0
1023.44	0
1033.68	0
1044.02	0
1054.46	0
1065	0
1075.65	0
1086.41	0
1097.27	0
1108.24	0
1119.33	0
1130.52	0
1141.82	0
1153.24	0
1164.78	0
1176.42	0
1188.19	0
1200.07	0
1212.07	0
1224.19	0
1236.43	0
1248.8	0
1261.28	0
1273.9	0
1286.64	0
1299.5	0
1312.5	0
1325.62	0
1338.88	0
1352.27	0
1365.79	0
1379.45	0
1393.24	0
1407.18	0
1421.25	0
1435.46	0
1449.81	0
1464.31	0
1478.96	0
1493.75	0
1508.68	0
1523.77	0
1539.01	0
1554.4	0
1569.94	0
1585.64	0
1601.5	0
1617.51	0
1633.69	0
1650.02	0
1666.52	0
1683.19	0
1700.02	0
1717.02	0
1734.19	0
1751.53	0
1769.05	0
1786.74	0
1804.61	0
1822.65	0
1840.88	0
1859.29	0
1877.88	0
1896.66	0
1915.63	0
1934.78	0
1954.13	0
1973.67	0
1993.41	0
2013.34	0
2033.48	0
2053.81	0
2074.35	0
2095.09	0
2116.04	0
2137.2	0
2158.58	0
2180.16	0
2201.96	0
2223.98	0
2246.22	0
2268.69	0
2291.37	0
2314.29	0
2337.43	0
2360.8	0
2384.41	0
2408.26	0
2432.34	0
2456.66	0
2481.23	0
2506.04	0
2531.1	0
2556.41	0
2581.98	0
2607.8	0
2633.87	0
2660.21	0
2686.81	0
2713.68	0
2740.82	0
2768.23	0
2795.91	0
2823.87	0
2852.11	0
2880.63	0
2909.43	0
2938.53	0
2967.91	0
2997.59	0
3027.57	0
3057.84	0
3088.42	0
3119.31	0
3150.5	0
3182.01	0
3213.83	0
3245.96	0
3278.42	0
3311.21	0
3344.32	0
3377.76	0
3411.54	0
3445.66	0
3480.11	0
3514.91	0
3550.06	0
3585.56	0
3621.42	0
3657.63	0
3694.21	0
3731.15	0
3768.46	0
3806.15	0
3844.21	0
3882.65	0
3921.48	0
3960.69	0
4000.3	0
4040.3	0
4080.71	0
4121.51	0
4162.73	0
4204.36	0
4246.4	0
4288.86	0
4331.75	0
4375.07	0
4418.82	0
4463.01	0
4507.64	0
4552.71	0
4598.24	0
4644.22	0
4690.67	0
4737.57	0
4784.95	0
4832.8	0
4881.13	0
4929.94	0
4979.24	0
5029.03	0
5079.32	0
5130.11	0
5181.41	0
5233.23	0
5285.56	0
5338.42	0
5391.8	0
5445.72	0
5500.17	0
5555.18	0
5610.73	0
5666.84	0
5723.5	0
5780.74	0
5838.55	0
5896.93	0
5955.9	0
6015.46	0
6075.61	0
6136.37	0
6197.73	0
6259.71	0
6322.31	0
6385.53	0
6449.39	0
6513.88	0
6579.02	0
6644.81	0
6711.26	0
6778.37	0
6846.16	0
6914.62	0
6983.76	0
7053.6	0
7124.14	0
7195.38	0
7267.33	0
7340	0
7413.4	0
7487.54	0
7562.41	0
7638.04	0
7714.42	0
7791.56	0
7869.48	0
7948.17	0
8027.66	0
8107.93	0
8189.01	0
8270.9	0
8353.61	0
8437.15	0
8521.52	0
8606.73	0
8692.8	0
8779.73	0
8867.53	0
8956.2	0
9045.76	0
9136.22	0
9227.58	0
9319.86	0
9413.06	0
9507.19	0
9602.26	0
9698.28	0
9795.26	0
9893.22	0
9992.15	0
10092.1	8.72668e+53
10193	8.07814e+53
10294.9	7.47206e+53
10397.9	6.9061e+53
10501.8	6.37803e+53
10606.9	5.88568e+53
10712.9	5.42701e+53
10820.1	5.00005e+53
10928.3	4.60294e+53
11037.5	4.23388e+53
11147.9	3.89119e+53
11259.4	3.57324e+53
11372	3.27849e+53
11485.7	3.00549e+53
11600.6	2.75284e+53
11716.6	2.51923e+53
11833.7	2.30342e+53
11952.1	2.10423e+53
12071.6	1.92053e+53
12192.3	1.75129e+53
12314.2	1.59549e+53
12437.4	1.45222e+53
12561.8	1.32057e+53
12687.4	1.19973e+53
12814.3	1.08891e+53
12942.4	9.87372e+52
13071.8	8.94435e+52
13202.5	8.09452e+52
13334.6	7.31817e+52
13467.9	6.60968e+52
13602.6	5.96374e+52
13738.6	5.37545e+52
13876	4.8402e+52
14014.8	4.35371e+52
14154.9	3.91201e+52
14296.5	3.51139e+52
14439.4	3.14842e+52
14583.8	2.81992e+52
14729.7	2.52294e+52
14876.9	2.25474e+52
15025.7	2.01281e+52
15176	1.79482e+52
15327.7	1.59862e+52
15481	1.42223e+52
15635.8	1.26384e+52
15792.2	1.12177e+52
15950.1	9.94501e+51
16109.6	8.80616e+51
16270.7	7.78834e+51
16433.4	6.87978e+51
16597.7	6.06973e+51
16763.7	5.34842e+51
16931.4	4.70693e+51
17100.7	4.13713e+51
17271.7	3.63166e+51
17444.4	3.18383e+51
17618.8	2.78759e+51
17795	2.43745e+51
17973	2.12846e+51
18152.7	1.85614e+51
18334.2	1.61647e+51
18517.6	1.40582e+51
18702.8	1.22093e+51
18889.8	1.05887e+51
19078.7	9.17034e+50
19269.5	7.93063e+50
19462.2	6.84865e+50
19656.8	5.9057e+50
19853.3	5.0851e+50
20051.9	4.37205e+50
20252.4	3.75335e+50
20454.9	3.21735e+50
20659.5	2.75368e+50
20866.1	2.3532e+50
21074.7	2.00784e+50
21285.5	1.71047e+50
21498.3	1.45483e+50
21713.3	1.23541e+50
21930.4	1.04739e+50
22149.8	8.86532e+49
22371.2	7.49141e+49
22595	6.31986e+49
22820.9	5.32256e+49
23049.1	4.47501e+49
23279.6	3.75596e+49
23512.4	3.14698e+49
23747.5	2.63213e+49
23985	2.19761e+49
24224.9	1.83155e+49
24467.1	1.5237e+49
24711.8	1.2653e+49
24958.9	1.04878e+49
25208.5	8.67696e+48
25460.6	7.16532e+48
25715.2	5.90582e+48
25972.3	4.85839e+48
26232	3.98901e+48
26494.4	3.2688e+48
26759.3	2.67335e+48
27026.9	2.18201e+48
27297.2	1.77739e+48
27570.1	1.44487e+48
27845.8	1.17214e+48
28124.3	9.48929e+47
28405.5	7.66614e+47
28689.6	6.18019e+47
28976.5	4.97163e+47
29266.3	3.99079e+47
29558.9	3.19649e+47
29854.5	2.55466e+47
30153.1	2.03717e+47
30454.6	1.62086e+47
30759.1	1.28671e+47
31066.7	1.01912e+47
31377.4	8.05307e+46
31691.2	6.3487e+46
32008.1	4.99326e+46
32328.2	3.91787e+46
32651.4	3.0667e+46
32978	2.39463e+46
33307.7	1.86526e+46
33640.8	1.44932e+46
33977.2	1.12332e+46
34317	8.68446e+45
34660.2	6.69693e+45
35006.8	5.15097e+45
35356.8	3.95158e+45
35710.4	3.02351e+45
36067.5	2.30728e+45
36428.2	1.75599e+45
36792.5	1.33281e+45
37160.4	1.00885e+45
37532	7.6153e+44
37907.3	5.73237e+44
38286.4	4.30286e+44
38669.3	3.22066e+44
39055.9	2.40372e+44
39446.5	1.7888e+44
39841	1.32729e+44
40239.4	9.81943e+43
40641.8	7.2428e+43
41048.2	5.32617e+43
41458.7	3.9048e+43
41873.3	2.85393e+43
42292	2.0794e+43
42714.9	1.51031e+43
43142.1	1.0935e+43
43573.5	7.89181e+42
44009.2	5.67714e+42
44449.3	4.07063e+42
44893.8	2.90911e+42
45342.7	2.07209e+42
45796.2	1.47094e+42
46254.1	1.04065e+42
46716.7	7.33706e+41
47183.8	5.15504e+41
47655.7	3.60927e+41
48132.2	2.51808e+41
48613.6	1.75052e+41
49099.7	1.21254e+41
49590.7	8.36835e+40
50086.6	5.75421e+40
50587.5	3.94199e+40
51093.3	2.69038e+40
51604.3	1.82921e+40
52120.3	1.23894e+40
52641.5	8.35897e+39
53167.9	5.61771e+39
53699.6	3.76055e+39
54236.6	2.50733e+39
54779	1.66503e+39
55326.8	1.1012e+39
55880	7.25313e+38
56438.8	4.75755e+38
57003.2	3.10757e+38
57573.2	2.02125e+38
58149	1.30907e+38
58730.5	8.44171e+37
59317.8	5.42006e+37
59911	3.4647e+37
60510.1	2.20493e+37
61115.2	1.39692e+37
61726.3	8.81009e+36
62343.6	5.53092e+36
62967	3.45625e+36
63596.7	2.14972e+36
64232.6	1.33079e+36
64875	8.19905e+35
65523.7	5.02721e+35
66179	3.06746e+35
66840.8	1.8625e+35
67509.2	1.12528e+35
68184.3	6.76466e+34
68866.1	4.04608e+34
69554.8	2.4077e+34
70250.3	1.42537e+34
70952.8	8.39439e+33
71662.3	4.91771e+33
72379	2.86567e+33
73102.7	1.66095e+33
73833.8	9.57484e+32
74572.1	5.48941e+32
75317.8	3.12979e+32
76071	1.77451e+32
76831.7	1.00043e+32
77600	5.60818e+31
78376	3.12575e+31
79159.8	1.73205e+31
79951.4	9.54145e+30
80750.9	5.22507e+30
81558.4	2.84424e+30
82374	1.53891e+30
83197.7	8.27567e+29
84029.7	4.42295e+29
84870	2.34916e+29
85718.7	1.23988e+29
86575.9	6.50252e+28
87441.7	3.38839e+28
88316.1	1.75424e+28
89199.2	9.02269e+27
90091.2	4.61009e+27
90992.1	2.3398e+27
91902.1	1.17955e+27
92821.1	5.90596e+26
93749.3	2.9368e+26
94686.8	1.45023e+26
95633.7	7.11126e+25
96590	3.46239e+25
97555.9	1.67375e+25
98531.5	8.03273e+24
99516.8	3.82701e+24
