5.29056e+12	5.42685e+45
7.05408e+12	9.64804e+45
8.8176e+12	1.50759e+46
1.05811e+13	2.16931e+46
1.23446e+13	2.95293e+46
1.41082e+13	3.85418e+46
1.58717e+13	4.87091e+46
1.76352e+13	6.00938e+46
1.93987e+13	7.27231e+46
2.11622e+13	8.64899e+46
2.29258e+13	1.01522e+47
2.46893e+13	1.17667e+47
2.64528e+13	1.34784e+47
2.82163e+13	1.53262e+47
2.99798e+13	1.72915e+47
3.17434e+13	1.93743e+47
3.35069e+13	2.15411e+47
3.52704e+13	2.3855e+47
3.70339e+13	2.62858e+47
3.87974e+13	2.87886e+47
4.0561e+13	3.14489e+47
4.23245e+13	3.41448e+47
4.4088e+13	3.70307e+47
4.58515e+13	4.00329e+47
4.7615e+13	4.30493e+47
4.93785e+13	4.62754e+47
5.11421e+13	4.94999e+47
5.29056e+13	5.29062e+47
5.46691e+13	5.63799e+47
5.64326e+13	6.00016e+47
5.81961e+13	6.36331e+47
5.99597e+13	6.75211e+47
6.17232e+13	7.13535e+47
6.34867e+13	7.53989e+47
6.52502e+13	7.94273e+47
6.70137e+13	8.35508e+47
6.87773e+13	8.79018e+47
7.05408e+13	9.2216e+47
7.23043e+13	9.67742e+47
7.40678e+13	1.01193e+48
7.58313e+13	1.05783e+48
7.75949e+13	1.10637e+48
7.93584e+13	1.15412e+48
8.11219e+13	1.20177e+48
8.28854e+13	1.25125e+48
8.46489e+13	1.30253e+48
8.64125e+13	1.35378e+48
8.8176e+13	1.4047e+48
8.99395e+13	1.4576e+48
9.1703e+13	1.51006e+48
9.34665e+13	1.56572e+48
9.52301e+13	1.6211e+48
9.69936e+13	1.67588e+48
9.87571e+13	1.73138e+48
1.00521e+14	1.78757e+48
1.02284e+14	1.84606e+48
1.04048e+14	1.90367e+48
1.05811e+14	1.9651e+48
1.07575e+14	2.02418e+48
1.09338e+14	2.08391e+48
1.11102e+14	2.1443e+48
1.12865e+14	2.20532e+48
1.14629e+14	2.26698e+48
1.16392e+14	2.32927e+48
1.18156e+14	2.39011e+48
1.19919e+14	2.45356e+48
1.21683e+14	2.51761e+48
1.23446e+14	2.58227e+48
1.2521e+14	2.64517e+48
1.26973e+14	2.70664e+48
1.28737e+14	2.77281e+48
1.305e+14	2.83705e+48
1.32264e+14	2.90432e+48
1.34027e+14	2.97209e+48
1.35791e+14	3.03766e+48
1.37555e+14	3.10647e+48
1.39318e+14	3.17291e+48
1.41082e+14	3.23742e+48
1.42845e+14	3.30457e+48
1.44609e+14	3.37199e+48
1.46372e+14	3.44291e+48
1.48136e+14	3.51116e+48
1.49899e+14	3.57716e+48
1.51663e+14	3.64594e+48
1.53426e+14	3.71501e+48
1.5519e+14	3.78438e+48
1.56953e+14	3.85132e+48
1.58717e+14	3.92726e+48
1.6048e+14	3.99749e+48
1.62244e+14	4.06144e+48
1.64007e+14	4.13582e+48
1.65771e+14	4.20678e+48
1.67534e+14	4.27096e+48
1.69298e+14	4.34217e+48
1.71061e+14	4.41355e+48
1.72825e+14	4.47784e+48
1.74588e+14	4.54948e+48
1.76352e+14	4.62564e+48
1.78115e+14	4.69002e+48
1.79879e+14	4.76209e+48
1.81643e+14	4.82637e+48
1.83406e+14	4.89861e+48
1.8517e+14	4.96272e+48
1.86933e+14	5.035e+48
1.88697e+14	5.10744e+48
1.9046e+14	5.1714e+48
1.92224e+14	5.24382e+48
1.93987e+14	5.30755e+48
1.95751e+14	5.37992e+48
1.97514e+14	5.44338e+48
1.99278e+14	5.51575e+48
2.01041e+14	5.57891e+48
2.02805e+14	5.63629e+48
2.04568e+14	5.70834e+48
2.06332e+14	5.77079e+48
2.08095e+14	5.84271e+48
2.09859e+14	5.90476e+48
2.11622e+14	5.97655e+48
2.13386e+14	6.03807e+48
2.15149e+14	6.10958e+48
2.16913e+14	6.17078e+48
2.18676e+14	6.23158e+48
2.2044e+14	6.30258e+48
2.22203e+14	6.35628e+48
2.23967e+14	6.41612e+48
2.25731e+14	6.48647e+48
2.27494e+14	6.54578e+48
2.29258e+14	6.61566e+48
2.31021e+14	6.67425e+48
2.32785e+14	6.73254e+48
2.34548e+14	6.80174e+48
2.36312e+14	6.85202e+48
2.38075e+14	6.90903e+48
2.39839e+14	6.97742e+48
2.41602e+14	7.03366e+48
2.43366e+14	7.08951e+48
2.45129e+14	7.14494e+48
2.46893e+14	7.21202e+48
2.48656e+14	7.26658e+48
2.5042e+14	7.31263e+48
2.52183e+14	7.37885e+48
2.53947e+14	7.43196e+48
2.5571e+14	7.48456e+48
2.57474e+14	7.53678e+48
2.59237e+14	7.60133e+48
2.61001e+14	7.65261e+48
2.62764e+14	7.70317e+48
2.64528e+14	7.75337e+48
2.66291e+14	7.81646e+48
2.68055e+14	7.85659e+48
2.69819e+14	7.90509e+48
2.71582e+14	7.95296e+48
2.73346e+14	8.00031e+48
2.75109e+14	8.06116e+48
2.76873e+14	8.1074e+48
2.78636e+14	8.15298e+48
2.804e+14	8.19814e+48
2.82163e+14	8.24259e+48
2.83927e+14	8.28642e+48
2.8569e+14	8.35684e+48
2.87454e+14	8.39964e+48
2.89217e+14	8.44187e+48
2.90981e+14	8.48342e+48
2.92744e+14	8.52425e+48
2.94508e+14	8.56555e+48
2.96271e+14	8.6203e+48
2.98035e+14	8.66035e+48
2.99798e+14	8.6987e+48
3.01562e+14	8.73752e+48
3.03325e+14	8.77441e+48
3.05089e+14	8.81179e+48
3.06852e+14	8.8485e+48
3.08616e+14	8.90049e+48
3.10379e+14	8.93595e+48
3.12143e+14	8.97069e+48
3.13906e+14	9.00475e+48
3.1567e+14	9.03927e+48
3.17434e+14	9.07205e+48
3.19197e+14	9.10516e+48
3.20961e+14	9.13643e+48
3.22724e+14	9.16818e+48
3.24488e+14	9.19918e+48
3.26251e+14	9.24635e+48
3.28015e+14	9.27591e+48
3.29778e+14	9.30494e+48
3.31542e+14	9.33319e+48
3.33305e+14	9.36205e+48
3.35069e+14	9.38891e+48
3.36832e+14	9.41625e+48
3.38596e+14	9.4429e+48
3.40359e+14	9.46752e+48
3.42123e+14	9.49284e+48
3.43886e+14	9.51719e+48
3.4565e+14	9.54104e+48
3.47413e+14	9.56537e+48
3.49177e+14	9.60524e+48
3.5094e+14	9.62701e+48
3.52704e+14	9.64923e+48
3.54467e+14	9.67069e+48
3.56231e+14	9.69012e+48
3.57994e+14	9.71025e+48
3.59758e+14	9.72947e+48
3.61522e+14	9.74812e+48
3.63285e+14	9.76739e+48
3.65049e+14	9.78451e+48
3.66812e+14	9.80224e+48
3.68576e+14	9.81789e+48
3.70339e+14	9.83422e+48
3.72103e+14	9.84979e+48
3.73866e+14	9.86476e+48
3.7563e+14	9.87879e+48
3.77393e+14	9.89221e+48
3.79157e+14	9.90501e+48
3.8092e+14	9.91842e+48
3.82684e+14	9.9296e+48
3.84447e+14	9.94157e+48
3.86211e+14	9.97043e+48
3.87974e+14	9.9958e+48
3.89738e+14	1.00056e+49
3.91501e+14	1.00148e+49
3.93265e+14	1.00249e+49
3.95028e+14	1.00326e+49
3.96792e+14	1.00396e+49
3.98555e+14	1.00475e+49
4.00319e+14	1.00545e+49
4.02082e+14	1.00594e+49
4.03846e+14	1.00651e+49
4.0561e+14	1.00702e+49
4.07373e+14	1.00759e+49
4.09137e+14	1.00795e+49
4.109e+14	1.00825e+49
4.12664e+14	1.00863e+49
4.14427e+14	1.00877e+49
4.16191e+14	1.00901e+49
4.17954e+14	1.00917e+49
4.19718e+14	1.00927e+49
4.21481e+14	1.0093e+49
4.23245e+14	1.00926e+49
4.25008e+14	1.00915e+49
4.26772e+14	1.00914e+49
4.28535e+14	1.00889e+49
4.30299e+14	1.00875e+49
4.32062e+14	1.00853e+49
4.33826e+14	1.00825e+49
4.35589e+14	1.0079e+49
4.37353e+14	1.00747e+49
4.39116e+14	1.00699e+49
4.4088e+14	1.00646e+49
4.42643e+14	1.006e+49
4.44407e+14	1.00735e+49
4.4617e+14	1.00676e+49
4.47934e+14	1.00612e+49
4.49698e+14	1.00526e+49
4.51461e+14	1.00449e+49
4.53225e+14	1.00383e+49
4.54988e+14	1.00293e+49
4.56752e+14	1.00197e+49
4.58515e+14	1.00112e+49
4.60279e+14	1.00003e+49
4.62042e+14	9.99047e+48
4.63806e+14	9.97831e+48
4.65569e+14	9.96744e+48
4.67333e+14	9.95584e+48
4.69096e+14	9.94362e+48
4.7086e+14	9.93263e+48
4.72623e+14	9.91917e+48
4.74387e+14	9.90516e+48
4.7615e+14	9.89234e+48
4.77914e+14	9.89158e+48
4.79677e+14	9.87761e+48
4.81441e+14	9.86295e+48
4.83204e+14	9.86845e+48
4.84968e+14	9.85262e+48
4.86731e+14	9.83641e+48
4.88495e+14	9.8195e+48
4.90258e+14	9.80395e+48
4.92022e+14	9.78591e+48
4.93785e+14	9.76923e+48
4.95549e+14	9.75006e+48
4.97313e+14	9.73219e+48
4.99076e+14	9.71382e+48
5.0084e+14	9.695e+48
5.02603e+14	9.67539e+48
5.04367e+14	9.65549e+48
5.0613e+14	9.63493e+48
5.07894e+14	9.61574e+48
5.09657e+14	9.61475e+48
5.11421e+14	9.59451e+48
5.13184e+14	9.57169e+48
5.14948e+14	9.55054e+48
5.16711e+14	9.5287e+48
5.18475e+14	9.50639e+48
5.20238e+14	9.48368e+48
5.22002e+14	9.46036e+48
5.23765e+14	9.43649e+48
5.25529e+14	9.41414e+48
5.27292e+14	9.38943e+48
5.29056e+14	9.38666e+48
5.30819e+14	9.36081e+48
5.32583e+14	9.33651e+48
5.34346e+14	9.31183e+48
5.3611e+14	9.28659e+48
5.37873e+14	9.26091e+48
5.39637e+14	9.23472e+48
5.41401e+14	9.20805e+48
5.43164e+14	9.18101e+48
5.44928e+14	9.17591e+48
5.46691e+14	9.14787e+48
5.48455e+14	9.12146e+48
5.50218e+14	9.09252e+48
5.51982e+14	9.06517e+48
5.53745e+14	9.03748e+48
5.55509e+14	9.00939e+48
5.57272e+14	9.00103e+48
5.59036e+14	8.97193e+48
5.60799e+14	8.95519e+48
5.62563e+14	8.92526e+48
5.64326e+14	8.89702e+48
5.6609e+14	8.8664e+48
5.67853e+14	8.83741e+48
5.69617e+14	8.82587e+48
5.7138e+14	8.79606e+48
5.73144e+14	8.7659e+48
5.74907e+14	8.73524e+48
5.76671e+14	8.70209e+48
5.78434e+14	8.67296e+48
5.80198e+14	8.66098e+48
5.81961e+14	8.62878e+48
5.83725e+14	8.59631e+48
5.85489e+14	8.56547e+48
5.87252e+14	8.53226e+48
5.89016e+14	8.52043e+48
5.90779e+14	8.48646e+48
5.92543e+14	8.45417e+48
5.94306e+14	8.42157e+48
5.9607e+14	8.38872e+48
5.97833e+14	8.37503e+48
5.99597e+14	8.34134e+48
6.0136e+14	8.30736e+48
6.03124e+14	8.27312e+48
6.04887e+14	8.23847e+48
6.06651e+14	8.22504e+48
6.08414e+14	8.18976e+48
6.10178e+14	8.1563e+48
6.11941e+14	8.12035e+48
6.13705e+14	8.10547e+48
6.15468e+14	8.07112e+48
6.17232e+14	8.0364e+48
6.18995e+14	8.00134e+48
6.20759e+14	7.96607e+48
6.22522e+14	7.94947e+48
6.24286e+14	7.91358e+48
6.26049e+14	7.87744e+48
6.27813e+14	7.84304e+48
6.29577e+14	7.82526e+48
6.3134e+14	7.79028e+48
6.33104e+14	7.75869e+48
6.34867e+14	7.727e+48
6.36631e+14	7.6969e+48
6.38394e+14	7.67486e+48
6.40158e+14	7.64422e+48
6.41921e+14	7.61138e+48
6.43685e+14	7.58019e+48
6.45448e+14	7.54881e+48
6.47212e+14	7.51921e+48
6.48975e+14	7.48724e+48
6.50739e+14	7.45497e+48
6.52502e+14	7.42467e+48
6.54266e+14	7.39193e+48
6.56029e+14	7.36106e+48
6.57793e+14	7.32782e+48
6.59556e+14	7.29655e+48
6.6132e+14	7.265e+48
6.63083e+14	7.23503e+48
6.64847e+14	7.20305e+48
6.6661e+14	7.17076e+48
6.68374e+14	7.1383e+48
6.70137e+14	7.10737e+48
6.71901e+14	7.0744e+48
6.73664e+14	7.04524e+48
6.75428e+14	7.01192e+48
6.77192e+14	6.97834e+48
6.78955e+14	6.94843e+48
6.80719e+14	6.91447e+48
6.82482e+14	6.88417e+48
6.84246e+14	6.85372e+48
6.86009e+14	6.82125e+48
6.87773e+14	6.79047e+48
6.89536e+14	6.75936e+48
6.913e+14	6.7263e+48
6.93063e+14	6.69479e+48
6.94827e+14	6.66314e+48
6.9659e+14	6.63131e+48
6.98354e+14	6.59752e+48
7.00117e+14	6.56746e+48
7.01881e+14	6.53507e+48
7.03644e+14	6.50463e+48
7.05408e+14	6.47195e+48
7.07171e+14	6.4411e+48
7.08935e+14	6.41021e+48
7.10698e+14	6.38533e+48
7.12462e+14	6.35398e+48
7.14225e+14	6.32253e+48
7.15989e+14	6.29262e+48
7.17752e+14	6.26082e+48
7.19516e+14	6.22892e+48
7.2128e+14	6.19903e+48
7.23043e+14	6.16838e+48
7.24807e+14	6.13601e+48
7.2657e+14	6.10566e+48
7.28334e+14	6.07462e+48
7.30097e+14	6.04395e+48
7.31861e+14	6.01254e+48
7.33624e+14	5.98161e+48
7.35388e+14	5.95219e+48
7.37151e+14	5.91875e+48
7.38915e+14	5.88898e+48
7.40678e+14	5.8575e+48
7.42442e+14	5.82744e+48
7.44205e+14	5.79732e+48
7.45969e+14	5.76545e+48
7.47732e+14	5.73721e+48
7.49496e+14	5.70661e+48
7.51259e+14	5.67594e+48
7.53023e+14	5.6473e+48
7.54786e+14	5.61636e+48
7.5655e+14	5.58597e+48
7.58313e+14	5.55478e+48
7.60077e+14	5.52574e+48
7.6184e+14	5.49651e+48
7.63604e+14	5.465e+48
7.65368e+14	5.43699e+48
7.67131e+14	5.40749e+48
7.68895e+14	5.37782e+48
7.70658e+14	5.34801e+48
7.72422e+14	5.31815e+48
7.74185e+14	5.28823e+48
7.75949e+14	5.2596e+48
7.77712e+14	5.23156e+48
7.79476e+14	5.20774e+48
7.81239e+14	5.17881e+48
7.83003e+14	5.15054e+48
7.84766e+14	5.12139e+48
7.8653e+14	5.09287e+48
7.88293e+14	5.06437e+48
7.90057e+14	5.03496e+48
7.9182e+14	5.00758e+48
7.93584e+14	4.97876e+48
7.95347e+14	4.95121e+48
7.97111e+14	4.92221e+48
7.98874e+14	4.89453e+48
8.00638e+14	4.86678e+48
8.02401e+14	4.83888e+48
8.04165e+14	4.80959e+48
8.05928e+14	4.78155e+48
8.07692e+14	4.75559e+48
8.09456e+14	4.72749e+48
8.11219e+14	4.6992e+48
8.12983e+14	4.67307e+48
8.14746e+14	4.6468e+48
8.1651e+14	4.61831e+48
8.18273e+14	4.59194e+48
8.20037e+14	4.56331e+48
8.218e+14	4.53682e+48
8.23564e+14	4.51024e+48
8.25327e+14	4.48356e+48
8.27091e+14	4.45682e+48
8.28854e+14	4.43013e+48
8.30618e+14	4.40457e+48
8.32381e+14	4.37766e+48
8.34145e+14	4.35065e+48
8.35908e+14	4.32709e+48
8.37672e+14	4.3e+48
8.39435e+14	4.27292e+48
8.41199e+14	4.24913e+48
8.42962e+14	4.22189e+48
8.44726e+14	4.19799e+48
8.46489e+14	4.17547e+48
8.48253e+14	4.15148e+48
8.50016e+14	4.12619e+48
8.5178e+14	4.09991e+48
8.53543e+14	4.07569e+48
8.55307e+14	4.05024e+48
8.57071e+14	4.02596e+48
8.58834e+14	4.00163e+48
8.60598e+14	3.976e+48
8.62361e+14	3.95161e+48
8.64125e+14	3.92711e+48
8.65888e+14	3.90255e+48
8.67652e+14	3.87804e+48
8.69415e+14	3.85552e+48
8.71179e+14	3.83083e+48
8.72942e+14	3.80827e+48
8.74706e+14	3.78355e+48
8.76469e+14	3.76091e+48
8.78233e+14	3.73607e+48
8.79996e+14	3.71331e+48
8.8176e+14	3.68846e+48
8.83523e+14	3.66563e+48
8.85287e+14	3.6428e+48
8.8705e+14	3.61991e+48
8.88814e+14	3.59694e+48
8.90577e+14	3.57304e+48
8.92341e+14	3.55004e+48
8.94104e+14	3.52706e+48
8.95868e+14	3.50718e+48
8.97631e+14	3.4841e+48
8.99395e+14	3.46102e+48
9.01159e+14	3.43898e+48
9.02922e+14	3.41579e+48
9.04686e+14	3.39575e+48
9.06449e+14	3.37258e+48
9.08213e+14	3.35248e+48
9.09976e+14	3.33282e+48
9.1174e+14	3.31268e+48
9.13503e+14	3.29041e+48
9.15267e+14	3.26913e+48
9.1703e+14	3.24887e+48
9.18794e+14	3.22658e+48
9.20557e+14	3.20525e+48
9.22321e+14	3.18492e+48
9.24084e+14	3.16457e+48
9.25848e+14	3.14417e+48
9.27611e+14	3.12379e+48
9.29375e+14	3.10237e+48
9.31138e+14	3.08191e+48
9.32902e+14	3.06148e+48
9.34665e+14	3.04101e+48
9.36429e+14	3.02255e+48
9.38192e+14	3.00205e+48
9.39956e+14	2.9815e+48
9.41719e+14	2.96096e+48
9.43483e+14	2.94245e+48
9.45247e+14	2.92282e+48
9.4701e+14	2.90425e+48
9.48774e+14	2.88364e+48
9.50537e+14	2.86504e+48
9.52301e+14	2.84646e+48
9.54064e+14	2.82583e+48
9.55828e+14	2.80811e+48
9.57591e+14	2.78946e+48
9.59355e+14	2.77081e+48
9.61118e+14	2.75305e+48
9.62882e+14	2.73432e+48
9.64645e+14	2.71653e+48
9.66409e+14	2.69783e+48
9.68172e+14	2.67912e+48
9.69936e+14	2.6613e+48
9.71699e+14	2.64525e+48
9.73463e+14	2.62735e+48
9.75226e+14	2.60948e+48
9.7699e+14	2.59271e+48
9.78753e+14	2.57481e+48
9.80517e+14	2.55602e+48
9.8228e+14	2.54009e+48
9.84044e+14	2.52218e+48
9.85807e+14	2.50533e+48
9.87571e+14	2.48741e+48
9.89335e+14	2.47145e+48
9.91098e+14	2.45347e+48
9.92862e+14	2.43749e+48
9.94625e+14	2.42145e+48
9.96389e+14	2.40268e+48
9.98152e+14	2.38664e+48
9.99916e+14	2.37064e+48
1.00168e+15	2.35457e+48
1.00344e+15	2.33856e+48
1.00521e+15	2.3225e+48
1.00697e+15	2.30647e+48
1.00873e+15	2.29041e+48
1.0105e+15	2.27436e+48
1.01226e+15	2.2583e+48
1.01402e+15	2.24303e+48
1.01579e+15	2.22696e+48
1.01755e+15	2.21281e+48
1.01931e+15	2.19675e+48
1.02108e+15	2.18069e+48
1.02284e+15	2.16728e+48
1.0246e+15	2.15123e+48
1.02637e+15	2.13515e+48
1.02813e+15	2.12099e+48
1.0299e+15	2.10759e+48
1.03166e+15	2.09348e+48
1.03342e+15	2.08003e+48
1.03519e+15	2.06396e+48
1.03695e+15	2.04979e+48
1.03871e+15	2.03633e+48
1.04048e+15	2.02028e+48
1.04224e+15	2.00684e+48
1.044e+15	1.99337e+48
1.04577e+15	1.97921e+48
1.04753e+15	1.96575e+48
1.04929e+15	1.95159e+48
1.05106e+15	1.93814e+48
1.05282e+15	1.92467e+48
1.05458e+15	1.91052e+48
1.05635e+15	1.89707e+48
1.05811e+15	1.88361e+48
1.05988e+15	1.86946e+48
1.06164e+15	1.85601e+48
1.0634e+15	1.84441e+48
1.06517e+15	1.83093e+48
1.06693e+15	1.81749e+48
1.06869e+15	1.80589e+48
1.07046e+15	1.79242e+48
1.07222e+15	1.77831e+48
1.07398e+15	1.76673e+48
1.07575e+15	1.75328e+48
1.07751e+15	1.74169e+48
1.07927e+15	1.72825e+48
1.08104e+15	1.71664e+48
1.0828e+15	1.70506e+48
1.08456e+15	1.69225e+48
1.08633e+15	1.68068e+48
1.08809e+15	1.66908e+48
1.08986e+15	1.65749e+48
1.09162e+15	1.64549e+48
1.09338e+15	1.63389e+48
1.09515e+15	1.62292e+48
1.09691e+15	1.61133e+48
1.09867e+15	1.59975e+48
1.10044e+15	1.58818e+48
1.1022e+15	1.57721e+48
1.10396e+15	1.56564e+48
1.10573e+15	1.55409e+48
1.10749e+15	1.54312e+48
1.10925e+15	1.53158e+48
1.11102e+15	1.52002e+48
1.11278e+15	1.51085e+48
1.11454e+15	1.49932e+48
1.11631e+15	1.48837e+48
1.11807e+15	1.47686e+48
1.11983e+15	1.46696e+48
1.1216e+15	1.45618e+48
1.12336e+15	1.44592e+48
1.12513e+15	1.43569e+48
1.12689e+15	1.42491e+48
1.12865e+15	1.41487e+48
1.13042e+15	1.40429e+48
1.13218e+15	1.39442e+48
1.13394e+15	1.38438e+48
1.13571e+15	1.37399e+48
1.13747e+15	1.3643e+48
1.13923e+15	1.35446e+48
1.141e+15	1.34478e+48
1.14276e+15	1.33511e+48
1.14452e+15	1.32512e+48
1.14629e+15	1.31562e+48
1.14805e+15	1.30614e+48
1.14981e+15	1.29667e+48
1.15158e+15	1.28837e+48
1.15334e+15	1.27907e+48
1.15511e+15	1.26977e+48
1.15687e+15	1.26048e+48
1.15863e+15	1.25138e+48
1.1604e+15	1.24179e+48
1.16216e+15	1.23285e+48
1.16392e+15	1.22424e+48
1.16569e+15	1.21532e+48
1.16745e+15	1.2064e+48
1.16921e+15	1.19766e+48
1.17098e+15	1.18893e+48
1.17274e+15	1.1802e+48
1.1745e+15	1.17148e+48
1.17627e+15	1.16277e+48
1.17803e+15	1.15423e+48
1.17979e+15	1.14614e+48
1.18156e+15	1.13778e+48
1.18332e+15	1.12927e+48
1.18509e+15	1.12092e+48
1.18685e+15	1.11303e+48
1.18861e+15	1.10486e+48
1.19038e+15	1.09653e+48
1.19214e+15	1.08881e+48
1.1939e+15	1.08067e+48
1.19567e+15	1.0727e+48
1.19743e+15	1.06516e+48
1.19919e+15	1.05703e+48
1.20096e+15	1.04967e+48
1.20272e+15	1.04171e+48
1.20448e+15	1.03437e+48
1.20625e+15	1.0266e+48
1.20801e+15	1.01924e+48
1.20977e+15	1.01221e+48
1.21154e+15	1.00503e+48
1.2133e+15	9.9745e+47
1.21507e+15	9.90278e+47
1.21683e+15	9.82716e+47
1.21859e+15	9.75717e+47
1.22036e+15	9.68729e+47
1.22212e+15	9.61344e+47
1.22388e+15	9.54367e+47
1.22565e+15	9.4755e+47
1.22741e+15	9.40356e+47
1.22917e+15	9.33551e+47
1.23094e+15	9.26762e+47
1.2327e+15	9.1958e+47
1.23446e+15	9.12951e+47
1.23623e+15	9.06333e+47
1.23799e+15	8.99715e+47
1.23975e+15	8.93095e+47
1.24152e+15	8.86659e+47
1.24328e+15	8.79841e+47
1.24504e+15	8.73405e+47
1.24681e+15	8.66987e+47
1.24857e+15	8.60714e+47
1.25034e+15	8.54294e+47
1.2521e+15	8.48032e+47
1.25386e+15	8.41793e+47
1.25563e+15	8.35699e+47
1.25739e+15	8.29461e+47
1.25915e+15	8.23385e+47
1.26092e+15	8.17309e+47
1.26268e+15	8.11245e+47
1.26444e+15	8.05193e+47
1.26621e+15	7.99295e+47
1.26797e+15	7.93404e+47
1.26973e+15	7.88022e+47
1.2715e+15	7.82141e+47
1.27326e+15	7.76594e+47
1.27502e+15	7.70878e+47
1.27679e+15	7.65168e+47
1.27855e+15	7.5946e+47
1.28032e+15	7.53774e+47
1.28208e+15	7.48079e+47
1.28384e+15	7.42867e+47
1.28561e+15	7.37341e+47
1.28737e+15	7.31817e+47
1.28913e+15	7.26305e+47
1.2909e+15	7.21106e+47
1.29266e+15	7.15756e+47
1.29442e+15	7.10262e+47
1.29619e+15	7.05228e+47
1.29795e+15	6.99897e+47
1.29971e+15	6.95021e+47
1.30148e+15	6.89702e+47
1.30324e+15	6.8454e+47
1.305e+15	6.79677e+47
1.30677e+15	6.74528e+47
1.30853e+15	6.6967e+47
1.3103e+15	6.64528e+47
1.31206e+15	6.59836e+47
1.31382e+15	6.54708e+47
1.31559e+15	6.50025e+47
1.31735e+15	6.45062e+47
1.31911e+15	6.40531e+47
1.32088e+15	6.3558e+47
1.32264e+15	6.31055e+47
1.3244e+15	6.26113e+47
1.32617e+15	6.21605e+47
1.32793e+15	6.17102e+47
1.32969e+15	6.1283e+47
1.33146e+15	6.08335e+47
1.33322e+15	6.0398e+47
1.33498e+15	5.99366e+47
1.33675e+15	5.94886e+47
1.33851e+15	5.90694e+47
1.34027e+15	5.86103e+47
1.34204e+15	5.81782e+47
1.3438e+15	5.77597e+47
1.34557e+15	5.73427e+47
1.34733e+15	5.68862e+47
1.34909e+15	5.64842e+47
1.35086e+15	5.6068e+47
1.35262e+15	5.5653e+47
1.35438e+15	5.52523e+47
1.35615e+15	5.48383e+47
1.35791e+15	5.44133e+47
1.35967e+15	5.40141e+47
1.36144e+15	5.36157e+47
1.3632e+15	5.32311e+47
1.36496e+15	5.28333e+47
1.36673e+15	5.24504e+47
1.36849e+15	5.20539e+47
1.37025e+15	5.16709e+47
1.37202e+15	5.12894e+47
1.37378e+15	5.09083e+47
1.37555e+15	5.05406e+47
1.37731e+15	5.01605e+47
1.37907e+15	4.97948e+47
1.38084e+15	4.94285e+47
1.3826e+15	4.90498e+47
1.38436e+15	4.86993e+47
1.38613e+15	4.83345e+47
1.38789e+15	4.79712e+47
1.38965e+15	4.76336e+47
1.39142e+15	4.72839e+47
1.39318e+15	4.69575e+47
1.39494e+15	4.66089e+47
1.39671e+15	4.62611e+47
1.39847e+15	4.59141e+47
1.40023e+15	4.55671e+47
1.402e+15	4.52211e+47
1.40376e+15	4.491e+47
1.40553e+15	4.45778e+47
1.40729e+15	4.42333e+47
1.40905e+15	4.39018e+47
1.41082e+15	4.35924e+47
1.41258e+15	4.32627e+47
1.41434e+15	4.2946e+47
1.41611e+15	4.26375e+47
1.41787e+15	4.23219e+47
1.41963e+15	4.19939e+47
1.4214e+15	4.16992e+47
1.42316e+15	4.13856e+47
1.42492e+15	4.10722e+47
1.42669e+15	4.07786e+47
1.42845e+15	4.04796e+47
1.43021e+15	4.01673e+47
1.43198e+15	3.98882e+47
1.43374e+15	3.95768e+47
1.4355e+15	3.92986e+47
1.43727e+15	3.9001e+47
1.43903e+15	3.87235e+47
1.4408e+15	3.84271e+47
1.44256e+15	3.81502e+47
1.44432e+15	3.78679e+47
1.44609e+15	3.75912e+47
1.44785e+15	3.73101e+47
1.44961e+15	3.70516e+47
1.45138e+15	3.67713e+47
1.45314e+15	3.65088e+47
1.4549e+15	3.62293e+47
1.45667e+15	3.59673e+47
1.45843e+15	3.57191e+47
1.46019e+15	3.54405e+47
1.46196e+15	3.51794e+47
1.46372e+15	3.49321e+47
1.46548e+15	3.46675e+47
1.46725e+15	3.44083e+47
1.46901e+15	3.41612e+47
1.47078e+15	3.38984e+47
1.47254e+15	3.36524e+47
1.4743e+15	3.34197e+47
1.47607e+15	3.31575e+47
1.47783e+15	3.29129e+47
1.47959e+15	3.26806e+47
1.48136e+15	3.24489e+47
1.48312e+15	3.21888e+47
1.48488e+15	3.19575e+47
1.48665e+15	3.1727e+47
1.48841e+15	3.14961e+47
1.49017e+15	3.12663e+47
1.49194e+15	3.10207e+47
1.4937e+15	3.08038e+47
1.49546e+15	3.05743e+47
1.49723e+15	3.03576e+47
1.49899e+15	3.01294e+47
1.50076e+15	2.99133e+47
1.50252e+15	2.96977e+47
1.50428e+15	2.94673e+47
1.50605e+15	2.92522e+47
1.50781e+15	2.90379e+47
1.50957e+15	2.88232e+47
1.51134e+15	2.86219e+47
1.5131e+15	2.8408e+47
1.51486e+15	2.82066e+47
1.51663e+15	2.79937e+47
1.51839e+15	2.77926e+47
1.52015e+15	2.75924e+47
1.52192e+15	2.73922e+47
1.52368e+15	2.71802e+47
1.52544e+15	2.69808e+47
1.52721e+15	2.67933e+47
1.52897e+15	2.65943e+47
1.53074e+15	2.63959e+47
1.5325e+15	2.61974e+47
1.53426e+15	2.60249e+47
1.53603e+15	2.58271e+47
1.53779e+15	2.56413e+47
1.53955e+15	2.54445e+47
1.54132e+15	2.52592e+47
1.54308e+15	2.50743e+47
1.54484e+15	2.48902e+47
1.54661e+15	2.4706e+47
1.54837e+15	2.45347e+47
1.55013e+15	2.43514e+47
1.5519e+15	2.41681e+47
1.55366e+15	2.39966e+47
1.55542e+15	2.38142e+47
1.55719e+15	2.36441e+47
1.55895e+15	2.34735e+47
1.56071e+15	2.33035e+47
1.56248e+15	2.3122e+47
1.56424e+15	2.29644e+47
1.56601e+15	2.2795e+47
1.56777e+15	2.26258e+47
1.56953e+15	2.2457e+47
1.5713e+15	2.23005e+47
1.57306e+15	2.21409e+47
1.57482e+15	2.19726e+47
1.57659e+15	2.18281e+47
1.57835e+15	2.16606e+47
1.58011e+15	2.15046e+47
1.58188e+15	2.13493e+47
1.58364e+15	2.11938e+47
1.5854e+15	2.10388e+47
1.58717e+15	2.08839e+47
1.58893e+15	2.07296e+47
1.59069e+15	2.05862e+47
1.59246e+15	2.04321e+47
1.59422e+15	2.02895e+47
1.59599e+15	2.0136e+47
1.59775e+15	1.99935e+47
1.59951e+15	1.98407e+47
1.60128e+15	1.9688e+47
1.60304e+15	1.95572e+47
1.6048e+15	1.9405e+47
1.60657e+15	1.92749e+47
1.60833e+15	1.91231e+47
1.61009e+15	1.89931e+47
1.61186e+15	1.88532e+47
1.61362e+15	1.87127e+47
1.61538e+15	1.85832e+47
1.61715e+15	1.84439e+47
1.61891e+15	1.83148e+47
1.62067e+15	1.81759e+47
1.62244e+15	1.80472e+47
1.6242e+15	1.79091e+47
1.62597e+15	1.77808e+47
1.62773e+15	1.76633e+47
1.62949e+15	1.75259e+47
1.63126e+15	1.73982e+47
1.63302e+15	1.72718e+47
1.63478e+15	1.71506e+47
1.63655e+15	1.70341e+47
1.63831e+15	1.69084e+47
1.64007e+15	1.67817e+47
1.64184e+15	1.66657e+47
1.6436e+15	1.65409e+47
1.64536e+15	1.64251e+47
1.64713e+15	1.63097e+47
1.64889e+15	1.61947e+47
1.65065e+15	1.60706e+47
1.65242e+15	1.59557e+47
1.65418e+15	1.58409e+47
1.65594e+15	1.57177e+47
1.65771e+15	1.56035e+47
1.65947e+15	1.54997e+47
1.66124e+15	1.53857e+47
1.663e+15	1.52635e+47
1.66476e+15	1.51602e+47
1.66653e+15	1.50468e+47
1.66829e+15	1.49439e+47
1.67005e+15	1.48414e+47
1.67182e+15	1.47202e+47
1.67358e+15	1.46178e+47
1.67534e+15	1.45154e+47
1.67711e+15	1.44136e+47
1.67887e+15	1.43117e+47
1.68063e+15	1.42099e+47
1.6824e+15	1.41083e+47
1.68416e+15	1.39991e+47
1.68592e+15	1.38978e+47
1.68769e+15	1.37967e+47
1.68945e+15	1.36959e+47
1.69122e+15	1.35954e+47
1.69298e+15	1.35049e+47
1.69474e+15	1.34044e+47
1.69651e+15	1.33043e+47
1.69827e+15	1.32186e+47
1.70003e+15	1.31187e+47
1.7018e+15	1.30289e+47
1.70356e+15	1.29393e+47
1.70532e+15	1.28401e+47
1.70709e+15	1.27507e+47
1.70885e+15	1.26616e+47
1.71061e+15	1.25628e+47
1.71238e+15	1.24741e+47
1.71414e+15	1.23854e+47
1.7159e+15	1.22968e+47
1.71767e+15	1.22085e+47
1.71943e+15	1.21203e+47
1.7212e+15	1.20324e+47
1.72296e+15	1.19445e+47
1.72472e+15	1.18567e+47
1.72649e+15	1.17788e+47
1.72825e+15	1.16915e+47
1.73001e+15	1.16043e+47
1.73178e+15	1.15172e+47
1.73354e+15	1.14399e+47
1.7353e+15	1.13532e+47
1.73707e+15	1.12761e+47
1.73883e+15	1.11897e+47
1.74059e+15	1.11196e+47
1.74236e+15	1.10335e+47
1.74412e+15	1.09571e+47
1.74588e+15	1.08806e+47
1.74765e+15	1.0795e+47
1.74941e+15	1.07189e+47
1.75117e+15	1.06432e+47
1.75294e+15	1.05738e+47
1.7547e+15	1.04981e+47
1.75647e+15	1.04132e+47
1.75823e+15	1.0338e+47
1.75999e+15	1.02628e+47
1.76176e+15	1.01907e+47
1.76352e+15	1.01219e+47
1.76528e+15	1.00564e+47
1.76705e+15	9.98171e+46
1.76881e+15	9.90722e+46
1.77057e+15	9.83886e+46
1.77234e+15	9.76464e+46
1.7741e+15	9.69983e+46
1.77586e+15	9.62584e+46
1.77763e+15	9.55793e+46
1.77939e+15	9.49336e+46
1.78115e+15	9.42001e+46
1.78292e+15	9.3557e+46
1.78468e+15	9.28816e+46
1.78645e+15	9.2241e+46
1.78821e+15	9.15132e+46
1.78997e+15	9.09315e+46
1.79174e+15	9.02946e+46
1.7935e+15	8.95693e+46
1.79526e+15	8.89916e+46
1.79703e+15	8.83587e+46
1.79879e+15	8.7727e+46
1.80055e+15	8.71509e+46
1.80232e+15	8.64345e+46
1.80408e+15	8.58063e+46
1.80584e+15	8.52331e+46
1.80761e+15	8.46078e+46
1.80937e+15	8.39852e+46
1.81113e+15	8.34149e+46
1.8129e+15	8.2793e+46
1.81466e+15	8.22246e+46
1.81643e+15	8.16927e+46
1.81819e+15	8.10764e+46
1.81995e+15	8.05109e+46
1.82172e+15	7.98959e+46
1.82348e+15	7.93319e+46
1.82524e+15	7.88067e+46
1.82701e+15	7.82653e+46
1.82877e+15	7.76552e+46
1.83053e+15	7.71322e+46
1.8323e+15	7.65741e+46
1.83406e+15	7.60532e+46
1.83582e+15	7.54965e+46
1.83759e+15	7.49779e+46
1.83935e+15	7.44242e+46
1.84111e+15	7.39072e+46
1.84288e+15	7.33545e+46
1.84464e+15	7.28403e+46
1.84641e+15	7.23746e+46
1.84817e+15	7.17788e+46
1.84993e+15	7.13133e+46
1.8517e+15	7.08034e+46
1.85346e+15	7.034e+46
1.85522e+15	6.97503e+46
1.85699e+15	6.92887e+46
1.85875e+15	6.88273e+46
1.86051e+15	6.83229e+46
1.86228e+15	6.78647e+46
1.86404e+15	6.73543e+46
1.8658e+15	6.68968e+46
1.86757e+15	6.63969e+46
1.86933e+15	6.59498e+46
1.87109e+15	6.54521e+46
1.87286e+15	6.50061e+46
1.87462e+15	6.4561e+46
1.87638e+15	6.40837e+46
1.87815e+15	6.36398e+46
1.87991e+15	6.31638e+46
1.88168e+15	6.27301e+46
1.88344e+15	6.2306e+46
1.8852e+15	6.18412e+46
1.88697e+15	6.14176e+46
1.88873e+15	6.09951e+46
1.89049e+15	6.05342e+46
1.89226e+15	6.01213e+46
1.89402e+15	5.97231e+46
1.89578e+15	5.92719e+46
1.89755e+15	5.88693e+46
1.89931e+15	5.84602e+46
1.90107e+15	5.80283e+46
1.90284e+15	5.7628e+46
1.9046e+15	5.7228e+46
1.90636e+15	5.67999e+46
1.90813e+15	5.64098e+46
1.90989e+15	5.60203e+46
1.91166e+15	5.56022e+46
1.91342e+15	5.52147e+46
1.91518e+15	5.48354e+46
1.91695e+15	5.44202e+46
1.91871e+15	5.40501e+46
1.92047e+15	5.36738e+46
1.92224e+15	5.33051e+46
1.924e+15	5.2901e+46
1.92576e+15	5.25415e+46
1.92753e+15	5.21751e+46
1.92929e+15	5.18177e+46
1.93105e+15	5.14254e+46
1.93282e+15	5.10684e+46
1.93458e+15	5.07125e+46
1.93634e+15	5.03655e+46
1.93811e+15	4.99845e+46
1.93987e+15	4.96384e+46
1.94164e+15	4.92925e+46
1.9434e+15	4.89559e+46
1.94516e+15	4.86192e+46
1.94693e+15	4.82426e+46
1.94869e+15	4.79149e+46
1.95045e+15	4.75808e+46
1.95222e+15	4.72469e+46
1.95398e+15	4.69211e+46
1.95574e+15	4.65639e+46
1.95751e+15	4.62402e+46
1.95927e+15	4.59236e+46
1.96103e+15	4.56102e+46
1.9628e+15	4.52951e+46
1.96456e+15	4.49806e+46
1.96632e+15	4.46364e+46
1.96809e+15	4.43303e+46
1.96985e+15	4.4018e+46
1.97161e+15	4.37135e+46
1.97338e+15	4.34102e+46
1.97514e+15	4.3107e+46
1.97691e+15	4.2804e+46
1.97867e+15	4.25093e+46
1.98043e+15	4.21861e+46
1.9822e+15	4.18856e+46
1.98396e+15	4.15928e+46
1.98572e+15	4.13074e+46
1.98749e+15	4.10159e+46
1.98925e+15	4.07326e+46
1.99101e+15	4.04493e+46
1.99278e+15	4.01666e+46
1.99454e+15	3.98846e+46
1.9963e+15	3.95748e+46
1.99807e+15	3.93017e+46
1.99983e+15	3.90287e+46
2.00159e+15	3.87492e+46
2.00336e+15	3.84773e+46
2.00512e+15	3.82132e+46
2.00689e+15	3.79425e+46
2.00865e+15	3.76794e+46
2.01041e+15	3.74168e+46
2.01218e+15	3.71547e+46
2.01394e+15	3.68938e+46
2.0157e+15	3.66326e+46
2.01747e+15	3.63724e+46
2.01923e+15	3.61195e+46
2.02099e+15	3.58672e+46
2.02276e+15	3.56159e+46
2.02452e+15	3.53648e+46
2.02628e+15	3.51139e+46
2.02805e+15	3.48706e+46
2.02981e+15	3.46278e+46
2.03157e+15	3.43856e+46
2.03334e+15	3.41444e+46
2.0351e+15	3.39033e+46
2.03687e+15	3.36625e+46
2.03863e+15	3.34292e+46
2.04039e+15	3.31898e+46
2.04216e+15	3.29581e+46
2.04392e+15	3.27264e+46
2.04568e+15	3.24952e+46
2.04745e+15	3.22646e+46
2.04921e+15	3.20343e+46
2.05097e+15	3.18114e+46
2.05274e+15	3.15828e+46
2.0545e+15	3.13609e+46
2.05626e+15	3.11396e+46
2.05803e+15	3.09187e+46
2.05979e+15	3.06984e+46
2.06155e+15	3.04849e+46
2.06332e+15	3.02656e+46
2.06508e+15	3.00538e+46
2.06684e+15	2.9842e+46
2.06861e+15	2.96308e+46
2.07037e+15	2.942e+46
2.07214e+15	2.92098e+46
2.0739e+15	2.90065e+46
2.07566e+15	2.87973e+46
2.07743e+15	2.85951e+46
2.07919e+15	2.83869e+46
2.08095e+15	2.82068e+46
2.08272e+15	2.80058e+46
2.08448e+15	2.78116e+46
2.08624e+15	2.76117e+46
2.08801e+15	2.74122e+46
2.08977e+15	2.72199e+46
2.09153e+15	2.70277e+46
2.0933e+15	2.68297e+46
2.09506e+15	2.66382e+46
2.09682e+15	2.64537e+46
2.09859e+15	2.62634e+46
2.10035e+15	2.6098e+46
2.10212e+15	2.59147e+46
2.10388e+15	2.57257e+46
2.10564e+15	2.55433e+46
2.10741e+15	2.53614e+46
2.10917e+15	2.518e+46
2.11093e+15	2.4999e+46
2.1127e+15	2.48185e+46
2.11446e+15	2.46635e+46
2.11622e+15	2.44842e+46
2.11799e+15	2.4311e+46
2.11975e+15	2.41383e+46
2.12151e+15	2.396e+46
2.12328e+15	2.37882e+46
2.12504e+15	2.36229e+46
2.1268e+15	2.3452e+46
2.12857e+15	2.32996e+46
2.13033e+15	2.31354e+46
2.1321e+15	2.29654e+46
2.13386e+15	2.28022e+46
2.13562e+15	2.26393e+46
2.13739e+15	2.24769e+46
2.13915e+15	2.23323e+46
2.14091e+15	2.21707e+46
2.14268e+15	2.20095e+46
2.14444e+15	2.18545e+46
2.1462e+15	2.16942e+46
2.14797e+15	2.15401e+46
2.14973e+15	2.13806e+46
2.15149e+15	2.12443e+46
2.15326e+15	2.10913e+46
2.15502e+15	2.09388e+46
2.15678e+15	2.07867e+46
2.15855e+15	2.0635e+46
2.16031e+15	2.05054e+46
2.16208e+15	2.03545e+46
2.16384e+15	2.02097e+46
2.1656e+15	2.00652e+46
2.16737e+15	1.99157e+46
2.16913e+15	1.9772e+46
2.17089e+15	1.96443e+46
2.17266e+15	1.95045e+46
2.17442e+15	1.93619e+46
2.17618e+15	1.92254e+46
2.17795e+15	1.90837e+46
2.17971e+15	1.89633e+46
2.18147e+15	1.8822e+46
2.18324e+15	1.86869e+46
2.185e+15	1.85522e+46
2.18676e+15	1.84181e+46
2.18853e+15	1.82987e+46
2.19029e+15	1.8165e+46
2.19205e+15	1.80318e+46
2.19382e+15	1.7899e+46
2.19558e+15	1.77718e+46
2.19735e+15	1.76541e+46
2.19911e+15	1.75277e+46
2.20087e+15	1.73962e+46
2.20264e+15	1.72706e+46
2.2044e+15	1.71453e+46
2.20616e+15	1.70342e+46
2.20793e+15	1.69097e+46
2.20969e+15	1.67854e+46
2.21145e+15	1.66613e+46
2.21322e+15	1.65432e+46
2.21498e+15	1.64336e+46
2.21674e+15	1.63105e+46
2.21851e+15	1.61933e+46
2.22027e+15	1.60766e+46
2.22203e+15	1.59546e+46
2.2238e+15	1.58516e+46
2.22556e+15	1.57358e+46
2.22733e+15	1.562e+46
2.22909e+15	1.55048e+46
2.23085e+15	1.53901e+46
2.23262e+15	1.52933e+46
2.23438e+15	1.51791e+46
2.23614e+15	1.50703e+46
2.23791e+15	1.49567e+46
2.23967e+15	1.48611e+46
2.24143e+15	1.47482e+46
2.2432e+15	1.46406e+46
2.24496e+15	1.45355e+46
2.24672e+15	1.44287e+46
2.24849e+15	1.43341e+46
2.25025e+15	1.4228e+46
2.25201e+15	1.41221e+46
2.25378e+15	1.40163e+46
2.25554e+15	1.3916e+46
2.25731e+15	1.38229e+46
2.25907e+15	1.37232e+46
2.26083e+15	1.36187e+46
2.2626e+15	1.35196e+46
2.26436e+15	1.34209e+46
2.26612e+15	1.33338e+46
2.26789e+15	1.32307e+46
2.26965e+15	1.31328e+46
2.27141e+15	1.30353e+46
2.27318e+15	1.29492e+46
2.27494e+15	1.28569e+46
2.2767e+15	1.27602e+46
2.27847e+15	1.26638e+46
2.28023e+15	1.25724e+46
2.28199e+15	1.24874e+46
2.28376e+15	1.23967e+46
2.28552e+15	1.23016e+46
2.28728e+15	1.22113e+46
2.28905e+15	1.21214e+46
2.29081e+15	1.20425e+46
2.29258e+15	1.19484e+46
2.29434e+15	1.18594e+46
2.2961e+15	1.17754e+46
2.29787e+15	1.16868e+46
2.29963e+15	1.16089e+46
2.30139e+15	1.1521e+46
2.30316e+15	1.14335e+46
2.30492e+15	1.13508e+46
2.30668e+15	1.12638e+46
2.30845e+15	1.11815e+46
2.31021e+15	1.1105e+46
2.31197e+15	1.10234e+46
2.31374e+15	1.0942e+46
2.3155e+15	1.0861e+46
2.31726e+15	1.07757e+46
2.31903e+15	1.06965e+46
2.32079e+15	1.06259e+46
2.32256e+15	1.05459e+46
2.32432e+15	1.04662e+46
2.32608e+15	1.03911e+46
2.32785e+15	1.03119e+46
2.32961e+15	1.02331e+46
2.33137e+15	1.01635e+46
2.33314e+15	1.00896e+46
2.3349e+15	1.00115e+46
2.33666e+15	9.938e+45
2.33843e+15	9.86036e+45
2.34019e+15	9.78755e+45
2.34195e+15	9.7149e+45
2.34372e+15	9.64238e+45
2.34548e+15	9.579e+45
2.34724e+15	9.50269e+45
2.34901e+15	9.43114e+45
2.35077e+15	9.35964e+45
2.35254e+15	9.28851e+45
2.3543e+15	9.22187e+45
2.35606e+15	9.15123e+45
2.35783e+15	9.08077e+45
2.35959e+15	9.01056e+45
2.36135e+15	8.94499e+45
2.36312e+15	8.88358e+45
2.36488e+15	8.81835e+45
2.36664e+15	8.74918e+45
2.36841e+15	8.68447e+45
2.37017e+15	8.61584e+45
2.37193e+15	8.55159e+45
2.3737e+15	8.48749e+45
2.37546e+15	8.42379e+45
2.37722e+15	8.36016e+45
2.37899e+15	8.29279e+45
2.38075e+15	8.22983e+45
2.38251e+15	8.16691e+45
2.38428e+15	8.10843e+45
2.38604e+15	8.04606e+45
2.38781e+15	7.98393e+45
2.38957e+15	7.92206e+45
2.39133e+15	7.86036e+45
2.3931e+15	7.8029e+45
2.39486e+15	7.74281e+45
2.39662e+15	7.68575e+45
2.39839e+15	7.62508e+45
2.40015e+15	7.56848e+45
2.40191e+15	7.50819e+45
2.40368e+15	7.45211e+45
2.40544e+15	7.39234e+45
2.4072e+15	7.33666e+45
2.40897e+15	7.28114e+45
2.41073e+15	7.22595e+45
2.41249e+15	7.17081e+45
2.41426e+15	7.11608e+45
2.41602e+15	7.05449e+45
2.41779e+15	7.00009e+45
2.41955e+15	6.94594e+45
2.42131e+15	6.89204e+45
2.42308e+15	6.83828e+45
2.42484e+15	6.78473e+45
2.4266e+15	6.73142e+45
2.42837e+15	6.68196e+45
2.43013e+15	6.62904e+45
2.43189e+15	6.58e+45
2.43366e+15	6.52106e+45
2.43542e+15	6.47242e+45
2.43718e+15	6.42041e+45
2.43895e+15	6.37217e+45
2.44071e+15	6.3205e+45
2.44247e+15	6.27263e+45
2.44424e+15	6.22493e+45
2.446e+15	6.17128e+45
2.44777e+15	6.1205e+45
2.44953e+15	6.07334e+45
2.45129e+15	6.02653e+45
2.45306e+15	5.97981e+45
2.45482e+15	5.92724e+45
2.45658e+15	5.88099e+45
2.45835e+15	5.83492e+45
2.46011e+15	5.78899e+45
2.46187e+15	5.74669e+45
2.46364e+15	5.69525e+45
2.4654e+15	5.64987e+45
2.46716e+15	5.60474e+45
2.46893e+15	5.55747e+45
2.47069e+15	5.51268e+45
2.47245e+15	5.47214e+45
2.47422e+15	5.42774e+45
2.47598e+15	5.3813e+45
2.47775e+15	5.3372e+45
2.47951e+15	5.29671e+45
2.48127e+15	5.25089e+45
2.48304e+15	5.2074e+45
2.4848e+15	5.16739e+45
2.48656e+15	5.1222e+45
2.48833e+15	5.08253e+45
2.49009e+15	5.03774e+45
2.49185e+15	4.99844e+45
2.49362e+15	4.95933e+45
2.49538e+15	4.91511e+45
2.49714e+15	4.8763e+45
2.49891e+15	4.83255e+45
2.50067e+15	4.79408e+45
2.50243e+15	4.75074e+45
2.5042e+15	4.71579e+45
2.50596e+15	4.67284e+45
2.50772e+15	4.63507e+45
2.50949e+15	4.59565e+45
2.51125e+15	4.55821e+45
2.51302e+15	4.51916e+45
2.51478e+15	4.48211e+45
2.51654e+15	4.44339e+45
2.51831e+15	4.40185e+45
2.52007e+15	4.36831e+45
2.52183e+15	4.3302e+45
2.5236e+15	4.28923e+45
2.52536e+15	4.25621e+45
2.52712e+15	4.21862e+45
2.52889e+15	4.18125e+45
2.53065e+15	4.1441e+45
2.53241e+15	4.11165e+45
2.53418e+15	4.07484e+45
2.53594e+15	4.03822e+45
2.5377e+15	4.00176e+45
2.53947e+15	3.96554e+45
2.54123e+15	3.92951e+45
2.543e+15	3.90091e+45
2.54476e+15	3.86521e+45
2.54652e+15	3.82967e+45
2.54829e+15	3.79434e+45
2.55005e+15	3.76199e+45
2.55181e+15	3.72694e+45
2.55358e+15	3.6949e+45
2.55534e+15	3.66296e+45
2.5571e+15	3.6241e+45
2.55887e+15	3.59193e+45
2.56063e+15	3.55993e+45
2.56239e+15	3.52809e+45
2.56416e+15	3.49643e+45
2.56592e+15	3.46494e+45
2.56768e+15	3.43361e+45
2.56945e+15	3.40246e+45
2.57121e+15	3.37148e+45
2.57298e+15	3.34066e+45
2.57474e+15	3.31002e+45
2.5765e+15	3.27954e+45
2.57827e+15	3.24923e+45
2.58003e+15	3.22164e+45
2.58179e+15	3.19165e+45
2.58356e+15	3.16184e+45
2.58532e+15	3.13219e+45
2.58708e+15	3.10271e+45
2.58885e+15	3.0734e+45
2.59061e+15	3.04425e+45
2.59237e+15	3.01772e+45
2.59414e+15	2.9889e+45
2.5959e+15	2.96024e+45
2.59766e+15	2.93175e+45
2.59943e+15	2.90939e+45
2.60119e+15	2.8812e+45
2.60295e+15	2.85317e+45
2.60472e+15	2.82766e+45
2.60648e+15	2.79994e+45
2.60825e+15	2.7724e+45
2.61001e+15	2.74733e+45
2.61177e+15	2.7201e+45
2.61354e+15	2.69304e+45
2.6153e+15	2.67177e+45
2.61706e+15	2.64499e+45
2.61883e+15	2.62063e+45
2.62059e+15	2.59417e+45
2.62235e+15	2.56788e+45
2.62412e+15	2.54396e+45
2.62588e+15	2.51797e+45
2.62764e+15	2.49754e+45
2.62941e+15	2.47184e+45
2.63117e+15	2.44847e+45
2.63293e+15	2.42309e+45
2.6347e+15	2.4e+45
2.63646e+15	2.38014e+45
2.63823e+15	2.3552e+45
2.63999e+15	2.33251e+45
2.64175e+15	2.30819e+45
2.64352e+15	2.28578e+45
2.64528e+15	2.2665e+45
2.64704e+15	2.24229e+45
2.64881e+15	2.22028e+45
2.65057e+15	2.1984e+45
2.65233e+15	2.17754e+45
2.6541e+15	2.15593e+45
2.65586e+15	2.13444e+45
2.65762e+15	2.11309e+45
2.65939e+15	2.09273e+45
2.66115e+15	2.07164e+45
2.66291e+15	2.05068e+45
2.66468e+15	2.03261e+45
2.66644e+15	2.00997e+45
2.66821e+15	1.9894e+45
2.66997e+15	1.97166e+45
2.67173e+15	1.95133e+45
2.6735e+15	1.93114e+45
2.67526e+15	1.91371e+45
2.67702e+15	1.89376e+45
2.67879e+15	1.8721e+45
2.68055e+15	1.855e+45
2.68231e+15	1.83543e+45
2.68408e+15	1.81599e+45
2.68584e+15	1.7992e+45
2.6876e+15	1.78e+45
2.68937e+15	1.76093e+45
2.69113e+15	1.74445e+45
2.69289e+15	1.72562e+45
2.69466e+15	1.70935e+45
2.69642e+15	1.69075e+45
2.69819e+15	1.67228e+45
2.69995e+15	1.65632e+45
2.70171e+15	1.63809e+45
2.70348e+15	1.62233e+45
2.70524e+15	1.60601e+45
2.707e+15	1.58813e+45
2.70877e+15	1.57266e+45
2.71053e+15	1.55501e+45
2.71229e+15	1.53975e+45
2.71406e+15	1.52233e+45
2.71582e+15	1.50726e+45
2.71758e+15	1.49168e+45
2.71935e+15	1.4768e+45
2.72111e+15	1.45983e+45
2.72287e+15	1.44537e+45
2.72464e+15	1.42863e+45
2.7264e+15	1.41569e+45
2.72816e+15	1.39917e+45
2.72993e+15	1.38487e+45
2.73169e+15	1.3701e+45
2.73346e+15	1.35598e+45
2.73522e+15	1.33991e+45
2.73698e+15	1.32598e+45
2.73875e+15	1.31162e+45
2.74051e+15	1.29787e+45
2.74227e+15	1.2837e+45
2.74404e+15	1.27014e+45
2.7458e+15	1.25471e+45
2.74756e+15	1.24278e+45
2.74933e+15	1.22757e+45
2.75109e+15	1.2158e+45
2.75285e+15	1.20268e+45
2.75462e+15	1.18779e+45
2.75638e+15	1.17625e+45
2.75814e+15	1.16156e+45
2.75991e+15	1.15019e+45
2.76167e+15	1.13752e+45
2.76344e+15	1.1245e+45
2.7652e+15	1.11254e+45
2.76696e+15	1.09903e+45
2.76873e+15	1.08752e+45
2.77049e+15	1.07594e+45
2.77225e+15	1.06285e+45
2.77402e+15	1.05157e+45
2.77578e+15	1.04037e+45
2.77754e+15	1.02755e+45
2.77931e+15	1.01651e+45
2.78107e+15	1.00388e+45
2.78283e+15	9.93126e+44
2.7846e+15	9.82318e+44
2.78636e+15	9.7009e+44
2.78812e+15	9.59563e+44
2.78989e+15	9.49108e+44
2.79165e+15	9.38725e+44
2.79342e+15	9.26848e+44
2.79518e+15	9.16619e+44
2.79694e+15	9.0658e+44
2.79871e+15	8.95111e+44
2.80047e+15	8.85222e+44
2.80223e+15	8.75402e+44
2.804e+15	8.64048e+44
2.80576e+15	8.54378e+44
2.80752e+15	8.44889e+44
2.80929e+15	8.35354e+44
2.81105e+15	8.24451e+44
2.81281e+15	8.15175e+44
2.81458e+15	8.05854e+44
2.81634e+15	7.9671e+44
2.8181e+15	7.86244e+44
2.81987e+15	7.77135e+44
2.82163e+15	7.68201e+44
2.82339e+15	7.59438e+44
2.82516e+15	7.50632e+44
2.82692e+15	7.40562e+44
2.82869e+15	7.32002e+44
2.83045e+15	7.23401e+44
2.83221e+15	7.14966e+44
2.83398e+15	7.06595e+44
2.83574e+15	6.97014e+44
2.8375e+15	6.88778e+44
2.83927e+15	6.80604e+44
2.84103e+15	6.72492e+44
2.84279e+15	6.64442e+44
2.84456e+15	6.55335e+44
2.84632e+15	6.47514e+44
2.84808e+15	6.39657e+44
2.84985e+15	6.31956e+44
2.85161e+15	6.24314e+44
2.85337e+15	6.16732e+44
2.85514e+15	6.09209e+44
2.8569e+15	6.00603e+44
2.85867e+15	5.933e+44
2.86043e+15	5.85962e+44
2.86219e+15	5.78773e+44
2.86396e+15	5.7164e+44
2.86572e+15	5.64475e+44
2.86748e+15	5.57456e+44
2.86925e+15	5.50589e+44
2.87101e+15	5.43682e+44
2.87277e+15	5.36917e+44
2.87454e+15	5.29081e+44
2.8763e+15	5.2235e+44
2.87806e+15	5.15758e+44
2.87983e+15	5.09136e+44
2.88159e+15	5.02653e+44
2.88335e+15	4.96222e+44
2.88512e+15	4.89845e+44
2.88688e+15	4.83521e+44
2.88865e+15	4.7725e+44
2.89041e+15	4.71112e+44
2.89217e+15	4.64945e+44
2.89394e+15	4.5891e+44
2.8957e+15	4.52847e+44
2.89746e+15	4.46914e+44
2.89923e+15	4.41031e+44
2.90099e+15	4.35198e+44
2.90275e+15	4.29416e+44
2.90452e+15	4.23684e+44
2.90628e+15	4.18002e+44
2.90804e+15	4.12442e+44
2.90981e+15	4.06859e+44
2.91157e+15	4.01396e+44
2.91333e+15	3.9591e+44
2.9151e+15	3.90544e+44
2.91686e+15	3.85226e+44
2.91862e+15	3.79955e+44
2.92039e+15	3.74731e+44
2.92215e+15	3.69623e+44
2.92392e+15	3.64492e+44
2.92568e+15	3.59408e+44
2.92744e+15	3.54437e+44
2.92921e+15	3.49446e+44
2.93097e+15	3.44566e+44
2.93273e+15	3.39794e+44
2.9345e+15	3.35003e+44
2.93626e+15	3.30256e+44
2.93802e+15	3.26283e+44
2.93979e+15	3.21617e+44
2.94155e+15	3.16995e+44
2.94331e+15	3.12479e+44
2.94508e+15	3.07944e+44
2.94684e+15	3.03513e+44
2.9486e+15	2.99124e+44
2.95037e+15	2.94777e+44
2.95213e+15	2.90471e+44
2.9539e+15	2.86208e+44
2.95566e+15	2.82641e+44
2.95742e+15	2.78453e+44
2.95919e+15	2.74306e+44
2.96095e+15	2.70256e+44
2.96271e+15	2.6619e+44
2.96448e+15	2.6222e+44
2.96624e+15	2.5829e+44
2.968e+15	2.54951e+44
2.96977e+15	2.51092e+44
2.97153e+15	2.47272e+44
2.97329e+15	2.43491e+44
2.97506e+15	2.39917e+44
2.97682e+15	2.36325e+44
2.97858e+15	2.32769e+44
2.98035e+15	2.293e+44
2.98211e+15	2.25864e+44
2.98388e+15	2.22413e+44
2.98564e+15	2.19046e+44
2.9874e+15	2.15713e+44
2.98917e+15	2.12414e+44
2.99093e+15	2.09148e+44
2.99269e+15	2.05956e+44
2.99446e+15	2.02804e+44
2.99622e+15	1.99637e+44
2.99798e+15	1.96552e+44
2.99975e+15	1.93496e+44
3.00151e+15	1.90471e+44
3.00327e+15	1.87482e+44
3.00504e+15	1.8452e+44
3.0068e+15	1.81636e+44
3.00856e+15	1.78736e+44
3.01033e+15	1.75913e+44
3.01209e+15	1.73116e+44
3.01386e+15	1.70352e+44
3.01562e+15	1.6766e+44
3.01738e+15	1.6491e+44
3.01915e+15	1.62275e+44
3.02091e+15	1.59627e+44
3.02267e+15	1.57049e+44
3.02444e+15	1.54498e+44
3.0262e+15	1.51933e+44
3.02796e+15	1.49438e+44
3.02973e+15	1.4705e+44
3.03149e+15	1.44608e+44
3.03325e+15	1.42194e+44
3.03502e+15	1.39844e+44
3.03678e+15	1.37483e+44
3.03854e+15	1.35185e+44
3.04031e+15	1.32913e+44
3.04207e+15	1.30668e+44
3.04383e+15	1.28448e+44
3.0456e+15	1.26279e+44
3.04736e+15	1.24179e+44
3.04913e+15	1.22033e+44
3.05089e+15	1.19946e+44
3.05265e+15	1.17849e+44
3.05442e+15	1.15844e+44
3.05618e+15	1.13862e+44
3.05794e+15	1.11837e+44
3.05971e+15	1.09901e+44
3.06147e+15	1.07987e+44
3.06323e+15	1.06096e+44
3.065e+15	1.04196e+44
3.06676e+15	1.0235e+44
3.06852e+15	1.00525e+44
3.07029e+15	9.87533e+43
3.07205e+15	9.69723e+43
3.07381e+15	9.52425e+43
3.07558e+15	9.35042e+43
3.07734e+15	9.18162e+43
3.07911e+15	9.01488e+43
3.08087e+15	8.85019e+43
3.08263e+15	8.68748e+43
3.0844e+15	8.52683e+43
3.08616e+15	8.37091e+43
3.08792e+15	8.21687e+43
3.08969e+15	8.06214e+43
3.09145e+15	7.91201e+43
3.09321e+15	7.7637e+43
3.09498e+15	7.61909e+43
3.09674e+15	7.4745e+43
3.0985e+15	7.33186e+43
3.10027e+15	7.19345e+43
3.10203e+15	7.05681e+43
3.10379e+15	6.9196e+43
3.10556e+15	6.78649e+43
3.10732e+15	6.65512e+43
3.10909e+15	6.52325e+43
3.11085e+15	6.39764e+43
3.11261e+15	6.27141e+43
3.11438e+15	6.14911e+43
3.11614e+15	6.02843e+43
3.1179e+15	5.90716e+43
3.11967e+15	5.78972e+43
3.12143e+15	5.67386e+43
3.12319e+15	5.55958e+43
3.12496e+15	5.44687e+43
3.12672e+15	5.33571e+43
3.12848e+15	5.23001e+43
3.13025e+15	5.12187e+43
3.13201e+15	5.01525e+43
3.13377e+15	4.9121e+43
3.13554e+15	4.81025e+43
3.1373e+15	4.70998e+43
3.13906e+15	4.61398e+43
3.14083e+15	4.51652e+43
3.14259e+15	4.42214e+43
3.14436e+15	4.32745e+43
3.14612e+15	4.23577e+43
3.14788e+15	4.14383e+43
3.14965e+15	4.05481e+43
3.15141e+15	3.9688e+43
3.15317e+15	3.88084e+43
3.15494e+15	3.79737e+43
3.1567e+15	3.71512e+43
3.15846e+15	3.63248e+43
3.16023e+15	3.55269e+43
3.16199e+15	3.4727e+43
3.16375e+15	3.39669e+43
3.16552e+15	3.31912e+43
3.16728e+15	3.24409e+43
3.16904e+15	3.17301e+43
3.17081e+15	3.10026e+43
3.17257e+15	3.02865e+43
3.17434e+15	2.95959e+43
3.1761e+15	2.89021e+43
3.17786e+15	2.82333e+43
3.17963e+15	2.75823e+43
3.18139e+15	2.69461e+43
3.18315e+15	2.63087e+43
3.18492e+15	2.56928e+43
3.18668e+15	2.50758e+43
3.18844e+15	2.44691e+43
3.19021e+15	2.3883e+43
3.19197e+15	2.33084e+43
3.19373e+15	2.27415e+43
3.1955e+15	2.21959e+43
3.19726e+15	2.16378e+43
3.19902e+15	2.11106e+43
3.20079e+15	2.05921e+43
3.20255e+15	2.00621e+43
3.20432e+15	1.95615e+43
3.20608e+15	1.90696e+43
3.20784e+15	1.85967e+43
3.20961e+15	1.81215e+43
3.21137e+15	1.76463e+43
3.21313e+15	1.7188e+43
3.2149e+15	1.67605e+43
3.21666e+15	1.63102e+43
3.21842e+15	1.58857e+43
3.22019e+15	1.54764e+43
3.22195e+15	1.50669e+43
3.22371e+15	1.4665e+43
3.22548e+15	1.42705e+43
3.22724e+15	1.38833e+43
3.229e+15	1.35103e+43
3.23077e+15	1.31375e+43
3.23253e+15	1.27718e+43
3.23429e+15	1.24279e+43
3.23606e+15	1.2076e+43
3.23782e+15	1.17389e+43
3.23959e+15	1.14067e+43
3.24135e+15	1.10826e+43
3.24311e+15	1.07708e+43
3.24488e+15	1.04594e+43
3.24664e+15	1.01598e+43
3.2484e+15	9.86912e+42
3.25017e+15	9.57604e+42
3.25193e+15	9.29424e+42
3.25369e+15	9.0182e+42
3.25546e+15	8.75441e+42
3.25722e+15	8.48471e+42
3.25898e+15	8.23186e+42
3.26075e+15	7.98427e+42
3.26251e+15	7.73583e+42
3.26427e+15	7.4987e+42
3.26604e+15	7.26664e+42
3.2678e+15	7.0396e+42
3.26957e+15	6.81752e+42
3.27133e+15	6.60033e+42
3.27309e+15	6.39334e+42
3.27486e+15	6.18565e+42
3.27662e+15	5.98642e+42
3.27838e+15	5.79304e+42
3.28015e+15	5.59912e+42
3.28191e+15	5.41456e+42
3.28367e+15	5.23766e+42
3.28544e+15	5.0615e+42
3.2872e+15	4.88498e+42
3.28896e+15	4.72032e+42
3.29073e+15	4.56081e+42
3.29249e+15	4.40385e+42
3.29425e+15	4.24778e+42
3.29602e+15	4.09841e+42
3.29778e+15	3.95392e+42
3.29955e+15	3.81184e+42
3.30131e+15	3.6771e+42
3.30307e+15	3.54572e+42
3.30484e+15	3.41159e+42
3.3066e+15	3.28691e+42
3.30836e+15	3.16544e+42
3.31013e+15	3.04713e+42
3.31189e+15	2.92975e+42
3.31365e+15	2.81768e+42
3.31542e+15	2.71173e+42
3.31718e+15	2.60558e+42
3.31894e+15	2.50382e+42
3.32071e+15	2.40487e+42
3.32247e+15	2.31079e+42
3.32423e+15	2.21779e+42
3.326e+15	2.12771e+42
3.32776e+15	2.04047e+42
3.32953e+15	1.95576e+42
3.33129e+15	1.8756e+42
3.33305e+15	1.79624e+42
3.33482e+15	1.71948e+42
3.33658e+15	1.64528e+42
3.33834e+15	1.57494e+42
3.34011e+15	1.50561e+42
3.34187e+15	1.43993e+42
3.34363e+15	1.37504e+42
3.3454e+15	1.31382e+42
3.34716e+15	1.25356e+42
3.34892e+15	1.19638e+42
3.35069e+15	1.14123e+42
3.35245e+15	1.08702e+42
3.35421e+15	1.03564e+42
3.35598e+15	9.8631e+41
3.35774e+15	9.38807e+41
3.3595e+15	8.92037e+41
3.36127e+15	8.47936e+41
3.36303e+15	8.05671e+41
3.3648e+15	7.64907e+41
3.36656e+15	7.25745e+41
3.36832e+15	6.88141e+41
3.37009e+15	6.52051e+41
3.37185e+15	6.17988e+41
3.37361e+15	5.84774e+41
3.37538e+15	5.52834e+41
3.37714e+15	5.22357e+41
3.3789e+15	4.93757e+41
3.38067e+15	4.65727e+41
3.38243e+15	4.39455e+41
3.38419e+15	4.13833e+41
3.38596e+15	3.89849e+41
3.38772e+15	3.66488e+41
3.38948e+15	3.44649e+41
3.39125e+15	3.23406e+41
3.39301e+15	3.03498e+41
3.39478e+15	2.84613e+41
3.39654e+15	2.66641e+41
3.3983e+15	2.49483e+41
3.40007e+15	2.33245e+41
3.40183e+15	2.17766e+41
3.40359e+15	2.03143e+41
3.40536e+15	1.89225e+41
3.40712e+15	1.76362e+41
3.40888e+15	1.63879e+41
3.41065e+15	1.52081e+41
3.41241e+15	1.41161e+41
3.41417e+15	1.30686e+41
3.41594e+15	1.20968e+41
3.4177e+15	1.11809e+41
3.41946e+15	1.03226e+41
3.42123e+15	9.51172e+40
3.42299e+15	8.75018e+40
3.42476e+15	8.03914e+40
3.42652e+15	7.36977e+40
3.42828e+15	6.75902e+40
3.43005e+15	6.17296e+40
3.43181e+15	5.63976e+40
3.43357e+15	5.13971e+40
3.43534e+15	4.66683e+40
3.4371e+15	4.2386e+40
3.43886e+15	3.83872e+40
3.44063e+15	3.47551e+40
3.44239e+15	3.13372e+40
3.44415e+15	2.81795e+40
3.44592e+15	2.53266e+40
3.44768e+15	2.26427e+40
3.44944e+15	2.01928e+40
3.45121e+15	1.79931e+40
3.45297e+15	1.59907e+40
3.45473e+15	1.41233e+40
3.4565e+15	1.24556e+40
3.45826e+15	1.09374e+40
3.46003e+15	9.55987e+39
3.46179e+15	8.33308e+39
3.46355e+15	7.21674e+39
3.46532e+15	6.22814e+39
3.46708e+15	5.34327e+39
3.46884e+15	4.55815e+39
3.47061e+15	3.86468e+39
3.47237e+15	3.25514e+39
3.47413e+15	2.72281e+39
