1e-06	0
1.01e-06	0
1.0201e-06	0
1.0303e-06	0
1.0406e-06	0
1.05101e-06	0
1.06152e-06	0
1.07214e-06	0
1.08286e-06	0
1.09369e-06	0
1.10462e-06	0
1.11567e-06	0
1.12683e-06	0
1.13809e-06	0
1.14947e-06	0
1.16097e-06	0
1.17258e-06	0
1.1843e-06	0
1.19615e-06	0
1.20811e-06	0
1.22019e-06	0
1.23239e-06	0
1.24472e-06	0
1.25716e-06	0
1.26973e-06	0
1.28243e-06	0
1.29526e-06	0
1.30821e-06	0
1.32129e-06	0
1.3345e-06	0
1.34785e-06	0
1.36133e-06	0
1.37494e-06	0
1.38869e-06	0
1.40258e-06	0
1.4166e-06	0
1.43077e-06	0
1.44508e-06	0
1.45953e-06	0
1.47412e-06	0
1.48886e-06	0
1.50375e-06	0
1.51879e-06	0
1.53398e-06	0
1.54932e-06	0
1.56481e-06	0
1.58046e-06	0
1.59626e-06	0
1.61223e-06	0
1.62835e-06	0
1.64463e-06	0
1.66108e-06	0
1.67769e-06	0
1.69447e-06	0
1.71141e-06	0
1.72852e-06	0
1.74581e-06	0
1.76327e-06	0
1.7809e-06	0
1.79871e-06	0
1.8167e-06	0
1.83486e-06	0
1.85321e-06	0
1.87174e-06	0
1.89046e-06	0
1.90937e-06	0
1.92846e-06	0
1.94774e-06	0
1.96722e-06	0
1.98689e-06	0
2.00676e-06	0
2.02683e-06	0
2.0471e-06	0
2.06757e-06	0
2.08825e-06	0
2.10913e-06	0
2.13022e-06	0
2.15152e-06	0
2.17304e-06	0
2.19477e-06	0
2.21672e-06	0
2.23888e-06	0
2.26127e-06	0
2.28388e-06	0
2.30672e-06	0
2.32979e-06	0
2.35309e-06	0
2.37662e-06	0
2.40038e-06	0
2.42439e-06	0
2.44863e-06	0
2.47312e-06	0
2.49785e-06	0
2.52283e-06	0
2.54806e-06	0
2.57354e-06	0
2.59927e-06	0
2.62527e-06	0
2.65152e-06	0
2.67803e-06	0
2.70481e-06	0
2.73186e-06	0
2.75918e-06	0
2.78677e-06	0
2.81464e-06	0
2.84279e-06	0
2.87121e-06	0
2.89993e-06	0
2.92893e-06	0
2.95822e-06	0
2.9878e-06	0
3.01768e-06	0
3.04785e-06	0
3.07833e-06	0
3.10911e-06	0
3.1402e-06	0
3.17161e-06	0
3.20332e-06	0
3.23536e-06	0
3.26771e-06	0
3.30039e-06	0
3.33339e-06	0
3.36672e-06	0
3.40039e-06	0
3.4344e-06	0
3.46874e-06	0
3.50343e-06	0
3.53846e-06	0
3.57385e-06	0
3.60958e-06	0
3.64568e-06	0
3.68214e-06	0
3.71896e-06	0
3.75615e-06	0
3.79371e-06	0
3.83165e-06	0
3.86996e-06	0
3.90866e-06	0
3.94775e-06	0
3.98723e-06	0
4.0271e-06	0
4.06737e-06	0
4.10804e-06	0
4.14912e-06	0
4.19062e-06	0
4.23252e-06	0
4.27485e-06	0
4.3176e-06	0
4.36077e-06	0
4.40438e-06	0
4.44842e-06	0
4.49291e-06	0
4.53784e-06	0
4.58321e-06	0
4.62905e-06	0
4.67534e-06	0
4.72209e-06	0
4.76931e-06	0
4.817e-06	0
4.86517e-06	0
4.91383e-06	0
4.96296e-06	0
5.01259e-06	0
5.06272e-06	0
5.11335e-06	0
5.16448e-06	0
5.21613e-06	0
5.26829e-06	0
5.32097e-06	0
5.37418e-06	0
5.42792e-06	0
5.4822e-06	0
5.53702e-06	0
5.59239e-06	0
5.64832e-06	0
5.7048e-06	0
5.76185e-06	0
5.81947e-06	0
5.87766e-06	0
5.93644e-06	0
5.9958e-06	0
6.05576e-06	0
6.11632e-06	0
6.17748e-06	0
6.23926e-06	0
6.30165e-06	0
6.36466e-06	0
6.42831e-06	0
6.49259e-06	0
6.55752e-06	0
6.6231e-06	0
6.68933e-06	0
6.75622e-06	0
6.82378e-06	0
6.89202e-06	0
6.96094e-06	0
7.03055e-06	0
7.10085e-06	0
7.17186e-06	0
7.24358e-06	0
7.31602e-06	0
7.38918e-06	0
7.46307e-06	0
7.5377e-06	0
7.61308e-06	0
7.68921e-06	0
7.7661e-06	0
7.84376e-06	0
7.9222e-06	0
8.00142e-06	0
8.08144e-06	0
8.16225e-06	0
8.24387e-06	0
8.32631e-06	0
8.40957e-06	0
8.49367e-06	0
8.57861e-06	0
8.66439e-06	0
8.75104e-06	0
8.83855e-06	0
8.92693e-06	0
9.0162e-06	0
9.10636e-06	0
9.19743e-06	0
9.2894e-06	0
9.3823e-06	0
9.47612e-06	0
9.57088e-06	0
9.66659e-06	0
9.76325e-06	0
9.86089e-06	0
9.9595e-06	0
1.00591e-05	0
1.01597e-05	0
1.02613e-05	0
1.03639e-05	0
1.04675e-05	0
1.05722e-05	0
1.06779e-05	0
1.07847e-05	0
1.08926e-05	0
1.10015e-05	0
1.11115e-05	0
1.12226e-05	0
1.13348e-05	0
1.14482e-05	0
1.15627e-05	0
1.16783e-05	0
1.17951e-05	0
1.1913e-05	0
1.20322e-05	0
1.21525e-05	0
1.2274e-05	0
1.23967e-05	0
1.25207e-05	0
1.26459e-05	0
1.27724e-05	0
1.29001e-05	0
1.30291e-05	0
1.31594e-05	0
1.3291e-05	0
1.34239e-05	0
1.35581e-05	0
1.36937e-05	0
1.38307e-05	0
1.3969e-05	0
1.41086e-05	0
1.42497e-05	0
1.43922e-05	0
1.45362e-05	0
1.46815e-05	0
1.48283e-05	0
1.49766e-05	0
1.51264e-05	0
1.52776e-05	0
1.54304e-05	0
1.55847e-05	0
1.57406e-05	0
1.5898e-05	0
1.6057e-05	0
1.62175e-05	0
1.63797e-05	0
1.65435e-05	0
1.67089e-05	0
1.6876e-05	0
1.70448e-05	0
1.72152e-05	0
1.73874e-05	0
1.75613e-05	0
1.77369e-05	0
1.79142e-05	0
1.80934e-05	0
1.82743e-05	0
1.84571e-05	0
1.86416e-05	0
1.8828e-05	0
1.90163e-05	0
1.92065e-05	0
1.93986e-05	0
1.95925e-05	0
1.97885e-05	0
1.99864e-05	0
2.01862e-05	0
2.03881e-05	0
2.0592e-05	0
2.07979e-05	0
2.10059e-05	0
2.12159e-05	0
2.14281e-05	0
2.16424e-05	0
2.18588e-05	0
2.20774e-05	0
2.22981e-05	0
2.25211e-05	0
2.27463e-05	0
2.29738e-05	0
2.32035e-05	0
2.34356e-05	0
2.36699e-05	0
2.39066e-05	0
2.41457e-05	0
2.43871e-05	0
2.4631e-05	0
2.48773e-05	0
2.51261e-05	0
2.53774e-05	0
2.56311e-05	0
2.58874e-05	0
2.61463e-05	0
2.64078e-05	0
2.66719e-05	0
2.69386e-05	0
2.7208e-05	0
2.748e-05	0
2.77548e-05	0
2.80324e-05	0
2.83127e-05	0
2.85958e-05	0
2.88818e-05	0
2.91706e-05	0
2.94623e-05	0
2.9757e-05	0
3.00545e-05	0
3.03551e-05	0
3.06586e-05	0
3.09652e-05	0
3.12749e-05	0
3.15876e-05	0
3.19035e-05	0
3.22225e-05	0
3.25447e-05	0
3.28702e-05	0
3.31989e-05	0
3.35309e-05	0
3.38662e-05	0
3.42049e-05	0
3.45469e-05	0
3.48924e-05	0
3.52413e-05	0
3.55937e-05	0
3.59496e-05	0
3.63091e-05	0
3.66722e-05	0
3.7039e-05	0
3.74093e-05	0
3.77834e-05	0
3.81613e-05	0
3.85429e-05	0
3.89283e-05	0
3.93176e-05	0
3.97108e-05	0
4.01079e-05	0
4.0509e-05	0
4.0914e-05	0
4.13232e-05	0
4.17364e-05	0
4.21538e-05	0
4.25753e-05	0
4.30011e-05	0
4.34311e-05	0
4.38654e-05	0
4.4304e-05	0
4.47471e-05	0
4.51946e-05	0
4.56465e-05	0
4.6103e-05	0
4.6564e-05	0
4.70296e-05	0
4.74999e-05	0
4.79749e-05	0
4.84547e-05	0
4.89392e-05	0
4.94286e-05	0
4.99229e-05	0
5.04221e-05	0
5.09264e-05	0
5.14356e-05	0
5.195e-05	0
5.24695e-05	0
5.29942e-05	0
5.35241e-05	0
5.40594e-05	0
5.46e-05	0
5.5146e-05	0
5.56974e-05	0
5.62544e-05	0
5.68169e-05	0
5.73851e-05	0
5.79589e-05	0
5.85385e-05	0
5.91239e-05	0
5.97152e-05	0
6.03123e-05	0
6.09154e-05	0
6.15246e-05	0
6.21398e-05	0
6.27612e-05	0
6.33888e-05	0
6.40227e-05	0
6.4663e-05	0
6.53096e-05	0
6.59627e-05	0
6.66223e-05	0
6.72885e-05	0
6.79614e-05	0
6.8641e-05	0
6.93275e-05	0
7.00207e-05	0
7.07209e-05	0
7.14281e-05	0
7.21424e-05	0
7.28638e-05	0
7.35925e-05	0
7.43284e-05	0
7.50717e-05	0
7.58224e-05	0
7.65806e-05	0
7.73464e-05	0
7.81199e-05	0
7.89011e-05	0
7.96901e-05	0
8.0487e-05	0
8.12919e-05	0
8.21048e-05	0
8.29259e-05	0
8.37551e-05	0
8.45927e-05	0
8.54386e-05	0
8.6293e-05	0
8.71559e-05	0
8.80275e-05	0
8.89077e-05	0
8.97968e-05	0
9.06948e-05	0
9.16017e-05	0
9.25178e-05	0
9.34429e-05	0
9.43774e-05	0
9.53211e-05	0
9.62743e-05	0
9.72371e-05	0
9.82095e-05	0
9.91916e-05	0
0.000100183	0
0.000101185	0
0.000102197	0
0.000103219	0
0.000104251	0
0.000105294	0
0.000106347	0
0.00010741	0
0.000108484	0
0.000109569	0
0.000110665	0
0.000111772	0
0.000112889	0
0.000114018	0
0.000115158	0
0.00011631	0
0.000117473	0
0.000118648	0
0.000119834	0
0.000121033	0
0.000122243	0
0.000123465	0
0.0001247	0
0.000125947	0
0.000127206	0
0.000128478	0
0.000129763	0
0.000131061	0
0.000132372	0
0.000133695	0
0.000135032	0
0.000136383	0
0.000137746	0
0.000139124	0
0.000140515	0
0.00014192	0
0.000143339	0
0.000144773	0
0.000146221	0
0.000147683	0
0.00014916	0
0.000150651	0
0.000152158	0
0.000153679	0
0.000155216	0
0.000156768	0
0.000158336	0
0.000159919	0
0.000161518	0
0.000163134	0
0.000164765	0
0.000166413	0
0.000168077	0
0.000169757	0
0.000171455	0
0.00017317	0
0.000174901	0
0.00017665	0
0.000178417	0
0.000180201	0
0.000182003	0
0.000183823	0
0.000185661	0
0.000187518	0
0.000189393	0
0.000191287	0
0.0001932	0
0.000195132	0
0.000197083	0
0.000199054	0
0.000201045	0
0.000203055	0
0.000205086	0
0.000207136	0
0.000209208	0
0.0002113	0
0.000213413	0
0.000215547	0
0.000217702	0
0.000219879	0
0.000222078	0
0.000224299	0
0.000226542	0
0.000228807	0
0.000231095	0
0.000233406	0
0.000235741	0
0.000238098	0
0.000240479	0
0.000242884	0
0.000245313	0
0.000247766	0
0.000250243	0
0.000252746	0
0.000255273	0
0.000257826	0
0.000260404	0
0.000263008	0
0.000265638	0
0.000268295	0
0.000270978	0
0.000273687	0
0.000276424	0
0.000279189	0
0.00028198	0
0.0002848	0
0.000287648	0
0.000290525	0
0.00029343	0
0.000296364	0
0.000299328	0
0.000302321	0
0.000305344	0
0.000308398	0
0.000311482	0
0.000314597	0
0.000317743	0
0.00032092	0
0.000324129	0
0.00032737	0
0.000330644	0
0.000333951	0
0.00033729	0
0.000340663	0
0.00034407	0
0.00034751	0
0.000350985	0
0.000354495	0
0.00035804	0
0.000361621	0
0.000365237	0
0.000368889	0
0.000372578	0
0.000376304	0
0.000380067	0
0.000383868	0
0.000387706	0
0.000391583	0
0.000395499	0
0.000399454	0
0.000403449	0
0.000407483	0
0.000411558	0
0.000415674	0
0.00041983	0
0.000424029	0
0.000428269	0
0.000432552	0
0.000436877	0
0.000441246	0
0.000445658	0
0.000450115	0
0.000454616	0
0.000459162	0
0.000463754	0
0.000468391	0
0.000473075	0
0.000477806	0
0.000482584	0
0.00048741	0
0.000492284	0
0.000497207	0
0.000502179	0
0.000507201	0
0.000512273	0
0.000517396	0
0.00052257	0
0.000527795	0
0.000533073	0
0.000538404	0
0.000543788	0
0.000549226	0
0.000554718	0
0.000560265	0
0.000565868	0
0.000571527	0
0.000577242	0
0.000583014	0
0.000588844	0
0.000594733	0
0.00060068	0
0.000606687	0
0.000612754	0
0.000618881	0
0.00062507	0
0.000631321	0
0.000637634	0
0.000644011	0
0.000650451	0
0.000656955	0
0.000663525	0
0.00067016	0
0.000676862	0
0.00068363	0
0.000690466	0
0.000697371	0
0.000704345	0
0.000711388	0
0.000718502	0
0.000725687	0
0.000732944	0
0.000740273	0
0.000747676	0
0.000755153	0
0.000762705	0
0.000770332	0
0.000778035	0
0.000785815	0
0.000793673	0
0.00080161	0
0.000809626	0
0.000817722	0
0.0008259	0
0.000834159	0
0.0008425	0
0.000850925	0
0.000859435	0
0.000868029	0
0.000876709	0
0.000885476	0
0.000894331	0
0.000903274	0
0.000912307	0
0.00092143	0
0.000930644	0
0.000939951	0
0.00094935	0
0.000958844	0
0.000968432	0
0.000978117	0
0.000987898	0
0.000997777	0
0.00100775	0
0.00101783	0
0.00102801	0
0.00103829	0
0.00104867	0
0.00105916	0
0.00106975	0
0.00108045	0
0.00109125	0
0.00110217	0
0.00111319	0
0.00112432	0
0.00113556	0
0.00114692	0
0.00115839	0
0.00116997	0
0.00118167	0
0.00119349	0
0.00120542	0
0.00121748	0
0.00122965	0
0.00124195	0
0.00125437	0
0.00126691	0
0.00127958	0
0.00129238	0
0.0013053	0
0.00131835	0
0.00133154	0
0.00134485	0
0.0013583	0
0.00137188	0
0.0013856	0
0.00139946	0
0.00141345	0
0.00142759	0
0.00144186	0
0.00145628	0
0.00147085	0
0.00148555	0
0.00150041	0
0.00151541	0
0.00153057	0
0.00154587	0
0.00156133	0
0.00157695	0
0.00159271	0
0.00160864	0
0.00162473	0
0.00164098	0
0.00165739	0
0.00167396	0
0.0016907	0
0.00170761	0
0.00172468	0
0.00174193	0
0.00175935	0
0.00177694	0
0.00179471	0
0.00181266	0
0.00183078	0
0.00184909	0
0.00186758	0
0.00188626	0
0.00190512	0
0.00192417	0
0.00194341	0
0.00196285	0
0.00198248	0
0.0020023	0
0.00202232	0
0.00204255	0
0.00206297	0
0.0020836	0
0.00210444	0
0.00212548	0
0.00214674	0
0.00216821	0
0.00218989	0
0.00221179	0
0.0022339	0
0.00225624	0
0.00227881	0
0.00230159	0
0.00232461	0
0.00234786	0
0.00237134	0
0.00239505	0
0.002419	0
0.00244319	0
0.00246762	0
0.0024923	0
0.00251722	0
0.00254239	0
0.00256782	0
0.00259349	0
0.00261943	0
0.00264562	0
0.00267208	0
0.0026988	0
0.00272579	0
0.00275305	0
0.00278058	0
0.00280838	0
0.00283647	0
0.00286483	0
0.00289348	0
0.00292241	0
0.00295164	0
0.00298115	0
0.00301097	0
0.00304108	0
0.00307149	0
0.0031022	0
0.00313322	0
0.00316456	0
0.0031962	0
0.00322816	0
0.00326045	0
0.00329305	0
0.00332598	0
0.00335924	0
0.00339283	0
0.00342676	0
0.00346103	0
0.00349564	0
0.00353059	0
0.0035659	0
0.00360156	0
0.00363758	0
0.00367395	0
0.00371069	0
0.0037478	0
0.00378528	0
0.00382313	0
0.00386136	0
0.00389997	0
0.00393897	0
0.00397836	0
0.00401815	0
0.00405833	0
0.00409891	0
0.0041399	0
0.0041813	0
0.00422311	0
0.00426534	0
0.004308	0
0.00435108	0
0.00439459	0
0.00443853	0
0.00448292	0
0.00452775	0
0.00457303	0
0.00461876	0
0.00466494	0
0.00471159	0
0.00475871	0
0.0048063	0
0.00485436	0
0.0049029	0
0.00495193	0
0.00500145	0
0.00505146	0
0.00510198	0
0.005153	0
0.00520453	0
0.00525657	0
0.00530914	0
0.00536223	0
0.00541585	0
0.00547001	0
0.00552471	0
0.00557996	0
0.00563576	0
0.00569212	0
0.00574904	0
0.00580653	0
0.00586459	0
0.00592324	0
0.00598247	0
0.0060423	0
0.00610272	0
0.00616375	0
0.00622538	0
0.00628764	0
0.00635051	0
0.00641402	0
0.00647816	0
0.00654294	0
0.00660837	0
0.00667445	0
0.0067412	0
0.00680861	0
0.0068767	0
0.00694546	0
0.00701492	0
0.00708507	0
0.00715592	0
0.00722748	0
0.00729975	0
0.00737275	0
0.00744648	0
0.00752094	0
0.00759615	0
0.00767211	0
0.00774883	0
0.00782632	0
0.00790459	0
0.00798363	0
0.00806347	0
0.0081441	0
0.00822554	0
0.0083078	0
0.00839088	0
0.00847479	0
0.00855953	0
0.00864513	0
0.00873158	0
0.0088189	0
0.00890709	0
0.00899616	0
0.00908612	0
0.00917698	0
0.00926875	0
0.00936144	0
0.00945505	0
0.0095496	0
0.0096451	0
0.00974155	0
0.00983896	0
0.00993735	0
0.0100367	0
0.0101371	0
0.0102385	0
0.0103409	0
0.0104443	0
0.0105487	0
0.0106542	0
0.0107607	0
0.0108683	0
0.010977	0
0.0110868	0
0.0111977	0
0.0113096	0
0.0114227	0
0.011537	0
0.0116523	0
0.0117689	0
0.0118865	0
0.0120054	0
0.0121255	0
0.0122467	0
0.0123692	0
0.0124929	0
0.0126178	0
0.012744	0
0.0128714	0
0.0130001	0
0.0131301	0
0.0132614	0
0.0133941	0
0.013528	0
0.0136633	0
0.0137999	0
0.0139379	0
0.0140773	0
0.0142181	0
0.0143602	0
0.0145038	0
0.0146489	0
0.0147954	0
0.0149433	0
0.0150928	0
0.0152437	0
0.0153961	0
0.0155501	0
0.0157056	0
0.0158626	0
0.0160213	0
0.0161815	0
0.0163433	0
0.0165067	0
0.0166718	0
0.0168385	0
0.0170069	0
0.017177	0
0.0173487	0
0.0175222	0
0.0176974	0
0.0178744	0
0.0180532	0
0.0182337	0
0.018416	0
0.0186002	0
0.0187862	0
0.0189741	0
0.0191638	0
0.0193554	0
0.019549	0
0.0197445	0
0.0199419	0
0.0201413	0
0.0203427	0
0.0205462	0
0.0207516	0
0.0209592	0
0.0211687	0
0.0213804	0
0.0215942	0
0.0218102	0
0.0220283	0
0.0222486	0
0.0224711	0
0.0226958	0
0.0229227	0
0.0231519	0
0.0233835	0
0.0236173	0
0.0238535	0
0.024092	0
0.0243329	0
0.0245763	0
0.024822	0
0.0250702	0
0.0253209	0
0.0255742	0
0.0258299	0
0.0260882	0
0.0263491	0
0.0266126	0
0.0268787	0
0.0271475	0
0.027419	0
0.0276931	0
0.0279701	0
0.0282498	0
0.0285323	0
0.0288176	0
0.0291058	0
0.0293968	0
0.0296908	0
0.0299877	0
0.0302876	0
0.0305905	0
0.0308964	0
0.0312053	0
0.0315174	0
0.0318326	0
0.0321509	0
0.0324724	0
0.0327971	0
0.0331251	0
0.0334563	0
0.0337909	0
0.0341288	0
0.0344701	0
0.0348148	0
0.0351629	0
0.0355146	0
0.0358697	0
0.0362284	0
0.0365907	0
0.0369566	0
0.0373262	0
0.0376994	0
0.0380764	0
0.0384572	0
0.0388418	0
0.0392302	0
0.0396225	0
0.0400187	0
0.0404189	0
0.0408231	0
0.0412313	0
0.0416436	0
0.0420601	0
0.0424807	0
0.0429055	0
0.0433345	0
0.0437679	0
0.0442056	0
0.0446476	0
0.0450941	0
0.045545	0
0.0460005	0
0.0464605	0
0.0469251	0
0.0473943	0
0.0478683	0
0.048347	0
0.0488304	0
0.0493187	0
0.0498119	0
0.05031	0
0.0508131	0
0.0513213	0
0.0518345	0
0.0523528	0
0.0528764	0
0.0534051	0
0.0539392	0
0.0544786	0
0.0550234	0
0.0555736	0
0.0561293	0
0.0566906	0
0.0572575	0
0.0578301	0
0.0584084	0
0.0589925	0
0.0595824	0
0.0601782	0
0.06078	0
0.0613878	0
0.0620017	0
0.0626217	0
0.0632479	0
0.0638804	0
0.0645192	0
0.0651644	0
0.065816	0
0.0664742	0
0.0671389	0
0.0678103	0
0.0684884	0
0.0691733	0
0.0698651	0
0.0705637	0
0.0712693	0
0.071982	0
0.0727019	0
0.0734289	0
0.0741632	0
0.0749048	0
0.0756538	0
0.0764104	0
0.0771745	0
0.0779462	0
0.0787257	0
0.079513	0
0.0803081	0
0.0811112	0
0.0819223	0
0.0827415	0
0.0835689	0
0.0844046	0
0.0852486	0
0.0861011	0
0.0869621	0
0.0878318	0
0.0887101	0
0.0895972	0
0.0904932	0
0.0913981	0
0.0923121	0
0.0932352	0
0.0941675	0
0.0951092	0
0.0960603	0
0.0970209	0
0.0979911	0
0.098971	0
0.0999607	0
0.10096	0
0.10197	0
0.10299	0
0.10402	0
0.10506	0
0.10611	0
0.107171	0
0.108243	0
0.109326	0
0.110419	0
0.111523	0
0.112638	0
0.113765	0
0.114902	0
0.116051	0
0.117212	0
0.118384	0
0.119568	0
0.120763	0
0.121971	0
0.123191	0
0.124423	0
0.125667	0
0.126924	0
0.128193	0
0.129475	0
0.13077	0
0.132077	0
0.133398	0
0.134732	0
0.136079	0
0.13744	0
0.138814	0
0.140203	0
0.141605	0
0.143021	0
0.144451	0
0.145895	0
0.147354	0
0.148828	0
0.150316	0
0.151819	0
0.153338	0
0.154871	0
0.15642	0
0.157984	0
0.159564	0
0.161159	0
0.162771	0
0.164399	0
0.166043	0
0.167703	0
0.16938	0
0.171074	0
0.172785	0
0.174512	0
0.176258	0
0.17802	0
0.1798	0
0.181598	0
0.183414	0
0.185248	0
0.187101	0
0.188972	0
0.190862	0
0.19277	0
0.194698	0
0.196645	0
0.198611	0
0.200598	0
0.202604	0
0.20463	0
0.206676	0
0.208743	0
0.21083	0
0.212938	0
0.215068	0
0.217218	0
0.219391	0
0.221584	0
0.2238	0
0.226038	0
0.228299	0
0.230582	0
0.232888	0
0.235216	0
0.237569	0
0.239944	0
0.242344	0
0.244767	0
0.247215	0
0.249687	0
0.252184	0
0.254706	0
0.257253	0
0.259825	0
0.262423	0
0.265048	0
0.267698	0
0.270375	0
0.273079	0
0.27581	0
0.278568	0
0.281354	0
0.284167	0
0.287009	0
0.289879	0
0.292778	0
0.295705	0
0.298662	0
0.301649	0
0.304666	0
0.307712	0
0.310789	0
0.313897	0
0.317036	0
0.320207	0
0.323409	0
0.326643	0
0.329909	0
0.333208	0
0.33654	0
0.339906	0
0.343305	0
0.346738	0
0.350205	0
0.353707	0
0.357244	0
0.360817	0
0.364425	0
0.368069	0
0.37175	0
0.375467	0
0.379222	0
0.383014	0
0.386844	0
0.390713	0
0.39462	0
0.398566	0
0.402552	0
0.406577	0
0.410643	0
0.41475	0
0.418897	0
0.423086	0
0.427317	0
0.43159	0
0.435906	0
0.440265	0
0.444668	0
0.449114	0
0.453605	0
0.458142	0
0.462723	0
0.46735	0
0.472024	0
0.476744	0
0.481511	0
0.486326	0
0.49119	0
0.496102	0
0.501063	0
0.506073	0
0.511134	0
0.516245	0
0.521408	0
0.526622	0
0.531888	0
0.537207	0
0.542579	0
0.548005	0
0.553485	0
0.55902	0
0.56461	0
0.570256	0
0.575959	0
0.581718	0
0.587535	0
0.593411	0
0.599345	0
0.605338	0
0.611392	0
0.617506	0
0.623681	0
0.629917	0
0.636217	0
0.642579	0
0.649005	0
0.655495	0
0.66205	0
0.66867	0
0.675357	0
0.68211	0
0.688931	0
0.695821	0
0.702779	0
0.709807	0
0.716905	0
0.724074	0
0.731315	0
0.738628	-3.87376e+52
0.746014	-3.91007e+52
0.753474	-3.9467e+52
0.761009	-3.97917e+52
0.768619	-4.0164e+52
0.776305	-4.05395e+52
0.784068	-4.09182e+52
0.791909	-4.1249e+52
0.799828	-4.16338e+52
0.807826	-4.20219e+52
0.815905	-4.23554e+52
0.824064	-4.27497e+52
0.832304	-4.31473e+52
0.840627	-4.34831e+52
0.849034	-4.38869e+52
0.857524	-4.42941e+52
0.866099	-4.46316e+52
0.87476	-4.5045e+52
0.883508	-4.5462e+52
0.892343	-4.58006e+52
0.901266	-4.62238e+52
0.910279	-4.66506e+52
0.919382	-4.69894e+52
0.928575	-4.74225e+52
0.937861	-4.77584e+52
0.94724	-4.81978e+52
0.956712	-4.86408e+52
0.966279	-4.89754e+52
0.975942	-4.94248e+52
0.985702	-4.98778e+52
0.995559	-5.02103e+52
1.00551	-5.06697e+52
1.01557	-5.09966e+52
1.02572	-5.14623e+52
1.03598	-5.19317e+52
1.04634	-5.22546e+52
1.05681	-5.27302e+52
1.06737	-5.30457e+52
1.07805	-5.35275e+52
1.08883	-5.38345e+52
1.09972	-5.43224e+52
1.11071	-5.46197e+52
1.12182	-5.51136e+52
1.13304	-5.56115e+52
1.14437	-5.59e+52
1.15581	-5.64037e+52
1.16737	-5.66803e+52
1.17904	-5.71898e+52
1.19083	-5.7453e+52
1.20274	-5.79682e+52
1.21477	-5.82168e+52
1.22692	-5.87374e+52
1.23919	-5.89702e+52
1.25158	-5.94961e+52
1.2641	-5.97113e+52
1.27674	-6.02424e+52
1.2895	-6.04388e+52
1.3024	-6.06138e+52
1.31542	-6.11503e+52
1.32858	-6.13032e+52
1.34186	-6.18442e+52
1.35528	-6.19733e+52
1.36883	-6.25184e+52
1.38252	-6.26217e+52
1.39635	-6.2698e+52
1.41031	-6.32465e+52
1.42441	-6.32934e+52
1.43866	-6.38451e+52
1.45304	-6.38606e+52
1.46758	-6.38438e+52
1.48225	-6.43969e+52
1.49707	-6.43444e+52
1.51204	-6.42564e+52
1.52716	-6.48094e+52
1.54244	-6.46814e+52
1.55786	-6.45138e+52
1.57344	-6.50649e+52
1.58917	-6.48525e+52
1.60507	-6.45965e+52
1.62112	-6.42947e+52
1.63733	-6.48376e+52
1.6537	-6.44832e+52
1.67024	-6.40791e+52
1.68694	-6.36226e+52
1.70381	-6.41525e+52
1.72085	-6.36352e+52
1.73806	-6.30606e+52
1.75544	-6.24266e+52
1.77299	-6.29382e+52
1.79072	-6.22337e+52
1.80863	-6.14645e+52
1.82671	-6.06281e+52
1.84498	-5.97214e+52
1.86343	-5.87417e+52
1.88207	-5.76868e+52
1.90089	-5.814e+52
1.9199	-5.69938e+52
1.93909	-5.57658e+52
1.95848	-5.44527e+52
1.97807	-5.30517e+52
1.99785	-5.15594e+52
2.01783	-4.99733e+52
2.03801	-4.82897e+52
2.05839	-4.65047e+52
2.07897	-4.46153e+52
2.09976	-4.2618e+52
2.12076	-4.05091e+52
2.14197	-3.82848e+52
2.16339	-3.59412e+52
2.18502	-3.34745e+52
2.20687	-3.08811e+52
2.22894	-2.81563e+52
2.25123	-2.52953e+52
2.27374	-2.22949e+52
2.29648	-1.58488e+52
2.31944	-1.2437e+52
2.34264	-8.86888e+51
2.36606	-5.13969e+51
2.38972	-1.24426e+51
2.41362	2.8217e+51
2.43776	1.12237e+52
2.46213	1.57887e+52
2.48676	2.05438e+52
2.51162	2.54954e+52
2.53674	3.55041e+52
2.56211	4.10235e+52
2.58773	4.67611e+52
2.61361	5.27225e+52
2.63974	6.45475e+52
2.66614	7.11525e+52
2.6928	7.80053e+52
2.71973	9.14231e+52
2.74693	9.89819e+52
2.7744	1.13653e+53
2.80214	1.21974e+53
2.83016	1.37985e+53
2.85846	1.47123e+53
2.88705	1.56571e+53
2.91592	1.74567e+53
2.94508	1.84902e+53
2.97453	2.04457e+53
3.00427	2.25036e+53
3.03432	2.36946e+53
3.06466	2.59248e+53
3.0953	2.72215e+53
3.12626	2.96333e+53
3.15752	3.21645e+53
3.1891	3.36473e+53
3.22099	3.63784e+53
3.2532	3.92408e+53
3.28573	4.09278e+53
3.31859	4.40099e+53
3.35177	4.72347e+53
3.38529	5.06075e+53
3.41914	5.26121e+53
3.45333	5.62342e+53
3.48787	6.00179e+53
3.52275	6.39679e+53
3.55797	6.809e+53
3.59355	7.23902e+53
3.62949	7.68733e+53
3.66578	7.95754e+53
3.70244	8.43688e+53
3.73947	8.93614e+53
3.77686	9.67619e+53
3.81463	1.02252e+54
3.85277	1.07964e+54
3.8913	1.13904e+54
3.93022	1.20076e+54
3.96952	1.26491e+54
4.00921	1.33156e+54
4.04931	1.40076e+54
4.0898	1.47258e+54
4.1307	1.57782e+54
4.172	1.65622e+54
4.21372	1.7375e+54
4.25586	1.82177e+54
4.29842	1.94458e+54
4.3414	2.03624e+54
4.38482	2.13118e+54
4.42867	2.26902e+54
4.47295	2.37205e+54
4.51768	2.52124e+54
4.56286	2.6329e+54
4.60849	2.79416e+54
4.65457	2.91497e+54
4.70112	3.08904e+54
4.74813	3.21958e+54
4.79561	3.40721e+54
4.84357	3.603e+54
4.892	3.75009e+54
4.94092	3.9607e+54
4.99033	4.18024e+54
5.04023	4.34546e+54
5.09064	4.58121e+54
5.14154	4.82665e+54
5.19296	5.08208e+54
5.24489	5.34783e+54
5.29734	5.54846e+54
5.35031	5.83298e+54
5.40381	6.12871e+54
5.45785	6.43598e+54
5.51243	6.7551e+54
5.56755	7.08648e+54
5.62323	7.43044e+54
5.67946	7.8843e+54
5.73626	8.25793e+54
5.79362	8.64534e+54
5.85156	9.04697e+54
5.91007	9.46322e+54
5.96917	9.89445e+54
6.02886	1.04604e+55
6.08915	1.09269e+55
6.15004	1.14098e+55
6.21154	1.20418e+55
6.27366	1.25631e+55
6.3364	1.32442e+55
6.39976	1.38062e+55
6.46376	1.45391e+55
6.5284	1.51443e+55
6.59368	1.59322e+55
6.65962	1.65831e+55
6.72621	1.7429e+55
6.79347	1.81281e+55
6.86141	1.90353e+55
6.93002	1.99778e+55
6.99932	2.09566e+55
7.06932	2.17667e+55
7.14001	2.28141e+55
7.21141	2.39008e+55
7.28352	2.50279e+55
7.35636	2.61968e+55
7.42992	2.74086e+55
7.50422	2.86644e+55
7.57926	2.99655e+55
7.65506	3.1313e+55
7.73161	3.27084e+55
7.80892	3.4153e+55
7.88701	3.5648e+55
7.96588	3.75008e+55
8.04554	3.91105e+55
8.126	4.07749e+55
8.20726	4.24957e+55
8.28933	4.46224e+55
8.37222	4.64708e+55
8.45595	4.87521e+55
8.5405	5.07355e+55
8.62591	5.27832e+55
8.71217	5.53055e+55
8.79929	5.79216e+55
8.88728	6.01979e+55
8.97616	6.29948e+55
9.06592	6.54293e+55
9.15658	6.84175e+55
9.24814	7.15111e+55
9.34062	7.47149e+55
9.43403	7.75053e+55
9.52837	8.09212e+55
9.62365	8.4455e+55
9.71989	8.81105e+55
9.81709	9.18904e+55
9.91526	9.57982e+55
10.0144	9.98367e+55
10.1146	1.0401e+56
10.2157	1.08321e+56
10.3179	1.12774e+56
10.421	1.17372e+56
10.5252	1.22118e+56
10.6305	1.27772e+56
10.7368	1.32848e+56
10.8442	1.38084e+56
10.9526	1.43486e+56
11.0621	1.4906e+56
11.1728	1.54812e+56
11.2845	1.60749e+56
11.3973	1.66878e+56
11.5113	1.73205e+56
11.6264	1.79738e+56
11.7427	1.86485e+56
11.8601	1.92404e+56
11.9787	1.99567e+56
12.0985	2.06964e+56
12.2195	2.14604e+56
12.3417	2.21316e+56
12.4651	2.29431e+56
12.5898	2.37814e+56
12.7156	2.45183e+56
12.8428	2.54089e+56
12.9712	2.6192e+56
13.1009	2.7138e+56
13.232	2.79702e+56
13.3643	2.89753e+56
13.4979	3.00138e+56
13.6329	3.09278e+56
13.7692	3.20314e+56
13.9069	3.30028e+56
14.046	3.41755e+56
14.1864	3.52083e+56
14.3283	3.62707e+56
14.4716	3.75527e+56
14.6163	3.86822e+56
14.7625	4.00449e+56
14.9101	4.12458e+56
15.0592	4.26945e+56
15.2098	4.39713e+56
15.3619	4.52847e+56
15.5155	4.6869e+56
15.6707	4.82656e+56
15.8274	4.97024e+56
15.9856	5.14351e+56
16.1455	5.29631e+56
16.307	5.45349e+56
16.47	5.64302e+56
16.6347	5.8102e+56
16.8011	5.98218e+56
16.9691	6.18954e+56
17.1388	6.37247e+56
17.3102	6.56066e+56
17.4833	6.75427e+56
17.6581	6.98768e+56
17.8347	7.19362e+56
18.013	7.40551e+56
18.1932	7.62353e+56
18.3751	7.84785e+56
18.5588	8.11825e+56
18.7444	8.35686e+56
18.9319	8.60238e+56
19.1212	8.855e+56
19.3124	9.11495e+56
19.5055	9.42827e+56
19.7006	9.70481e+56
19.8976	9.98938e+56
20.0966	1.02822e+57
20.2975	1.05835e+57
20.5005	1.08935e+57
20.7055	1.12126e+57
20.9126	1.15971e+57
21.1217	1.19366e+57
21.3329	1.2286e+57
21.5462	1.26455e+57
21.7617	1.30154e+57
21.9793	1.33961e+57
22.1991	1.37879e+57
22.4211	1.41911e+57
22.6453	1.4606e+57
22.8718	1.5033e+57
23.1005	1.54725e+57
23.3315	1.59248e+57
23.5648	1.63902e+57
23.8004	1.68692e+57
24.0384	1.73622e+57
24.2788	1.78696e+57
24.5216	1.83918e+57
24.7668	1.89293e+57
25.0145	1.94824e+57
25.2647	2.00518e+57
25.5173	2.06377e+57
25.7725	2.12408e+57
26.0302	2.18616e+57
26.2905	2.25005e+57
26.5534	2.31581e+57
26.8189	2.3835e+57
27.0871	2.45316e+57
27.358	2.52487e+57
27.6316	2.59868e+57
27.9079	2.67466e+57
28.187	2.75287e+57
28.4688	2.83337e+57
28.7535	2.91623e+57
29.0411	2.98691e+57
29.3315	3.07429e+57
29.6248	3.16423e+57
29.921	3.2568e+57
30.2202	3.35211e+57
30.5225	3.45021e+57
30.8277	3.55121e+57
31.136	3.63732e+57
31.4473	3.74383e+57
31.7618	3.85346e+57
32.0794	3.96631e+57
32.4002	4.08248e+57
32.7242	4.18156e+57
33.0514	4.30406e+57
33.382	4.43017e+57
33.7158	4.56003e+57
34.0529	4.69368e+57
34.3935	4.80764e+57
34.7374	4.94862e+57
35.0848	5.09377e+57
35.4356	5.24317e+57
35.79	5.37052e+57
36.1479	5.52807e+57
36.5094	5.6903e+57
36.8744	5.85732e+57
37.2432	5.99965e+57
37.6156	6.17576e+57
37.9918	6.35707e+57
38.3717	6.54373e+57
38.7554	6.70279e+57
39.143	6.89965e+57
39.5344	7.10232e+57
39.9297	7.27501e+57
40.329	7.48877e+57
40.7323	7.70885e+57
41.1397	7.8963e+57
41.551	8.1284e+57
41.9666	8.36733e+57
42.3862	8.57084e+57
42.8101	8.82283e+57
43.2382	9.08225e+57
43.6706	9.3032e+57
44.1073	9.5768e+57
44.5483	9.85846e+57
44.9938	1.00983e+58
45.4438	1.03953e+58
45.8982	1.07011e+58
46.3572	1.09615e+58
46.8208	1.1284e+58
47.289	1.15585e+58
47.7619	1.18985e+58
48.2395	1.22486e+58
48.7219	1.25465e+58
49.2091	1.29156e+58
49.7012	1.32298e+58
50.1982	1.3619e+58
50.7002	1.40197e+58
51.2072	1.43606e+58
51.7192	1.4783e+58
52.2364	1.51424e+58
52.7588	1.55878e+58
53.2864	1.59667e+58
53.8193	1.64362e+58
54.3574	1.69196e+58
54.901	1.73307e+58
55.45	1.78402e+58
56.0045	1.82735e+58
56.5646	1.88105e+58
57.1302	1.92672e+58
57.7015	1.98332e+58
58.2785	2.03146e+58
58.8613	2.09111e+58
59.4499	2.15251e+58
60.0444	2.20471e+58
60.6449	2.2694e+58
61.2513	2.3244e+58
61.8638	2.39257e+58
62.4825	2.45052e+58
63.1073	2.52235e+58
63.7384	2.5834e+58
64.3758	2.65906e+58
65.0195	2.72337e+58
65.6697	2.80308e+58
66.3264	2.87081e+58
66.9897	2.95476e+58
67.6596	3.0261e+58
68.3362	3.1145e+58
69.0195	3.18962e+58
69.7097	3.28271e+58
70.4068	3.3618e+58
71.1109	3.45981e+58
71.822	3.54308e+58
72.5402	3.64624e+58
73.2656	3.73389e+58
73.9983	3.84247e+58
74.7383	3.93471e+58
75.4857	4.04898e+58
76.2405	4.14603e+58
77.0029	4.26625e+58
77.7729	4.36836e+58
78.5507	4.49483e+58
79.3362	4.60223e+58
80.1295	4.73524e+58
80.9308	4.8482e+58
81.7401	4.98806e+58
82.5575	5.1318e+58
83.3831	5.25385e+58
84.217	5.40494e+58
85.0591	5.53324e+58
85.9097	5.69201e+58
86.7688	5.82685e+58
87.6365	5.99368e+58
88.5129	6.13532e+58
89.398	6.31055e+58
90.292	6.45931e+58
91.1949	6.64327e+58
92.1068	6.7995e+58
93.0279	6.99263e+58
93.9582	7.15664e+58
94.8978	7.35936e+58
95.8467	7.53143e+58
96.8052	7.74409e+58
97.7733	7.96235e+58
98.751	8.14767e+58
99.7385	8.37651e+58
100.736	8.57084e+58
101.743	8.81074e+58
102.761	9.0568e+58
103.788	9.26576e+58
104.826	9.52357e+58
105.874	9.74249e+58
106.933	1.00124e+59
108.003	1.02893e+59
109.083	1.05243e+59
110.173	1.08139e+59
111.275	1.11107e+59
112.388	1.13628e+59
113.512	1.16732e+59
114.647	1.19911e+59
115.793	1.22612e+59
116.951	1.25935e+59
118.121	1.29337e+59
119.302	1.32228e+59
120.495	1.3578e+59
121.7	1.39416e+59
122.917	1.43137e+59
124.146	1.46301e+59
125.388	1.50182e+59
126.641	1.54152e+59
127.908	1.58212e+59
129.187	1.62364e+59
130.479	1.65895e+59
131.784	1.70219e+59
133.101	1.74638e+59
134.432	1.79153e+59
135.777	1.83766e+59
137.135	1.88477e+59
138.506	1.93289e+59
139.891	1.98201e+59
141.29	2.03216e+59
142.703	2.08333e+59
144.13	2.13555e+59
145.571	2.18882e+59
147.027	2.24314e+59
148.497	2.29854e+59
149.982	2.35501e+59
151.482	2.41256e+59
152.997	2.47121e+59
154.527	2.53095e+59
156.072	2.5918e+59
157.633	2.65375e+59
159.209	2.72699e+59
160.801	2.79133e+59
162.409	2.85679e+59
164.033	2.92337e+59
165.673	3.00184e+59
167.33	3.07081e+59
169.003	3.1409e+59
170.694	3.2233e+59
172.4	3.29576e+59
174.124	3.38081e+59
175.866	3.45562e+59
177.624	3.54326e+59
179.401	3.62039e+59
181.195	3.71057e+59
183.007	3.78998e+59
184.837	3.88262e+59
186.685	3.97651e+59
188.552	4.05927e+59
190.437	4.15549e+59
192.342	4.25287e+59
194.265	4.35138e+59
196.208	4.45098e+59
198.17	4.53893e+59
200.152	4.64054e+59
202.153	4.74312e+59
204.175	4.84662e+59
206.216	4.951e+59
208.279	5.06896e+59
210.361	5.1749e+59
212.465	5.28154e+59
214.59	5.38884e+59
216.735	5.49671e+59
218.903	5.61761e+59
221.092	5.72638e+59
223.303	5.84782e+59
225.536	5.95716e+59
227.791	6.07875e+59
230.069	6.18835e+59
232.37	6.30967e+59
234.693	6.4306e+59
237.04	6.55101e+59
239.411	6.67077e+59
241.805	6.78977e+59
244.223	6.90789e+59
246.665	7.025e+59
249.132	7.14098e+59
251.623	7.26496e+59
254.139	7.37797e+59
256.681	7.49791e+59
259.248	7.61538e+59
261.84	7.73027e+59
264.458	7.84243e+59
267.103	7.95809e+59
269.774	8.06399e+59
272.472	8.17722e+59
275.197	8.28501e+59
277.949	8.38743e+59
280.728	8.48765e+59
283.535	8.58613e+59
286.371	8.67903e+59
289.234	8.76589e+59
292.127	8.8399e+59
295.048	8.9092e+59
297.998	8.97886e+59
300.978	9.04886e+59
303.988	9.1192e+59
307.028	9.18989e+59
310.098	9.26092e+59
313.199	9.33228e+59
316.331	9.40398e+59
319.495	9.47601e+59
322.69	9.54837e+59
325.917	9.62105e+59
329.176	9.69406e+59
332.467	9.76738e+59
335.792	9.84102e+59
339.15	9.91497e+59
342.542	9.98922e+59
345.967	1.00638e+60
349.427	1.01386e+60
352.921	1.02138e+60
356.45	1.02892e+60
360.015	1.0365e+60
363.615	1.0441e+60
367.251	1.05172e+60
370.923	1.05938e+60
374.633	1.06706e+60
378.379	1.07477e+60
382.163	1.0825e+60
385.984	1.09026e+60
389.844	1.09805e+60
393.743	1.10585e+60
397.68	1.11368e+60
401.657	1.12153e+60
405.673	1.12941e+60
409.73	1.1373e+60
413.827	1.14522e+60
417.966	1.15316e+60
422.145	1.16111e+60
426.367	1.16908e+60
430.631	1.17708e+60
434.937	1.18508e+60
439.286	1.19311e+60
443.679	1.20115e+60
448.116	1.2092e+60
452.597	1.21727e+60
457.123	1.22535e+60
461.694	1.23344e+60
466.311	1.24154e+60
470.974	1.24966e+60
475.684	1.25778e+60
480.441	1.26591e+60
485.245	1.27405e+60
490.098	1.28219e+60
494.999	1.29034e+60
499.949	1.29849e+60
504.948	1.30664e+60
509.998	1.3148e+60
515.098	1.32296e+60
520.249	1.33112e+60
525.451	1.33927e+60
530.706	1.34743e+60
536.013	1.35558e+60
541.373	1.36372e+60
546.787	1.37186e+60
552.254	1.37999e+60
557.777	1.38811e+60
563.355	1.39622e+60
568.988	1.40432e+60
574.678	1.41241e+60
580.425	1.42048e+60
586.229	1.42853e+60
592.091	1.43657e+60
598.012	1.44459e+60
603.992	1.45259e+60
610.032	1.46057e+60
616.133	1.46853e+60
622.294	1.47646e+60
628.517	1.48436e+60
634.802	1.49224e+60
641.15	1.50008e+60
647.562	1.5079e+60
654.037	1.51568e+60
660.578	1.52343e+60
667.183	1.53114e+60
673.855	1.53881e+60
680.594	1.54645e+60
687.4	1.55404e+60
694.274	1.56159e+60
701.217	1.56909e+60
708.229	1.57655e+60
715.311	1.58396e+60
722.464	1.59131e+60
729.689	1.59862e+60
736.986	1.60587e+60
744.355	1.61306e+60
751.799	1.6202e+60
759.317	1.62727e+60
766.91	1.63428e+60
774.579	1.64123e+60
782.325	1.64811e+60
790.148	1.65492e+60
798.05	1.66166e+60
806.03	1.66833e+60
814.091	1.67492e+60
822.232	1.68144e+60
830.454	1.68787e+60
838.758	1.69423e+60
847.146	1.7005e+60
855.617	1.70668e+60
864.174	1.71278e+60
872.815	1.71879e+60
881.543	1.7247e+60
890.359	1.73052e+60
899.262	1.73624e+60
908.255	1.74186e+60
917.338	1.74738e+60
926.511	1.7528e+60
935.776	1.75811e+60
945.134	1.76331e+60
954.585	1.7684e+60
964.131	1.77337e+60
973.772	1.77823e+60
983.51	1.78298e+60
993.345	1.7876e+60
1003.28	1.7921e+60
1013.31	1.79647e+60
1023.44	1.80072e+60
1033.68	1.80483e+60
1044.02	1.80882e+60
1054.46	1.81267e+60
1065	1.81638e+60
1075.65	1.81995e+60
1086.41	1.82338e+60
1097.27	1.82667e+60
1108.24	1.82981e+60
1119.33	1.8328e+60
1130.52	1.83564e+60
1141.82	1.83833e+60
1153.24	1.84086e+60
1164.78	1.84324e+60
1176.42	1.84545e+60
1188.19	1.8475e+60
1200.07	1.84939e+60
1212.07	1.85111e+60
1224.19	1.85266e+60
1236.43	1.85404e+60
1248.8	1.85525e+60
1261.28	1.85628e+60
1273.9	1.85714e+60
1286.64	1.85781e+60
1299.5	1.85831e+60
1312.5	1.85862e+60
1325.62	1.85875e+60
1338.88	1.85868e+60
1352.27	1.85843e+60
1365.79	1.85799e+60
1379.45	1.85736e+60
1393.24	1.85653e+60
1407.18	1.85551e+60
1421.25	1.85428e+60
1435.46	1.85286e+60
1449.81	1.85124e+60
1464.31	1.84942e+60
1478.96	1.84739e+60
1493.75	1.84516e+60
1508.68	1.84272e+60
1523.77	1.84007e+60
1539.01	1.83721e+60
1554.4	1.83415e+60
1569.94	1.83087e+60
1585.64	1.82738e+60
1601.5	1.82368e+60
1617.51	1.81976e+60
1633.69	1.81563e+60
1650.02	1.81129e+60
1666.52	1.80673e+60
1683.19	1.80195e+60
1700.02	1.79695e+60
1717.02	1.79174e+60
1734.19	1.78631e+60
1751.53	1.78066e+60
1769.05	1.77479e+60
1786.74	1.7687e+60
1804.61	1.7624e+60
1822.65	1.75588e+60
1840.88	1.74914e+60
1859.29	1.74218e+60
1877.88	1.735e+60
1896.66	1.72761e+60
1915.63	1.72e+60
1934.78	1.71218e+60
1954.13	1.70414e+60
1973.67	1.69589e+60
1993.41	1.68742e+60
2013.34	1.67875e+60
2033.48	1.66986e+60
2053.81	1.66076e+60
2074.35	1.65146e+60
2095.09	1.64195e+60
2116.04	1.63223e+60
2137.2	1.62231e+60
2158.58	1.61219e+60
2180.16	1.60187e+60
2201.96	1.59136e+60
2223.98	1.58065e+60
2246.22	1.56974e+60
2268.69	1.55865e+60
2291.37	1.54736e+60
2314.29	1.5359e+60
2337.43	1.52425e+60
2360.8	1.51242e+60
2384.41	1.50041e+60
2408.26	1.48823e+60
2432.34	1.47587e+60
2456.66	1.46335e+60
2481.23	1.45067e+60
2506.04	1.43783e+60
2531.1	1.42482e+60
2556.41	1.41167e+60
2581.98	1.39836e+60
2607.8	1.38491e+60
2633.87	1.37132e+60
2660.21	1.35759e+60
2686.81	1.34373e+60
2713.68	1.32973e+60
2740.82	1.31561e+60
2768.23	1.30137e+60
2795.91	1.28702e+60
2823.87	1.27255e+60
2852.11	1.25798e+60
2880.63	1.2433e+60
2909.43	1.22853e+60
2938.53	1.21366e+60
2967.91	1.19871e+60
2997.59	1.18367e+60
3027.57	1.16856e+60
3057.84	1.15337e+60
3088.42	1.13812e+60
3119.31	1.12281e+60
3150.5	1.10744e+60
3182.01	1.09202e+60
3213.83	1.07655e+60
3245.96	1.06105e+60
3278.42	1.04551e+60
3311.21	1.02994e+60
3344.32	1.01435e+60
3377.76	9.98741e+59
3411.54	9.8312e+59
3445.66	9.67493e+59
3480.11	9.51865e+59
3514.91	9.36242e+59
3550.06	9.2063e+59
3585.56	9.05034e+59
3621.42	8.89461e+59
3657.63	8.73914e+59
3694.21	8.58401e+59
3731.15	8.42927e+59
3768.46	8.27497e+59
3806.15	8.12117e+59
3844.21	7.96793e+59
3882.65	7.81529e+59
3921.48	7.66332e+59
3960.69	7.51206e+59
4000.3	7.36157e+59
4040.3	7.21191e+59
4080.71	7.06311e+59
4121.51	6.91525e+59
4162.73	6.76835e+59
4204.36	6.62248e+59
4246.4	6.47769e+59
4288.86	6.33401e+59
4331.75	6.1915e+59
4375.07	6.05021e+59
4418.82	5.91017e+59
4463.01	5.77144e+59
4507.64	5.63404e+59
4552.71	5.49804e+59
4598.24	5.36346e+59
4644.22	5.23034e+59
4690.67	5.09873e+59
4737.57	4.96865e+59
4784.95	4.84015e+59
4832.8	4.71325e+59
4881.13	4.588e+59
4929.94	4.46441e+59
4979.24	4.34253e+59
5029.03	4.22237e+59
5079.32	4.10397e+59
5130.11	3.98734e+59
5181.41	3.87252e+59
5233.23	3.75952e+59
5285.56	3.64837e+59
5338.42	3.53908e+59
5391.8	3.43166e+59
5445.72	3.32615e+59
5500.17	3.22254e+59
5555.18	3.12085e+59
5610.73	3.02109e+59
5666.84	2.92328e+59
5723.5	2.82741e+59
5780.74	2.73349e+59
5838.55	2.64153e+59
5896.93	2.55154e+59
5955.9	2.4635e+59
6015.46	2.37742e+59
6075.61	2.2933e+59
6136.37	2.21114e+59
6197.73	2.13092e+59
6259.71	2.05265e+59
6322.31	1.97631e+59
6385.53	1.90189e+59
6449.39	1.82939e+59
6513.88	1.75879e+59
6579.02	1.69007e+59
6644.81	1.62323e+59
6711.26	1.55825e+59
6778.37	1.4951e+59
6846.16	1.43377e+59
6914.62	1.37425e+59
6983.76	1.3165e+59
7053.6	1.26051e+59
7124.14	1.20626e+59
7195.38	1.15371e+59
7267.33	1.10285e+59
7340	1.05366e+59
7413.4	1.00609e+59
7487.54	9.60134e+58
7562.41	9.15755e+58
7638.04	8.72926e+58
7714.42	8.31618e+58
7791.56	7.91802e+58
7869.48	7.53446e+58
7948.17	7.1652e+58
8027.66	6.80993e+58
8107.93	6.46834e+58
8189.01	6.14011e+58
8270.9	5.82491e+58
8353.61	5.52244e+58
8437.15	5.23235e+58
8521.52	4.95434e+58
8606.73	4.68807e+58
8692.8	4.43322e+58
8779.73	4.18947e+58
8867.53	3.95649e+58
8956.2	3.73396e+58
9045.76	3.52155e+58
9136.22	3.31896e+58
9227.58	3.12586e+58
9319.86	2.94194e+58
9413.06	2.76689e+58
9507.19	2.60041e+58
9602.26	2.44219e+58
9698.28	2.29193e+58
9795.26	2.14934e+58
9893.22	2.01413e+58
9992.15	1.88602e+58
10092.1	1.76472e+58
10193	1.64997e+58
10294.9	1.54149e+58
10397.9	1.43903e+58
10501.8	1.34232e+58
10606.9	1.25112e+58
10712.9	1.16519e+58
10820.1	1.08428e+58
10928.3	1.00816e+58
11037.5	9.36621e+57
11147.9	8.69432e+57
11259.4	8.06385e+57
11372	7.47276e+57
11485.7	6.91907e+57
11600.6	6.40087e+57
11716.6	5.91631e+57
11833.7	5.46362e+57
11952.1	5.04107e+57
12071.6	4.64701e+57
12192.3	4.27988e+57
12314.2	3.93813e+57
12437.4	3.62032e+57
12561.8	3.32505e+57
12687.4	3.05098e+57
12814.3	2.79683e+57
12942.4	2.56138e+57
13071.8	2.34348e+57
13202.5	2.14201e+57
13334.6	1.95592e+57
13467.9	1.78421e+57
13602.6	1.62593e+57
13738.6	1.48018e+57
13876	1.3461e+57
14014.8	1.2229e+57
14154.9	1.1098e+57
14296.5	1.0061e+57
14439.4	9.11108e+56
14583.8	8.24193e+56
14729.7	7.44754e+56
14876.9	6.72229e+56
15025.7	6.06091e+56
15176	5.45845e+56
15327.7	4.91029e+56
15481	4.41211e+56
15635.8	3.95988e+56
15792.2	3.54984e+56
15950.1	3.1785e+56
16109.6	2.84261e+56
16270.7	2.53915e+56
16433.4	2.26533e+56
16597.7	2.01855e+56
16763.7	1.79642e+56
16931.4	1.59674e+56
17100.7	1.41745e+56
17271.7	1.25669e+56
17444.4	1.11272e+56
17618.8	9.83957e+55
17795	8.68952e+55
17973	7.66368e+55
18152.7	6.74988e+55
18334.2	5.93698e+55
18517.6	5.21482e+55
18702.8	4.57418e+55
18889.8	4.00663e+55
19078.7	3.50456e+55
19269.5	3.06104e+55
19462.2	2.6698e+55
19656.8	2.32518e+55
19853.3	2.02208e+55
20051.9	1.75589e+55
20252.4	1.52245e+55
20454.9	1.31806e+55
20659.5	1.13937e+55
20866.1	9.83381e+54
21074.7	8.47431e+54
21285.5	7.29128e+54
21498.3	6.26345e+54
21713.3	5.37189e+54
21930.4	4.59978e+54
22149.8	3.93221e+54
22371.2	3.35598e+54
22595	2.85941e+54
22820.9	2.43222e+54
23049.1	2.06533e+54
23279.6	1.75078e+54
23512.4	1.48156e+54
23747.5	1.25154e+54
23985	1.05536e+54
24224.9	8.88347e+53
24467.1	7.46414e+53
24711.8	6.26015e+53
24958.9	5.24071e+53
25208.5	4.37914e+53
25460.6	3.65234e+53
25715.2	3.04039e+53
25972.3	2.52614e+53
26232	2.09481e+53
26494.4	1.73373e+53
26759.3	1.43207e+53
27026.9	1.18054e+53
27297.2	9.71229e+52
27570.1	7.97409e+52
27845.8	6.53355e+52
28124.3	5.34216e+52
28405.5	4.35888e+52
28689.6	3.54907e+52
28976.5	2.88355e+52
29266.3	2.33778e+52
29558.9	1.89118e+52
29854.5	1.52654e+52
30153.1	1.22947e+52
30454.6	9.87993e+51
30759.1	7.92146e+51
31066.7	6.33669e+51
31377.4	5.05727e+51
31691.2	4.02676e+51
32008.1	3.19868e+51
32328.2	2.53486e+51
32651.4	2.00397e+51
32978	1.58042e+51
33307.7	1.24334e+51
33640.8	9.75736e+50
33977.2	7.63813e+50
34317	5.9641e+50
34660.2	4.64509e+50
35006.8	3.60848e+50
35356.8	2.79591e+50
35710.4	2.16063e+50
36067.5	1.66527e+50
36428.2	1.28005e+50
36792.5	9.81273e+49
37160.4	7.50181e+49
37532	5.71929e+49
37907.3	4.34817e+49
38286.4	3.29646e+49
38669.3	2.49202e+49
39055.9	1.87849e+49
39446.5	1.4119e+49
39841	1.0581e+49
40239.4	7.90613e+48
40641.8	5.88982e+48
41048.2	4.3745e+48
41458.7	3.23914e+48
41873.3	2.39107e+48
42292	1.75956e+48
42714.9	1.29078e+48
43142.1	9.4389e+47
43573.5	6.88016e+47
44009.2	4.99884e+47
44449.3	3.62009e+47
44893.8	2.61298e+47
45342.7	1.87977e+47
45796.2	1.34775e+47
46254.1	9.63024e+46
46716.7	6.8576e+46
47183.8	4.86632e+46
47655.7	3.44117e+46
48132.2	2.42479e+46
48613.6	1.70251e+46
49099.7	1.19107e+46
49590.7	8.30238e+45
50086.6	5.7659e+45
50587.5	3.98947e+45
51093.3	2.75e+45
51604.3	1.88843e+45
52120.3	1.29183e+45
52641.5	8.80297e+44
53167.9	5.97524e+44
53699.6	4.03986e+44
54236.6	2.72048e+44
54779	1.82463e+44
55326.8	1.21882e+44
55880	8.10806e+43
56438.8	5.37148e+43
57003.2	3.54365e+43
57573.2	2.32793e+43
58149	1.52276e+43
58730.5	9.91789e+42
59317.8	6.43151e+42
59911	4.15234e+42
60510.1	2.66896e+42
61115.2	1.70781e+42
61726.3	1.08785e+42
62343.6	6.8977e+41
62967	4.35342e+41
63596.7	2.73481e+41
64232.6	1.70991e+41
64875	1.06402e+41
65523.7	6.5892e+40
66179	4.06073e+40
66840.8	2.49024e+40
67509.2	1.51958e+40
68184.3	9.22637e+39
68866.1	5.57364e+39
69554.8	3.34987e+39
70250.3	2.00296e+39
70952.8	1.19139e+39
71662.3	7.04934e+38
72379	4.14889e+38
73102.7	2.42875e+38
73833.8	1.41409e+38
74572.1	8.18825e+37
75317.8	4.71522e+37
76071	2.70013e+37
76831.7	1.5375e+37
77600	8.70499e+36
78376	4.90028e+36
79159.8	2.7425e+36
79951.4	1.52589e+36
80750.9	8.43956e+35
81558.4	4.63997e+35
82374	2.5356e+35
83197.7	1.37719e+35
84029.7	7.43399e+34
84870	3.98789e+34
85718.7	2.12583e+34
86575.9	1.12604e+34
87441.7	5.92633e+33
88316.1	3.09885e+33
89199.2	1.60979e+33
90091.2	8.30734e+32
90992.1	4.25846e+32
91902.1	2.16825e+32
92821.1	1.09649e+32
93749.3	5.50693e+31
94686.8	2.74658e+31
95633.7	1.36026e+31
96590	6.68918e+30
97555.9	3.26595e+30
98531.5	1.58308e+30
99516.8	7.61762e+29
