0.735599	7.94508e-07
0.761075	1.73751e-06
0.786415	2.06626e-06
0.811677	2.44377e-06
0.836868	2.86886e-06
0.861995	3.34441e-06
0.886817	3.92518e-06
0.912154	4.43805e-06
0.936806	5.22756e-06
0.961955	5.86986e-06
0.986829	6.75304e-06
1.01145	7.751e-06
1.03618	8.71293e-06
1.06068	9.93072e-06
1.08529	1.11027e-05
1.10968	1.25463e-05
1.13419	1.39615e-05
1.15849	1.56931e-05
1.18259	1.75436e-05
1.20652	1.96193e-05
1.23056	2.15543e-05
1.25444	2.3941e-05
1.27787	2.68788e-05
1.30143	2.9349e-05
1.32512	3.20286e-05
1.34839	3.5659e-05
1.3718	3.86656e-05
1.39481	4.28705e-05
1.41796	4.64313e-05
1.44074	5.12647e-05
1.46365	5.51927e-05
1.48646	6.00753e-05
1.50893	6.59418e-05
1.53153	7.08495e-05
1.55404	7.67267e-05
1.57623	8.37967e-05
1.59856	8.94347e-05
1.62081	9.65706e-05
1.64298	0.000103884
1.66485	0.000112982
1.68687	0.000120107
1.7086	0.000129913
1.73048	0.000137865
1.75209	0.000148961
1.77384	0.000157979
1.79533	0.000170047
1.81676	0.000181612
1.83833	0.000191507
1.85966	0.000206079
1.88094	0.000218922
1.90216	0.000232613
1.92335	0.000247024
1.94448	0.000262398
1.96558	0.000277786
1.98663	0.000294596
2.00746	0.000314447
2.02826	0.000332317
2.04919	0.000347705
2.06992	0.000370809
2.09079	0.000388017
2.11145	0.000411834
2.13208	0.000433913
2.15268	0.000457544
2.17325	0.000480776
2.19363	0.000510334
2.21415	0.000531222
2.23464	0.000558058
2.25494	0.000590592
2.27522	0.000620336
2.29564	0.00064447
2.31588	0.000680654
2.3361	0.000713037
2.3563	0.000747429
2.37632	0.000786702
2.39634	0.000822636
2.41648	0.000854599
2.43646	0.000899643
2.45642	0.000939258
2.47637	0.000980439
2.4963	0.00102128
2.51622	0.00106525
2.53612	0.00111226
2.55587	0.00116728
2.57575	0.00120695
2.59548	0.00126564
2.6152	0.00131528
2.6349	0.00137032
2.6546	0.00142297
2.67429	0.00147895
2.69383	0.00154738
2.7139	0.00156529
2.73249	0.00175192
2.75228	0.00170828
2.77193	0.00178782
2.79143	0.00186496
2.8108	0.00194942
2.83004	0.00203071
2.85042	0.00199077
2.8694	0.00221507
2.88825	0.00230369
2.90822	0.00225458
2.92681	0.00250055
2.94652	0.00244529
2.9661	0.00254708
2.98555	0.00264842
3.00367	0.00294005
3.02288	0.0028612
3.04316	0.00280712
3.06212	0.00309754
3.08096	0.00321778
3.09969	0.00334543
3.11947	0.00326734
3.13797	0.00360406
3.1575	0.00352682
3.17692	0.00366174
3.19509	0.00403395
3.21428	0.00393131
3.23335	0.00408332
3.25232	0.00423337
3.27117	0.00438086
3.28992	0.00453824
3.30965	0.00444953
3.32818	0.00487957
3.34661	0.00504182
3.36601	0.00493064
3.38423	0.00540223
3.40342	0.00527899
3.42249	0.00546302
3.44147	0.00565163
3.46034	0.00584557
3.4791	0.00605161
3.49777	0.00624496
3.51634	0.00645261
3.53481	0.00667357
3.5542	0.00652488
3.57247	0.00711189
3.59166	0.00695912
3.60974	0.00758147
3.62873	0.00742323
3.64763	0.0076637
3.66642	0.00789779
3.68512	0.00815885
3.70372	0.00840321
3.72223	0.00867731
3.74065	0.00894482
3.75898	0.00920433
3.77722	0.00948106
3.79633	0.00929805
3.81439	0.0100836
3.83331	0.0098529
3.85214	0.0101671
3.87088	0.0104595
3.88859	0.0113456
3.90715	0.0110759
3.92563	0.0114164
3.94493	0.0111805
3.96323	0.0120834
3.98144	0.0124272
4.00048	0.0121959
4.01852	0.0131518
4.03738	0.0128815
4.05526	0.0139226
4.07395	0.013632
4.09256	0.014015
4.11108	0.0144075
4.12952	0.014807
4.14787	0.0151902
4.16615	0.0156266
4.18434	0.0160237
4.20246	0.0164534
4.22135	0.0161336
4.23931	0.0173536
4.25804	0.0170332
4.27669	0.0174919
4.29442	0.0187746
4.31291	0.0184133
4.33132	0.0188974
4.34966	0.0193917
4.36792	0.0198615
4.3861	0.0203732
4.40503	0.0200233
4.42306	0.0214679
4.44102	0.0219727
4.45971	0.0215516
4.47752	0.0231292
4.49607	0.0226436
4.51453	0.0232128
4.53293	0.0237941
4.55124	0.0243826
4.56949	0.0250197
4.58766	0.0255919
4.60576	0.0262129
4.62379	0.0268412
4.64253	0.0263897
4.66042	0.0281952
4.67901	0.0276715
4.69753	0.0283005
4.71521	0.0302673
4.73358	0.0296854
4.75189	0.0303439
4.77012	0.0311012
4.78829	0.03178
4.80639	0.0325151
4.82517	0.031947
4.84313	0.0340456
4.86102	0.0348658
4.87959	0.0341899
4.89735	0.0364179
4.91578	0.0357526
4.93415	0.0365693
4.95244	0.0374479
4.97067	0.0382319
4.98883	0.0391427
5.00692	0.0399486
5.02495	0.0408837
5.04364	0.0401894
5.06154	0.0427111
5.08008	0.0419122
5.09786	0.0445285
5.11627	0.0438096
5.13462	0.0447649
5.15221	0.0475383
5.17043	0.0466153
5.18929	0.0459335
5.20738	0.0486483
5.22541	0.0497455
5.24338	0.0507869
5.26197	0.0499437
5.27982	0.0529476
5.29828	0.0520538
5.31601	0.0550898
5.33435	0.054223
5.35263	0.0552676
5.37084	0.0564886
5.389	0.0576504
5.40709	0.0588219
5.42513	0.0599227
5.44376	0.0589656
5.46168	0.0624776
5.47953	0.0637138
5.49799	0.0626714
5.51638	0.0638475
5.53471	0.0651256
5.55233	0.0689601
5.57054	0.0676995
5.58869	0.0690356
5.60743	0.0680842
5.62547	0.0718966
5.64345	0.0731825
5.66201	0.072044
5.67987	0.0760578
5.69831	0.0748562
5.71669	0.0763105
5.73438	0.0806478
5.75264	0.0793374
5.77085	0.0807347
5.789	0.0822721
5.8071	0.0838208
5.82575	0.0825708
5.84373	0.0871479
5.86227	0.085706
5.88014	0.0903144
5.89857	0.0889265
5.91633	0.093815
5.93464	0.0923615
5.9529	0.0939296
5.97111	0.0956591
5.98925	0.0975429
6.00795	0.0960056
6.02598	0.101155
6.04397	0.102975
6.06249	0.101318
6.08096	0.10316
6.09878	0.108656
6.11714	0.107031
6.13545	0.108794
6.1537	0.110894
6.1719	0.11286
6.19004	0.114683
6.20871	0.113242
6.22675	0.118779
6.24473	0.12101
6.26324	0.119109
6.2817	0.121202
6.29952	0.127444
6.31787	0.12559
6.33617	0.127786
6.35441	0.130006
6.37317	0.128261
6.39131	0.134446
6.4094	0.136743
6.42799	0.134694
6.44598	0.141475
6.46447	0.139529
6.48291	0.141919
6.5013	0.144314
6.51964	0.146634
6.53792	0.149104
6.55615	0.151382
6.57434	0.153903
6.59247	0.156451
6.6111	0.154391
6.62913	0.161931
6.64766	0.159538
6.66614	0.162187
6.68456	0.165078
6.70294	0.167653
6.72126	0.170145
6.73954	0.173158
6.75776	0.175954
6.77647	0.173716
6.7946	0.181707
6.81321	0.179106
6.83176	0.182006
6.84974	0.190604
6.8682	0.188098
6.88661	0.190818
6.90497	0.193841
6.92329	0.19718
6.94207	0.194473
6.96029	0.203174
6.97897	0.200931
6.99709	0.209886
7.01568	0.206935
7.03422	0.210169
7.05271	0.213435
7.07115	0.216735
7.08954	0.220068
7.10789	0.223434
7.12669	0.221073
7.14494	0.230349
7.16365	0.227878
7.18181	0.237745
7.20042	0.23448
7.21898	0.238038
7.2375	0.24163
7.25597	0.245258
7.27439	0.249281
7.29327	0.246382
7.3116	0.256812
7.33037	0.253786
7.3491	0.257246
7.36729	0.268267
7.38593	0.265428
7.40452	0.268951
7.42306	0.273288
7.44204	0.269832
7.46049	0.280983
7.47889	0.285452
7.49773	0.282186
7.51604	0.293784
7.53479	0.290418
7.55349	0.294398
7.57215	0.298635
7.59076	0.302912
7.60932	0.307672
7.62831	0.304294
7.64678	0.316076
7.66521	0.321016
7.68407	0.317638
7.70287	0.322149
7.72164	0.326231
7.74035	0.331296
7.75902	0.335972
7.77765	0.340876
7.79623	0.345598
7.81524	0.341881
7.83373	0.355272
7.85264	0.350939
7.8715	0.356556
7.88987	0.370447
7.90864	0.365811
7.92783	0.362574
7.94652	0.376011
7.96516	0.381347
7.98421	0.377352
8.00277	0.391777
8.02173	0.388228
8.04065	0.393743
8.05907	0.408716
8.0779	0.404303
8.09714	0.399718
8.11588	0.414979
8.13458	0.420471
8.15368	0.416223
8.17229	0.432653
8.1913	0.427561
8.21027	0.433277
8.22919	0.439263
8.24807	0.445029
8.26691	0.451495
8.28571	0.457417
8.3049	0.452505
8.3236	0.469035
8.34271	0.46438
8.36176	0.47139
8.38078	0.476861
8.39975	0.483999
8.41868	0.490211
8.43756	0.495811
8.45683	0.491329
8.47563	0.509635
8.49482	0.504722
8.51438	0.499717
8.53136	0.581638
8.55254	0.471651
8.56944	0.597648
8.59052	0.483645
8.60735	0.612248
8.62834	0.496834
8.64927	0.503153
8.66599	0.636466
8.68683	0.51565
8.70348	0.65352
8.72423	0.528642
8.74494	0.535971
8.76147	0.678844
8.78209	0.549287
8.79855	0.694634
8.81909	0.563626
8.83957	0.57018
8.86001	0.577873
8.87633	0.731684
8.89668	0.592696
8.91699	0.600314
8.9332	0.758134
8.95343	0.613744
8.97361	0.621807
8.99374	0.630565
9.01383	0.638772
9.02987	0.807299
9.04988	0.65272
9.06984	0.660813
9.08976	0.669264
9.10964	0.677486
9.12947	0.687064
9.14926	0.694424
9.16506	0.877803
9.18478	0.711516
9.20445	0.719027
9.22408	0.728996
9.24367	0.737678
9.26321	0.745739
9.28272	0.755956
9.30218	0.763735
9.32161	0.772999
9.34099	0.782002
9.36034	0.792624
9.37964	0.800957
9.3989	0.811333
9.41813	0.819856
9.43731	0.830744
9.46029	0.70105
9.47939	0.850568
9.49845	0.860486
9.51747	0.870114
9.53646	0.880255
9.5554	0.891676
9.57431	0.900225
9.59696	0.760878
9.61579	0.924066
9.63458	0.93279
9.65333	0.944749
9.67579	0.797113
9.69447	0.966087
9.71311	0.978331
9.73171	0.987827
9.75399	0.83449
9.77252	1.01119
9.79101	1.02382
9.81315	0.862341
9.83156	1.04823
9.84994	1.05759
9.87196	0.893235
9.89026	1.08259
9.91218	0.914252
9.93041	1.10786
9.94861	1.12074
9.9704	0.943606
9.98853	1.14668
10.0102	0.96674
10.0283	1.17289
10.0499	0.988272
10.0679	1.199
10.0894	1.0092
10.1109	1.02287
10.1288	1.23901
10.1502	1.04574
10.168	1.26833
10.1893	1.06835
10.2106	1.07943
10.2283	1.31102
10.2495	1.10307
10.2707	1.11596
10.2883	1.35325
10.3093	1.14009
10.3304	1.15325
10.3479	1.40019
10.3688	1.17895
10.3897	1.19067
10.4106	1.20419
10.4279	1.4598
10.4487	1.22948
10.4695	1.24507
10.4902	1.25716
10.5109	1.27298
10.5315	1.28708
10.5521	1.29939
10.5692	1.57476
10.5897	1.3259
10.6102	1.34229
10.6307	1.35686
10.651	1.36954
10.6714	1.38629
10.6917	1.40115
10.712	1.41611
10.7323	1.4291
10.7525	1.44632
10.7726	1.45946
10.7928	1.47693
10.8128	1.49022
10.8363	1.29218
10.8555	1.58253
10.8747	1.60512
10.8972	1.3806
10.9163	1.64231
10.9386	1.41693
10.9609	1.43117
10.9831	1.44976
11.002	1.72031
11.0241	1.48051
11.0461	1.49525
11.0682	1.51011
11.0902	1.52943
11.1121	1.54664
11.1341	1.55738
11.1559	1.58095
11.1777	1.59394
11.1995	1.6113
11.2212	1.63187
11.2462	1.43141
11.2678	1.66929
11.2894	1.68018
11.3142	1.48402
11.3357	1.71847
11.3603	1.51854
11.3817	1.75949
11.4063	1.54616
11.4276	1.79877
11.4521	1.58252
11.4764	1.60326
11.4977	1.8545
11.5219	1.63809
11.5462	1.65255
11.5703	1.67615
11.5945	1.69042
11.6186	1.70978
11.6426	1.72905
11.6666	1.74561
11.6905	1.76708
11.7144	1.7854
11.7382	1.80667
11.762	1.82486
11.7888	1.63538
11.8124	1.86923
11.836	1.88716
11.8627	1.68458
11.8862	1.93281
11.9127	1.73014
11.9361	1.97112
11.9625	1.76633
11.9858	2.01821
12.0121	1.80829
12.0383	1.82192
12.0645	1.84539
12.0877	2.10258
12.1137	1.88605
12.1397	1.90768
12.1656	1.92844
12.1915	1.94572
12.2174	1.97074
12.2431	1.99808
12.2689	2.00913
12.2975	1.82955
12.3231	2.06486
12.3487	2.08183
12.3742	2.10499
12.4026	1.91196
12.428	2.14945
12.4562	1.95508
12.4815	2.19885
12.5095	2.00191
12.5348	2.24948
12.5628	2.04245
12.5879	2.29219
12.6158	2.08464
12.6436	2.10607
12.6714	2.13333
12.699	2.15729
12.7267	2.17888
12.7543	2.20409
12.7819	2.22246
12.8093	2.25787
12.8368	2.27041
12.8641	2.30822
12.8915	2.32158
12.9187	2.35326
12.9487	2.1607
12.9758	2.40787
13.0057	2.20231
13.0328	2.45574
13.0625	2.2584
13.0895	2.50475
13.1191	2.3062
13.1459	2.56479
13.1755	2.34853
13.2049	2.38171
13.2343	2.40661
13.2637	2.43014
13.2902	2.70985
13.3195	2.48002
13.3486	2.51862
13.3804	2.3242
13.4095	2.56104
13.4384	2.60281
13.4674	2.62112
13.4963	2.65378
13.5277	2.45491
13.5565	2.71063
13.5878	2.51152
13.6164	2.77243
13.6477	2.56479
13.6762	2.83795
13.7073	2.61448
13.7384	2.64427
13.7693	2.67842
13.7976	2.95512
13.8284	2.73711
13.8593	2.765
13.8899	2.80707
13.9232	2.60656
13.9537	2.86055
13.9843	2.88873
14.0147	2.92335
14.0451	2.96398
14.078	2.75561
14.1083	3.02378
14.141	2.81738
14.1711	3.09225
14.2038	2.87353
14.2363	2.91344
14.2688	2.9433
14.2987	3.22417
14.331	3.0165
14.3632	3.04242
14.3954	3.07628
14.4276	3.10666
14.4621	2.92505
14.4941	3.18737
14.526	3.2135
14.5578	3.25825
14.5921	3.05039
14.6238	3.31745
14.6579	3.12449
14.6895	3.3972
14.7234	3.18946
14.7573	3.23061
14.791	3.26812
14.8248	3.29108
14.856	3.59256
14.8896	3.37238
14.9255	3.18451
14.9589	3.45537
14.9922	3.48862
15.0256	3.51778
15.0611	3.33848
15.0942	3.60323
15.1297	3.40166
15.1626	3.68853
15.1979	3.48191
15.2331	3.52207
15.2659	3.8104
15.3009	3.59483
15.3358	3.64071
15.3707	3.68113
15.4078	3.49205
15.4425	3.76698
15.4771	3.80833
15.5117	3.84455
15.5485	3.64123
15.5829	3.93898
15.6195	3.72866
15.6537	4.02805
15.6902	3.8077
15.7265	3.86129
15.7628	3.90514
15.799	3.93991
15.8351	3.98765
15.8711	4.03309
15.9071	4.07287
15.9452	3.88295
15.981	4.17867
16.0189	3.97144
16.0545	4.26638
16.0923	4.0615
16.1278	4.3523
16.1653	4.16235
16.2028	4.19881
16.2403	4.23634
16.2775	4.30736
16.3148	4.34367
16.3542	4.13873
16.3912	4.44952
16.4281	4.49931
16.4673	4.28204
16.5062	4.34178
16.5429	4.66041
16.5818	4.43445
16.6205	4.49659
16.659	4.55384
16.6976	4.58242
16.736	4.64398
16.7744	4.70315
16.8148	4.49539
16.8529	4.81226
16.8931	4.61111
16.9311	4.90763
16.9711	4.71555
17.011	4.7632
17.0508	4.82445
17.0907	4.86749
17.1302	4.93277
17.1698	4.98975
17.2092	5.03882
17.2507	4.83762
17.2899	5.16177
17.3311	4.95197
17.3702	5.27171
17.4112	5.06487
17.4522	5.12334
17.4931	5.16993
17.5339	5.23964
17.5765	5.06178
17.617	5.36229
17.6575	5.42257
17.6999	5.22381
17.7403	5.54125
17.7824	5.34948
17.8245	5.4115
17.8665	5.47394
17.9084	5.53665
17.9501	5.60661
17.9938	5.40583
18.0354	5.72041
18.0789	5.52341
18.1203	5.85268
18.1635	5.65856
18.2067	5.71602
18.2497	5.78172
18.2927	5.84657
18.3356	5.91336
18.3783	5.98929
18.423	5.78169
18.4656	6.11976
18.51	5.9206
18.5542	5.99651
18.5965	6.33103
18.6406	6.13305
18.6864	5.93817
18.7303	6.27769
18.774	6.3399
18.8195	6.16071
18.863	6.48645
18.9084	6.28577
18.9536	6.35893
18.9987	6.43254
19.0437	6.50663
19.0886	6.58118
19.1353	6.39078
19.18	6.73494
19.2264	6.54929
19.2728	6.61443
19.3171	6.97862
19.3633	6.75764
19.4111	6.59176
19.457	6.93559
19.5027	7.0217
19.5502	6.81316
19.5976	6.90318
19.643	7.26041
19.6902	7.06189
19.7372	7.13283
19.786	6.95681
19.8327	7.3077
19.8812	7.12044
19.9278	7.47973
19.9761	7.27512
20.0243	7.35993
20.0723	7.4452
20.1202	7.54176
20.1679	7.6471
20.2174	7.43015
20.265	7.78572
20.3142	7.60357
20.3633	7.70247
20.4123	7.79283
20.4612	7.87153
20.5116	7.70711
20.5602	8.05505
20.6105	7.85925
20.6606	7.96088
20.7106	8.06536
20.7605	8.14603
20.8102	8.27281
20.8615	8.05953
20.911	8.4464
20.9622	8.23757
21.0132	8.35606
21.0639	8.46127
21.1147	8.53865
21.167	8.37128
21.2174	8.75212
21.2695	8.55805
21.3215	8.65595
21.3731	8.79063
21.4248	8.85862
21.4763	8.97252
21.5294	8.78219
21.5824	8.88839
21.6351	9.01047
21.6878	9.09507
21.7403	9.21415
21.7928	9.32047
21.8467	9.14372
21.8988	9.53659
21.9525	9.34335
22.0077	9.18824
22.0611	9.56561
22.1142	9.71307
22.169	9.49044
22.2237	9.63023
22.2782	9.72794
22.3325	9.85664
22.3866	9.99347
22.4423	9.79971
22.4963	10.1769
22.5517	10.0144
22.6086	9.8519
22.6636	10.2776
22.7186	10.3898
22.7751	10.1914
22.8314	10.3398
22.8874	10.4854
22.9434	10.5678
23.0009	10.4033
23.0567	10.8199
23.1137	10.686
23.1707	10.7759
23.2276	10.9176
23.2858	10.7556
23.3425	11.1626
23.4003	11.0343
23.4582	11.137
23.5159	11.2716
23.5749	11.1122
23.6338	11.2573
23.691	11.6744
23.7511	11.2059
23.8096	11.6305
23.8678	11.7937
23.9276	11.594
23.9871	11.7449
24.0465	11.9002
24.1056	12.0532
24.1661	11.8856
24.2266	12.0142
24.2869	12.169
24.3468	12.3448
24.4083	12.1475
24.4681	12.608
24.5293	12.4364
24.5902	12.5838
24.6524	12.4654
24.713	12.8996
24.775	12.75
24.8368	12.8848
24.8998	12.7745
24.9613	13.1908
25.024	13.066
25.0866	13.2018
25.1489	13.4077
25.2127	13.2223
25.2763	13.3952
25.3383	13.8586
25.4027	13.4282
25.4658	13.8578
25.5302	13.6996
25.5944	13.8826
25.6583	14.0669
25.7234	13.9616
25.7885	14.1009
25.8534	14.2309
25.9181	14.4372
25.9825	14.6222
26.0483	14.4498
26.1139	14.6464
26.1808	14.5055
26.2459	15.0353
26.3124	14.8499
26.3787	15.0241
26.4462	14.8999
26.5121	15.4068
26.5792	15.2818
26.6462	15.4438
26.7143	15.344
26.7808	15.876
26.8472	16.0228
26.9136	16.1947
26.9797	16.3767
27.0587	13.8498
27.1245	16.7973
27.1902	17.0084
27.2557	17.1869
27.334	14.5203
27.399	17.6571
27.464	17.8099
27.5417	15.0496
27.6064	18.2515
27.6836	15.4285
27.7479	18.7224
27.8249	15.7705
27.8888	19.1438
27.9654	16.187
28.029	19.6317
28.1052	16.5548
28.1812	16.7705
28.2442	20.3772
28.3198	17.1425
28.3953	17.374
28.4705	17.5952
28.5453	17.8263
28.6077	21.5861
28.6823	18.1942
28.7568	18.4195
28.8311	18.6684
28.905	18.9079
28.9789	19.1205
29.0526	19.3537
29.1262	19.5594
29.2115	17.013
29.2846	20.0931
29.3575	20.3261
29.4303	20.5656
29.5027	20.8239
29.5872	18.0103
29.6594	21.2981
29.7314	21.5416
29.815	18.7559
29.8866	22.0712
29.97	19.1612
30.0413	22.6461
30.124	19.6621
30.1949	23.198
30.2774	20.0955
30.3598	20.3291
30.4299	24.1143
30.5118	20.8354
30.5934	21.1298
30.6748	21.3614
30.7561	21.6293
30.8254	25.5484
30.9062	22.1289
30.9868	22.397
31.0672	22.7045
31.1472	22.9999
31.2387	20.3518
31.3184	23.5835
31.3979	23.8649
31.4771	24.1639
31.5562	24.3942
31.6464	21.6183
31.7252	24.983
31.8036	25.3595
31.8931	22.4533
31.9712	25.9746
32.0602	23.0052
32.1379	26.5689
32.2264	23.5942
32.3036	27.2596
32.3918	24.1068
32.4796	24.4505
32.5671	24.7761
32.6436	28.6305
32.7308	25.2837
32.8178	25.625
32.9043	26.0037
32.9908	26.3054
33.0771	26.5865
33.1633	26.9239
33.2491	27.2814
33.3345	27.6719
33.4306	24.8232
33.5157	28.3189
33.6006	28.6517
33.6958	25.7832
33.7803	29.3351
33.8645	29.6736
33.9591	26.7469
34.0427	30.5205
34.1368	27.3656
34.2307	27.6895
34.3138	31.5578
34.4069	28.45
34.5	28.7461
34.5928	29.111
34.6854	29.4865
34.7775	29.9514
34.8696	30.2192
34.9614	30.5836
35.053	30.9642
35.1441	31.4102
35.2353	31.6833
35.3262	32.146
35.4269	29.2982
35.517	32.9968
35.6072	33.3584
35.7071	30.3546
35.7968	34.1505
35.896	31.1697
35.9951	31.5608
36.084	35.4858
36.1826	32.2813
36.2807	32.7572
36.3789	33.1179
36.4766	33.5723
36.5742	33.9905
36.6712	34.4926
36.7682	34.7893
36.865	35.2218
36.9613	35.7219
37.0575	36.1319
37.1631	33.2622
37.2588	36.9959
37.3542	37.5338
37.4589	34.5127
37.5539	38.4304
37.658	35.3749
37.7617	35.8529
37.856	39.7855
37.9594	36.6546
38.0622	37.1946
38.165	37.6417
38.2675	38.1117
38.3697	38.5255
38.4716	39.1063
38.5733	39.4872
38.6839	36.6647
38.7848	40.5903
38.8857	40.9886
38.9956	38.0674
39.0957	42.187
39.2048	39.0645
39.3046	43.1422
39.4132	40.0309
39.5213	40.5896
39.6293	41.0712
39.737	41.5265
39.8442	42.1374
39.9513	42.6349
40.0582	43.0581
40.1645	43.7913
40.2707	44.1735
40.3855	41.3567
40.4912	45.3018
40.6053	42.4537
40.7104	46.4402
40.8239	43.4759
40.9282	47.708
41.0413	44.4403
41.1539	45.1255
41.266	45.7289
41.378	46.2685
41.4897	46.8473
41.601	47.49
41.7122	48.0268
41.8315	45.166
41.9418	49.3627
42.052	49.8563
42.1705	46.839
42.2883	47.5199
42.3976	51.7775
42.515	48.6096
42.6318	49.3323
42.7487	49.8785
42.8652	50.5553
42.981	51.2268
43.0969	51.7506
43.2125	52.3373
43.3357	49.6379
43.4505	53.7434
43.5733	50.8057
43.6873	55.3102
43.8095	52.0996
43.9309	52.8584
44.0523	53.4247
44.1653	57.9333
44.286	54.7991
44.4144	52.0641
44.5345	56.2549
44.654	56.9936
44.7735	57.5047
44.9003	54.7768
45.0191	59.1261
45.1454	56.0516
45.2712	56.8921
45.397	57.4362
45.522	58.4419
45.647	58.9725
45.7716	59.7112
45.8957	60.6202
46.0197	61.2283
46.1507	58.4782
46.274	62.8863
46.4047	59.8754
46.527	64.5186
46.6569	61.4467
46.7862	62.2823
46.9155	62.9674
47.044	63.8566
47.1725	64.6293
47.3081	61.7413
47.4357	66.2865
47.5631	67.0206
47.6974	64.3318
47.8317	64.871
47.9577	69.8776
48.0911	66.669
48.2239	67.5532
48.3568	68.3006
48.4961	65.751
48.6281	70.1502
48.7594	71.0644
48.898	67.9796
49.0362	69.0339
49.1663	73.9456
49.3038	70.5991
49.4406	71.7134
49.5771	72.5913
49.7131	73.6513
49.8562	70.5674
49.9914	75.4534
50.1336	72.5589
50.2682	77.42
50.4093	74.5592
50.5503	75.3484
50.6907	76.4844
50.831	77.095
50.9706	78.4327
51.117	75.374
51.256	80.2577
51.4016	77.3248
51.5396	82.5062
51.6844	79.2874
51.8287	80.3881
51.9724	81.504
52.116	82.3655
52.2659	79.7124
52.4087	84.6103
52.5576	81.8484
52.6997	86.6832
52.8478	84.0589
52.9955	85.0068
53.1431	85.9469
53.2966	83.537
53.4433	88.2837
53.5895	89.3423
53.7417	86.7619
53.8938	87.7118
54.0452	89.0182
54.1963	89.9377
54.3471	91.1245
54.4972	92.3435
54.6474	93.1954
54.8031	90.7309
54.9584	91.919
55.1138	92.8258
55.2618	98.3852
55.4223	91.7783
55.5763	96.5626
55.7295	97.946
55.8885	95.3684
56.0413	100.128
56.1995	97.6595
56.3573	98.9122
56.5151	99.8625
56.6783	97.5573
56.8347	102.928
56.9971	99.975
57.153	105.19
57.3143	102.76
57.4754	103.988
57.6361	105.207
57.8022	102.697
57.9619	108.047
58.1271	105.336
58.2922	106.632
58.4505	112.063
58.6204	105.506
58.7838	110.833
58.9472	112.051
59.1156	109.768
59.2836	111.172
59.4453	116.48
59.6183	110.102
59.785	115.223
59.9514	116.548
60.123	114.219
60.2883	119.836
60.4589	117.144
60.629	118.617
60.8046	116.203
60.9741	121.46
61.1486	119.329
61.317	124.699
61.4905	122.199
61.6635	123.758
61.8419	121.37
62.014	126.968
62.1914	124.498
62.3685	125.8
62.5448	127.66
62.7207	129.15
62.896	130.923
63.0764	128.652
63.2509	134.342
63.4303	131.728
63.6094	133.28
63.7934	131.226
63.9712	136.879
64.1544	134.274
64.3368	136.342
64.5188	137.753
64.7002	139.648
64.8811	141.59
65.0671	138.852
65.252	141.076
65.437	142.657
65.6213	144.61
65.805	146.456
65.9938	143.724
66.1819	145.914
66.3696	147.623
66.5566	149.436
66.7431	151.333
66.9342	149.17
67.1249	150.924
67.3153	152.933
67.505	155.037
67.6993	152.78
67.8881	158.594
68.081	156.756
68.2739	158.482
68.4713	156.455
68.6631	162.348
68.859	160.573
69.0547	162.282
69.25	164.388
69.4442	166.783
69.6436	164.063
69.8422	166.577
70.04	168.584
70.2375	170.8
70.4397	168.257
70.6407	171.175
70.8415	172.766
71.0415	175.384
71.2412	177.428
71.4451	175.197
71.6486	177.499
71.8513	179.7
72.0537	182.017
72.2602	180.132
72.4664	182.002
72.6717	184.762
72.8767	186.629
73.0857	185.039
73.2944	187.236
73.5023	189.48
73.7093	192.097
73.9213	189.821
74.1271	197.016
74.3422	190.685
74.5521	197.32
74.7612	199.98
74.9743	197.93
75.187	200.183
75.404	198.445
75.6154	205.638
75.8308	203.866
76.0457	206.26
76.2645	204.33
76.4782	211.514
76.6962	209.405
76.9134	212.189
77.1343	210.642
77.3548	213.093
77.5745	215.73
77.7937	218.222
78.0122	221.18
78.2347	219.461
78.4567	221.936
78.6823	220.446
78.903	227.814
79.1273	225.984
79.3508	229.392
79.5783	227.2
79.8054	230.153
80.0317	232.94
80.2575	235.987
80.4867	234.35
80.7155	237.481
80.9438	239.85
81.1708	243.567
81.4022	241.296
81.6327	244.534
81.8667	243.255
82.0961	250.404
82.329	249.075
82.5653	248.217
82.797	255.686
83.032	254.058
83.2662	257.291
83.5044	255.532
83.7416	259.049
83.9787	261.704
84.2143	266.147
84.4416	278.067
84.693	254.218
84.9434	257.445
85.1934	260.513
85.4007	317.255
85.6497	266.136
85.8976	270.108
86.1444	274.19
86.3908	277.371
86.6365	280.865
86.8813	284.224
87.1256	287.356
87.3693	291.331
87.6122	294.905
87.8543	298.324
88.0959	301.564
88.3771	261.853
88.6173	309.543
88.8568	313.191
89.095	317.819
89.373	274.992
89.61	325.538
89.8469	329.012
90.1226	285.52
90.3576	338.081
90.6317	292.204
90.8651	346.287
91.1377	299.798
91.4095	303.353
91.6412	358.896
91.911	311.197
92.1804	315.012
92.4104	372.309
92.6779	323.101
92.9451	326
93.211	331.268
93.4762	335.365
93.7406	339.472
94.0045	343.351
94.2674	347.368
94.5295	351.572
94.7912	355.454
95.0518	360.617
95.312	364.482
95.5713	368.583
95.8668	326.541
96.1247	378.161
96.3817	382.278
96.675	338.794
96.9307	391.622
97.222	347.541
97.4756	402.06
97.7292	406.232
98.0184	359.03
98.306	364.987
98.5575	421.252
98.844	372.525
99.1293	377.587
99.3785	436.113
99.6626	386.56
99.9456	391.701
100.228	395.962
100.509	401.277
100.79	405.651
101.07	410.51
101.349	415.374
101.627	421.151
101.905	424.742
102.182	431.11
102.458	435.117
102.767	391.624
103.042	444.781
103.315	451.337
103.623	405.531
103.894	462.956
104.199	416.17
104.471	471.661
104.774	426.077
105.042	484.413
105.345	434.494
105.645	441.142
105.912	502.29
106.211	450.829
106.51	455.95
106.807	462.291
107.104	468.043
107.399	473.242
107.694	478.461
107.988	484.396
108.282	488.208
108.574	495.052
108.866	501.572
109.156	507.208
109.447	512.359
109.768	466.284
110.056	525.322
110.343	530.77
110.662	482.274
110.948	542.399
111.265	494.234
111.549	556.6
111.864	505.745
112.178	511.204
112.491	518.461
112.772	581.214
113.083	528.801
113.394	535.658
113.704	541.323
114.012	547.309
114.32	554.995
114.627	559.295
114.934	566.222
115.239	573.453
115.543	578.929
115.877	534.007
116.18	592.371
116.481	598.783
116.813	551.112
117.112	614.89
117.442	562.892
117.74	628.032
118.068	577.359
118.364	641.967
118.69	587.408
119.015	595.857
119.338	603.594
119.661	609.813
119.954	677.371
120.274	623.108
120.594	628.712
120.942	583.75
121.261	643.318
121.579	651.832
121.895	659.527
122.21	665.708
122.553	617.913
122.867	680.734
123.209	630.284
123.52	697.284
123.86	644.419
124.169	712.435
124.507	657.966
124.816	726.686
125.151	673.788
125.486	679.901
125.82	686.416
126.152	696.086
126.484	701.274
126.815	710.314
127.145	717.831
127.474	726.57
127.802	733.197
128.157	683.37
128.483	750.963
128.807	758.45
129.159	704.406
129.483	773.856
129.832	720.885
130.154	790.126
130.501	737.572
130.848	745.266
131.166	818.219
131.511	759.648
131.855	769.18
132.197	776.251
132.538	786.973
132.879	792.378
133.219	801.719
133.557	809.642
133.895	818.849
134.258	767.753
134.593	837.281
134.954	782.838
135.288	852.506
135.621	862.79
135.979	806.728
136.335	819.68
136.665	889.805
137.02	833.492
137.373	842.8
137.726	849.473
138.078	861.446
138.428	870.133
138.778	878.572
139.126	885.214
139.474	895.927
139.821	904.082
140.191	853.283
140.535	926.536
140.878	931.063
141.246	878.73
141.587	953.287
141.952	897.084
142.316	906.186
142.655	980.288
143.017	923.708
143.378	933.636
143.738	943.277
144.097	949.82
144.455	961.703
144.811	973.119
145.167	979.025
145.546	927.785
145.899	999.152
146.251	1011.04
146.627	954.76
146.977	1030.84
147.35	974.37
147.699	1050.47
148.07	993.76
148.44	1002.35
148.785	1080.3
149.153	1020.38
149.519	1034.07
149.885	1041.48
150.25	1052.21
150.613	1060.71
150.999	1006.03
151.359	1083.68
151.72	1093.51
152.102	1035.53
152.46	1112.49
152.839	1057.27
153.195	1135.95
153.572	1076.69
153.949	1087.07
154.302	1166.96
154.675	1108.98
155.049	1117.8
155.42	1128.99
155.791	1137.9
156.161	1146.39
156.551	1094.84
156.918	1173.65
157.285	1179.55
157.672	1128.57
158.036	1203.51
158.421	1145.78
158.783	1226.38
159.165	1164.49
159.546	1179.54
159.926	1188.1
160.306	1197.3
160.684	1207.6
161.061	1221.47
161.436	1236.61
161.81	1240.55
162.183	1256.19
162.556	1264.84
162.948	1207.53
163.318	1286.92
163.708	1229.65
164.096	1242.33
164.462	1325.25
164.848	1259.66
165.233	1273.71
165.617	1285.96
166	1295.43
166.381	1309.27
166.761	1318.14
167.14	1330.75
167.517	1341.48
167.914	1281.95
168.29	1364.05
168.685	1306.45
169.057	1390.32
169.45	1325.48
169.841	1340.48
170.21	1421.98
170.598	1363.21
170.985	1372.23
171.372	1383.78
171.756	1398.02
172.16	1339.09
172.542	1420.96
172.923	1433.47
173.322	1374.28
173.701	1454.59
174.097	1399.6
174.474	1476.22
174.868	1420.61
175.261	1432.03
175.653	1439.75
176.043	1453.47
176.433	1464.96
176.821	1476.77
177.207	1493.89
177.592	1502.7
177.996	1438.74
178.379	1527.65
178.779	1466.71
179.159	1550.84
179.558	1487.4
179.954	1500.73
180.349	1510.91
180.744	1521.85
181.136	1536.92
181.527	1549.7
181.917	1558.6
182.306	1572.38
182.712	1514.38
183.098	1595.97
183.501	1535.13
183.885	1619.54
184.285	1561.99
184.684	1571.36
185.083	1581.99
185.459	1677.46
185.873	1531.75
186.267	1616.98
186.659	1635.66
187.05	1644.59
187.458	1579.16
187.846	1670.49
188.25	1606.72
188.636	1694.05
189.039	1628.63
189.439	1642.15
189.839	1653.65
190.236	1666.99
190.632	1679.1
191.027	1692.75
191.42	1701.76
191.831	1640.66
192.221	1729.55
192.629	1662.43
193.016	1754.89
193.419	1689.66
193.822	1698.66
194.224	1712.04
194.623	1725.61
195.021	1734.16
195.417	1750.19
195.813	1761.02
196.225	1697.59
196.616	1789.07
197.024	1724.62
197.413	1806.41
197.819	1740.59
198.222	1754.34
198.624	1770.16
199.024	1778.4
199.424	1788.7
199.821	1807.34
200.235	1739.04
200.629	1826.75
201.038	1769.43
201.43	1849.1
201.837	1785.67
202.241	1804.78
202.646	1806.67
203.047	1828.13
203.447	1832.87
203.847	1842.86
204.261	1784.99
204.656	1872.4
205.067	1807.47
205.459	1893.44
205.867	1826.78
206.272	1842.92
206.677	1846.92
207.079	1867.83
207.482	1870.38
207.881	1885.94
208.294	1825.28
208.691	1905.9
209.101	1844
209.51	1853.32
209.902	1941.73
210.308	1875.37
210.712	1886.69
211.114	1905.11
211.531	1836.49
211.931	1915.45
212.344	1860.01
212.74	1946.68
213.151	1877.55
213.559	1892.92
213.95	1974.02
214.355	1913.05
214.773	1854.23
215.175	1931.17
215.576	1936.44
215.989	1887.9
216.387	1955.54
216.796	1906.14
217.204	1911.84
217.612	1913.21
218.017	1931.11
218.421	1939.56
218.823	1950.23
219.222	1962.13
219.637	1894.36
220.032	1981.74
220.443	1916.35
220.851	1927.37
221.258	1932.17
221.663	1942.27
222.066	1953.47
222.467	1960.55
222.882	1898.38
223.28	1979.1
223.69	1924.42
224.1	1928.58
224.494	2003.1
224.899	1945.64
225.303	1954.76
225.719	1891.35
226.12	1965.63
226.519	1975.36
226.931	1919.39
227.341	1925.08
227.733	2005.91
228.14	1937.37
228.545	1940.17
228.948	1955.75
229.362	1898.11
229.761	1969.78
230.174	1907.18
230.569	1981.07
230.976	1928.55
231.383	1929.72
231.788	1931.68
232.19	1944.52
232.591	1948.24
232.991	1953.73
233.402	1893.4
233.798	1963.24
234.206	1908.44
234.598	1982.8
235.002	1922.59
235.406	1917.85
235.806	1934.7
236.218	1872.15
236.616	1936.29
237.012	1946.27
237.418	1890.4
237.825	1882.28
238.215	1959.8
238.617	1904.04
239.018	1894.12
239.416	1913.7
239.827	1845.11
240.222	1913.38
240.615	1915.68
241.02	1859.22
241.41	1930.49
241.811	1865.97
242.211	1869.33
242.611	1866.11
243.006	1879.69
243.401	1872.43
243.794	1877.45
244.198	1818.75
244.588	1882.82
244.988	1828.3
245.374	1888.16
245.772	1825.96
246.168	1826.17
246.563	1830
246.954	1834.54
247.345	1831.74
247.735	1832.08
248.136	1767.7
248.522	1838.62
248.918	1774.45
249.301	1831.73
249.695	1772.15
250.075	1832.28
250.466	1771.12
250.855	1771.44
251.241	1775.99
251.627	1768.35
252.012	1766.3
252.395	1765.6
252.776	1760.86
253.155	1765.43
253.534	1751.88
253.912	1755.47
254.286	1760.21
254.66	1751.34
255.033	1744.45
255.404	1742.54
255.894	1312.03
256.262	1741.53
256.628	1737.35
256.995	1720.66
257.357	1728.34
257.722	1710.88
258.082	1717.05
258.442	1706.1
258.801	1700.64
259.157	1701.01
259.632	1268.58
259.987	1686.37
260.342	1669.17
260.694	1675.25
261.045	1663.26
261.395	1654.61
261.745	1647
262.093	1636.61
262.554	1227.56
262.901	1619.33
263.244	1622.72
263.588	1603.8
263.932	1587.59
264.272	1592.53
264.613	1573.96
264.952	1565.91
265.404	1165.66
265.742	1544.5
266.078	1534.27
266.413	1531.91
266.747	1514.8
267.083	1492.09
267.414	1496.8
267.746	1474.77
268.078	1464.26
268.409	1450.87
268.738	1439.99
269.177	1069.91
269.505	1414.78
269.832	1402.95
270.158	1387.15
270.485	1373.21
270.81	1358.95
271.135	1348.69
271.459	1330.04
271.781	1324.08
272.104	1301.2
272.427	1282.31
272.748	1277.41
273.069	1256.07
273.389	1241.74
273.71	1226.29
273.922	1816.63
274.241	1191.71
274.56	1175.29
274.88	1158.45
275.197	1145.02
275.515	1125.41
275.831	1115.25
276.044	1628.95
276.36	1079.09
276.676	1057.44
276.992	1043.74
277.204	1532.01
277.52	1006.03
277.836	989.11
278.152	970.595
278.363	1425.21
278.677	939.578
278.888	1374.06
279.205	894.255
279.52	886.453
279.732	1285.86
280.047	846.358
280.258	1242.9
280.575	808.646
280.788	1176.9
280.999	1157.07
281.316	755.54
281.531	1086.43
281.743	1075.17
282.06	704.154
282.275	1015.72
282.49	985.054
282.707	956.763
283.024	635.741
283.241	905.624
283.458	879.584
283.676	853.761
283.894	829.598
284.113	804.104
284.333	779.731
284.551	758.643
284.774	723.567
284.893	1305.87
285.116	678.099
285.339	655.869
285.562	633.609
285.688	1091.76
285.912	588.477
286.139	563.329
286.266	965.622
286.493	520.902
286.621	894.602
286.852	475.487
286.983	804.82
287.213	441.242
287.348	721.087
287.48	703.418
287.616	658.931
287.853	360.294
287.989	599.701
288.127	560.099
288.269	522.083
288.408	505.035
288.55	469.524
288.694	442.707
288.838	413.899
288.886	1182.24
289.033	363.389
289.182	338.412
289.233	914.318
289.384	293.936
289.536	271.907
289.592	682.884
289.746	232.713
289.805	568.241
289.866	506.454
290.024	178.358
290.087	416.225
290.152	368.524
290.217	330.941
290.284	294.809
290.352	257.734
290.423	224.338
290.495	196.867
290.567	171.287
290.642	145.946
290.718	125.088
290.778	230.425
290.844	142.436
290.916	81.6184
290.995	40.0084
