5.290558837335758789e+12
7.054078449781011719e+12
8.817598062226263672e+12
1.058111767467151758e+13
1.234463728711676953e+13
1.410815689956202344e+13
1.587167651200727344e+13
1.763519612445252734e+13
1.939871573689778125e+13
2.116223534934303516e+13
2.292575496178828906e+13
2.468927457423353906e+13
2.645279418667879297e+13
2.821631379912404688e+13
2.997983341156930078e+13
3.174335302401454688e+13
3.350687263645980469e+13
3.527039224890505469e+13
3.703391186135031250e+13
3.879743147379556250e+13
4.056095108624082031e+13
4.232447069868607031e+13
4.408799031113132031e+13
4.585150992357657812e+13
4.761502953602182812e+13
4.937854914846707812e+13
5.114206876091233594e+13
5.290558837335758594e+13
5.466910798580284375e+13
5.643262759824809375e+13
5.819614721069334375e+13
5.995966682313860156e+13
6.172318643558385938e+13
6.348670604802909375e+13
6.525022566047435938e+13
6.701374527291960938e+13
6.877726488536485938e+13
7.054078449781010938e+13
7.230430411025537500e+13
7.406782372270062500e+13
7.583134333514585938e+13
7.759486294759112500e+13
7.935838256003637500e+13
8.112190217248164062e+13
8.288542178492689062e+13
8.464894139737214062e+13
8.641246100981739062e+13
8.817598062226264062e+13
8.993950023470789062e+13
9.170301984715315625e+13
9.346653945959840625e+13
9.523005907204365625e+13
9.699357868448890625e+13
9.875709829693415625e+13
1.005206179093794219e+14
1.022841375218246719e+14
1.040476571342699219e+14
1.058111767467151719e+14
1.075746963591604219e+14
1.093382159716056875e+14
1.111017355840509375e+14
1.128652551964961875e+14
1.146287748089414375e+14
1.163922944213866875e+14
1.181558140338319375e+14
1.199193336462772031e+14
1.216828532587224688e+14
1.234463728711677188e+14
1.252098924836129375e+14
1.269734120960581875e+14
1.287369317085034688e+14
1.305004513209487188e+14
1.322639709333939688e+14
1.340274905458392188e+14
1.357910101582844688e+14
1.375545297707297188e+14
1.393180493831749844e+14
1.410815689956202188e+14
1.428450886080655000e+14
1.446086082205107500e+14
1.463721278329560000e+14
1.481356474454012500e+14
1.498991670578465000e+14
1.516626866702917188e+14
1.534262062827369688e+14
1.551897258951822500e+14
1.569532455076275000e+14
1.587167651200727500e+14
1.604802847325180000e+14
1.622438043449632812e+14
1.640073239574085312e+14
1.657708435698537812e+14
1.675343631822990312e+14
1.692978827947442812e+14
1.710614024071895312e+14
1.728249220196347812e+14
1.745884416320800312e+14
1.763519612445252812e+14
1.781154808569705312e+14
1.798790004694157812e+14
1.816425200818610625e+14
1.834060396943063125e+14
1.851695593067515625e+14
1.869330789191968125e+14
1.886965985316420625e+14
1.904601181440873125e+14
1.922236377565325625e+14
1.939871573689778125e+14
1.957506769814230625e+14
1.975141965938683125e+14
1.992777162063135625e+14
2.010412358187588438e+14
2.028047554312040938e+14
2.045682750436493438e+14
2.063317946560945938e+14
2.080953142685398438e+14
2.098588338809850938e+14
2.116223534934303438e+14
2.133858731058755938e+14
2.151493927183208438e+14
2.169129123307660938e+14
2.186764319432113750e+14
2.204399515556566250e+14
2.222034711681018750e+14
2.239669907805471250e+14
2.257305103929923750e+14
2.274940300054376250e+14
2.292575496178828750e+14
2.310210692303281250e+14
2.327845888427733750e+14
2.345481084552186250e+14
2.363116280676638750e+14
2.380751476801091562e+14
2.398386672925544062e+14
2.416021869049996562e+14
2.433657065174449375e+14
2.451292261298901875e+14
2.468927457423354375e+14
2.486562653547806250e+14
2.504197849672258750e+14
2.521833045796711250e+14
2.539468241921163750e+14
2.557103438045616562e+14
2.574738634170069375e+14
2.592373830294521875e+14
2.610009026418974375e+14
2.627644222543426875e+14
2.645279418667879375e+14
2.662914614792331875e+14
2.680549810916784375e+14
2.698185007041236875e+14
2.715820203165689375e+14
2.733455399290141875e+14
2.751090595414594375e+14
2.768725791539047188e+14
2.786360987663499688e+14
2.803996183787952188e+14
2.821631379912404375e+14
2.839266576036856875e+14
2.856901772161310000e+14
2.874536968285762500e+14
2.892172164410215000e+14
2.909807360534667500e+14
2.927442556659120000e+14
2.945077752783572500e+14
2.962712948908025000e+14
2.980348145032477500e+14
2.997983341156930000e+14
3.015618537281383125e+14
3.033253733405834375e+14
3.050888929530286875e+14
3.068524125654739375e+14
3.086159321779192500e+14
3.103794517903645000e+14
3.121429714028097500e+14
3.139064910152550000e+14
3.156700106277002500e+14
3.174335302401455000e+14
3.191970498525907500e+14
3.209605694650360000e+14
3.227240890774812500e+14
3.244876086899265625e+14
3.262511283023718125e+14
3.280146479148170625e+14
3.297781675272623125e+14
3.315416871397075625e+14
3.333052067521528125e+14
3.350687263645980625e+14
3.368322459770433125e+14
3.385957655894885625e+14
3.403592852019338125e+14
3.421228048143790625e+14
3.438863244268243125e+14
3.456498440392695625e+14
3.474133636517148125e+14
3.491768832641600625e+14
3.509404028766053125e+14
3.527039224890505625e+14
3.544674421014958125e+14
3.562309617139410625e+14
3.579944813263863125e+14
3.597580009388315625e+14
3.615215205512768750e+14
3.632850401637221250e+14
3.650485597761673750e+14
3.668120793886126250e+14
3.685755990010578750e+14
3.703391186135031250e+14
3.721026382259483750e+14
3.738661578383936250e+14
3.756296774508388750e+14
3.773931970632841250e+14
3.791567166757293750e+14
3.809202362881746250e+14
3.826837559006198750e+14
3.844472755130651250e+14
3.862107951255103750e+14
3.879743147379556250e+14
3.897378343504008750e+14
3.915013539628461250e+14
3.932648735752913750e+14
3.950283931877366250e+14
3.967919128001818750e+14
3.985554324126271250e+14
4.003189520250724375e+14
4.020824716375176875e+14
4.038459912499629375e+14
4.056095108624081875e+14
4.073730304748534375e+14
4.091365500872986875e+14
4.109000696997439375e+14
4.126635893121891875e+14
4.144271089246344375e+14
4.161906285370796875e+14
4.179541481495249375e+14
4.197176677619701875e+14
4.214811873744154375e+14
4.232447069868606875e+14
4.250082265993059375e+14
4.267717462117511875e+14
4.285352658241964375e+14
4.302987854366416875e+14
4.320623050490869375e+14
4.338258246615321875e+14
4.355893442739774375e+14
4.373528638864227500e+14
4.391163834988680000e+14
4.408799031113132500e+14
4.426434227237585000e+14
4.444069423362037500e+14
4.461704619486490000e+14
4.479339815610942500e+14
4.496975011735395000e+14
4.514610207859847500e+14
4.532245403984300000e+14
4.549880600108752500e+14
4.567515796233205000e+14
4.585150992357657500e+14
4.602786188482110000e+14
4.620421384606562500e+14
4.638056580731015000e+14
4.655691776855467500e+14
4.673326972979920000e+14
4.690962169104372500e+14
4.708597365228825000e+14
4.726232561353277500e+14
4.743867757477730000e+14
4.761502953602183125e+14
4.779138149726635625e+14
4.796773345851088125e+14
4.814408541975540625e+14
4.832043738099993125e+14
4.849678934224446250e+14
4.867314130348898750e+14
4.884949326473351250e+14
4.902584522597803750e+14
4.920219718722256250e+14
4.937854914846708750e+14
4.955490110971161250e+14
4.973125307095612500e+14
4.990760503220065000e+14
5.008395699344517500e+14
5.026030895468970000e+14
5.043666091593422500e+14
5.061301287717875000e+14
5.078936483842327500e+14
5.096571679966780625e+14
5.114206876091233125e+14
5.131842072215686250e+14
5.149477268340138750e+14
5.167112464464591250e+14
5.184747660589043750e+14
5.202382856713496250e+14
5.220018052837948750e+14
5.237653248962401250e+14
5.255288445086853750e+14
5.272923641211306250e+14
5.290558837335758750e+14
5.308194033460211250e+14
5.325829229584663750e+14
5.343464425709116250e+14
5.361099621833568750e+14
5.378734817958021250e+14
5.396370014082473750e+14
5.414005210206926250e+14
5.431640406331378750e+14
5.449275602455831250e+14
5.466910798580283750e+14
5.484545994704736250e+14
5.502181190829188750e+14
5.519816386953641875e+14
5.537451583078094375e+14
5.555086779202546875e+14
5.572721975326999375e+14
5.590357171451451875e+14
5.607992367575904375e+14
5.625627563700356875e+14
5.643262759824808750e+14
5.660897955949261250e+14
5.678533152073713750e+14
5.696168348198167500e+14
5.713803544322620000e+14
5.731438740447072500e+14
5.749073936571525000e+14
5.766709132695977500e+14
5.784344328820430000e+14
5.801979524944882500e+14
5.819614721069335000e+14
5.837249917193787500e+14
5.854885113318240000e+14
5.872520309442692500e+14
5.890155505567145000e+14
5.907790701691597500e+14
5.925425897816050000e+14
5.943061093940502500e+14
5.960696290064955000e+14
5.978331486189407500e+14
5.995966682313860000e+14
6.013601878438313750e+14
6.031237074562766250e+14
6.048872270687218750e+14
6.066507466811668750e+14
6.084142662936121250e+14
6.101777859060573750e+14
6.119413055185026250e+14
6.137048251309478750e+14
6.154683447433932500e+14
6.172318643558385000e+14
6.189953839682837500e+14
6.207589035807290000e+14
6.225224231931742500e+14
6.242859428056195000e+14
6.260494624180647500e+14
6.278129820305100000e+14
6.295765016429552500e+14
6.313400212554005000e+14
6.331035408678457500e+14
6.348670604802910000e+14
6.366305800927362500e+14
6.383940997051815000e+14
6.401576193176267500e+14
6.419211389300720000e+14
6.436846585425172500e+14
6.454481781549625000e+14
6.472116977674078750e+14
6.489752173798531250e+14
6.507387369922983750e+14
6.525022566047436250e+14
6.542657762171888750e+14
6.560292958296341250e+14
6.577928154420793750e+14
6.595563350545246250e+14
6.613198546669698750e+14
6.630833742794151250e+14
6.648468938918603750e+14
6.666104135043056250e+14
6.683739331167508750e+14
6.701374527291961250e+14
6.719009723416413750e+14
6.736644919540866250e+14
6.754280115665318750e+14
6.771915311789771250e+14
6.789550507914223750e+14
6.807185704038676250e+14
6.824820900163128750e+14
6.842456096287581250e+14
6.860091292412033750e+14
6.877726488536486250e+14
6.895361684660938750e+14
6.912996880785391250e+14
6.930632076909843750e+14
6.948267273034296250e+14
6.965902469158748750e+14
6.983537665283201250e+14
7.001172861407653750e+14
7.018808057532106250e+14
7.036443253656558750e+14
7.054078449781011250e+14
7.071713645905463750e+14
7.089348842029916250e+14
7.106984038154368750e+14
7.124619234278821250e+14
7.142254430403273750e+14
7.159889626527726250e+14
7.177524822652178750e+14
7.195160018776631250e+14
7.212795214901083750e+14
7.230430411025537500e+14
7.248065607149990000e+14
7.265700803274442500e+14
7.283335999398895000e+14
7.300971195523347500e+14
7.318606391647800000e+14
7.336241587772252500e+14
7.353876783896705000e+14
7.371511980021157500e+14
7.389147176145610000e+14
7.406782372270062500e+14
7.424417568394515000e+14
7.442052764518967500e+14
7.459687960643420000e+14
7.477323156767872500e+14
7.494958352892325000e+14
7.512593549016777500e+14
7.530228745141230000e+14
7.547863941265682500e+14
7.565499137390135000e+14
7.583134333514587500e+14
7.600769529639040000e+14
7.618404725763492500e+14
7.636039921887945000e+14
7.653675118012397500e+14
7.671310314136850000e+14
7.688945510261302500e+14
7.706580706385755000e+14
7.724215902510207500e+14
7.741851098634660000e+14
7.759486294759112500e+14
7.777121490883565000e+14
7.794756687008017500e+14
7.812391883132470000e+14
7.830027079256922500e+14
7.847662275381375000e+14
7.865297471505827500e+14
7.882932667630280000e+14
7.900567863754732500e+14
7.918203059879185000e+14
7.935838256003637500e+14
7.953473452128090000e+14
7.971108648252542500e+14
7.988743844376996250e+14
8.006379040501448750e+14
8.024014236625901250e+14
8.041649432750353750e+14
8.059284628874806250e+14
8.076919824999258750e+14
8.094555021123711250e+14
8.112190217248163750e+14
8.129825413372616250e+14
8.147460609497068750e+14
8.165095805621521250e+14
8.182731001745973750e+14
8.200366197870426250e+14
8.218001393994878750e+14
8.235636590119331250e+14
8.253271786243783750e+14
8.270906982368236250e+14
8.288542178492688750e+14
8.306177374617141250e+14
8.323812570741593750e+14
8.341447766866046250e+14
8.359082962990498750e+14
8.376718159114951250e+14
8.394353355239403750e+14
8.411988551363856250e+14
8.429623747488308750e+14
8.447258943612761250e+14
8.464894139737213750e+14
8.482529335861666250e+14
8.500164531986118750e+14
8.517799728110571250e+14
8.535434924235023750e+14
8.553070120359476250e+14
8.570705316483928750e+14
8.588340512608381250e+14
8.605975708732833750e+14
8.623610904857286250e+14
8.641246100981738750e+14
8.658881297106191250e+14
8.676516493230643750e+14
8.694151689355096250e+14
8.711786885479548750e+14
8.729422081604001250e+14
8.747057277728455000e+14
8.764692473852907500e+14
8.782327669977360000e+14
8.799962866101812500e+14
8.817598062226265000e+14
8.835233258350717500e+14
8.852868454475170000e+14
8.870503650599622500e+14
8.888138846724075000e+14
8.905774042848527500e+14
8.923409238972980000e+14
8.941044435097432500e+14
8.958679631221885000e+14
8.976314827346337500e+14
8.993950023470790000e+14
9.011585219595242500e+14
9.029220415719695000e+14
9.046855611844147500e+14
9.064490807968600000e+14
9.082126004093052500e+14
9.099761200217505000e+14
9.117396396341957500e+14
9.135031592466410000e+14
9.152666788590862500e+14
9.170301984715315000e+14
9.187937180839767500e+14
9.205572376964220000e+14
9.223207573088672500e+14
9.240842769213125000e+14
9.258477965337577500e+14
9.276113161462030000e+14
9.293748357586482500e+14
9.311383553710935000e+14
9.329018749835387500e+14
9.346653945959840000e+14
9.364289142084292500e+14
9.381924338208745000e+14
9.399559534333197500e+14
9.417194730457650000e+14
9.434829926582102500e+14
9.452465122706555000e+14
9.470100318831007500e+14
9.487735514955460000e+14
9.505370711079913750e+14
9.523005907204366250e+14
9.540641103328818750e+14
9.558276299453271250e+14
9.575911495577723750e+14
9.593546691702176250e+14
9.611181887826628750e+14
9.628817083951081250e+14
9.646452280075533750e+14
9.664087476199986250e+14
9.681722672324440000e+14
9.699357868448892500e+14
9.716993064573345000e+14
9.734628260697797500e+14
9.752263456822250000e+14
9.769898652946702500e+14
9.787533849071155000e+14
9.805169045195607500e+14
9.822804241320060000e+14
9.840439437444512500e+14
9.858074633568965000e+14
9.875709829693417500e+14
9.893345025817870000e+14
9.910980221942322500e+14
9.928615418066772500e+14
9.946250614191225000e+14
9.963885810315677500e+14
9.981521006440130000e+14
9.999156202564582500e+14
1.001679139868903500e+15
1.003442659481348750e+15
1.005206179093794000e+15
1.006969698706239250e+15
1.008733218318684500e+15
1.010496737931129750e+15
1.012260257543575000e+15
1.014023777156020250e+15
1.015787296768465500e+15
1.017550816380910875e+15
1.019314335993356125e+15
1.021077855605801375e+15
1.022841375218246625e+15
1.024604894830691875e+15
1.026368414443137250e+15
1.028131934055582500e+15
1.029895453668027750e+15
1.031658973280473000e+15
1.033422492892918250e+15
1.035186012505363500e+15
1.036949532117808750e+15
1.038713051730254000e+15
1.040476571342699250e+15
1.042240090955144500e+15
1.044003610567589750e+15
1.045767130180035000e+15
1.047530649792480250e+15
1.049294169404925500e+15
1.051057689017370750e+15
1.052821208629816000e+15
1.054584728242261250e+15
1.056348247854706500e+15
1.058111767467151750e+15
1.059875287079597000e+15
1.061638806692042250e+15
1.063402326304487500e+15
1.065165845916932750e+15
1.066929365529378000e+15
1.068692885141823250e+15
1.070456404754268500e+15
1.072219924366713750e+15
1.073983443979159000e+15
1.075746963591604250e+15
1.077510483204049500e+15
1.079274002816494750e+15
1.081037522428940000e+15
1.082801042041385250e+15
1.084564561653830500e+15
1.086328081266275750e+15
1.088091600878721000e+15
1.089855120491166250e+15
1.091618640103611500e+15
1.093382159716056750e+15
1.095145679328502000e+15
1.096909198940947250e+15
1.098672718553392500e+15
1.100436238165837750e+15
1.102199757778283125e+15
1.103963277390728375e+15
1.105726797003173625e+15
1.107490316615618875e+15
1.109253836228064125e+15
1.111017355840509375e+15
1.112780875452954625e+15
1.114544395065399875e+15
1.116307914677845125e+15
1.118071434290290375e+15
1.119834953902735625e+15
1.121598473515180875e+15
1.123361993127626125e+15
1.125125512740071375e+15
1.126889032352516500e+15
1.128652551964961750e+15
1.130416071577407000e+15
1.132179591189852250e+15
1.133943110802297500e+15
1.135706630414742750e+15
1.137470150027188000e+15
1.139233669639633500e+15
1.140997189252078750e+15
1.142760708864524000e+15
1.144524228476969250e+15
1.146287748089414500e+15
1.148051267701859750e+15
1.149814787314305000e+15
1.151578306926750250e+15
1.153341826539195500e+15
1.155105346151640750e+15
1.156868865764086000e+15
1.158632385376531250e+15
1.160395904988976500e+15
1.162159424601421750e+15
1.163922944213867000e+15
1.165686463826312250e+15
1.167449983438757500e+15
1.169213503051202750e+15
1.170977022663648000e+15
1.172740542276093250e+15
1.174504061888538500e+15
1.176267581500983750e+15
1.178031101113429000e+15
1.179794620725874250e+15
1.181558140338319500e+15
1.183321659950764750e+15
1.185085179563210000e+15
1.186848699175655250e+15
1.188612218788100500e+15
1.190375738400545750e+15
1.192139258012991000e+15
1.193902777625436250e+15
1.195666297237881500e+15
1.197429816850326750e+15
1.199193336462772000e+15
1.200956856075217500e+15
1.202720375687662750e+15
1.204483895300108000e+15
1.206247414912553250e+15
1.208010934524998500e+15
1.209774454137443750e+15
1.211537973749889000e+15
1.213301493362333750e+15
1.215065012974779000e+15
1.216828532587224250e+15
1.218592052199669500e+15
1.220355571812114750e+15
1.222119091424560000e+15
1.223882611037005250e+15
1.225646130649450500e+15
1.227409650261895750e+15
1.229173169874341000e+15
1.230936689486786500e+15
1.232700209099231750e+15
1.234463728711677000e+15
1.236227248324122250e+15
1.237990767936567500e+15
1.239754287549012750e+15
1.241517807161458000e+15
1.243281326773903250e+15
1.245044846386348500e+15
1.246808365998793750e+15
1.248571885611239000e+15
1.250335405223684250e+15
1.252098924836129500e+15
1.253862444448574750e+15
1.255625964061020000e+15
1.257389483673465250e+15
1.259153003285910500e+15
1.260916522898355750e+15
1.262680042510801000e+15
1.264443562123246250e+15
1.266207081735691500e+15
1.267970601348136750e+15
1.269734120960582000e+15
1.271497640573027250e+15
1.273261160185472500e+15
1.275024679797917750e+15
1.276788199410363000e+15
1.278551719022808250e+15
1.280315238635253500e+15
1.282078758247698750e+15
1.283842277860144000e+15
1.285605797472589250e+15
1.287369317085034500e+15
1.289132836697479750e+15
1.290896356309925000e+15
1.292659875922370500e+15
1.294423395534815750e+15
1.296186915147261000e+15
1.297950434759706250e+15
1.299713954372151500e+15
1.301477473984596750e+15
1.303240993597042000e+15
1.305004513209487250e+15
1.306768032821932500e+15
1.308531552434377750e+15
1.310295072046823000e+15
1.312058591659268250e+15
1.313822111271713500e+15
1.315585630884158750e+15
1.317349150496604000e+15
1.319112670109049250e+15
1.320876189721494500e+15
1.322639709333939750e+15
1.324403228946385000e+15
1.326166748558830250e+15
1.327930268171275500e+15
1.329693787783720750e+15
1.331457307396166000e+15
1.333220827008611250e+15
1.334984346621056500e+15
1.336747866233501750e+15
1.338511385845947000e+15
1.340274905458392250e+15
1.342038425070837500e+15
1.343801944683282750e+15
1.345565464295728000e+15
1.347328983908173250e+15
1.349092503520618500e+15
1.350856023133063750e+15
1.352619542745509000e+15
1.354383062357954250e+15
1.356146581970399500e+15
1.357910101582844750e+15
1.359673621195290000e+15
1.361437140807735250e+15
1.363200660420180500e+15
1.364964180032625750e+15
1.366727699645071000e+15
1.368491219257516250e+15
1.370254738869961500e+15
1.372018258482406750e+15
1.373781778094852000e+15
1.375545297707297250e+15
1.377308817319742500e+15
1.379072336932187750e+15
1.380835856544633000e+15
1.382599376157078250e+15
1.384362895769523500e+15
1.386126415381968750e+15
1.387889934994414000e+15
1.389653454606859250e+15
1.391416974219304500e+15
1.393180493831749750e+15
1.394944013444195000e+15
1.396707533056640250e+15
1.398471052669085500e+15
1.400234572281530750e+15
1.401998091893976000e+15
1.403761611506421250e+15
1.405525131118866500e+15
1.407288650731311750e+15
1.409052170343757000e+15
1.410815689956202250e+15
1.412579209568647500e+15
1.414342729181092750e+15
1.416106248793538000e+15
1.417869768405983250e+15
1.419633288018428500e+15
1.421396807630873750e+15
1.423160327243319000e+15
1.424923846855764250e+15
1.426687366468209500e+15
1.428450886080654750e+15
1.430214405693100000e+15
1.431977925305545250e+15
1.433741444917990500e+15
1.435504964530435750e+15
1.437268484142881000e+15
1.439032003755326250e+15
1.440795523367771500e+15
1.442559042980216750e+15
1.444322562592662250e+15
1.446086082205107500e+15
1.447849601817552750e+15
1.449613121429998000e+15
1.451376641042443250e+15
1.453140160654888500e+15
1.454903680267333750e+15
1.456667199879779000e+15
1.458430719492224250e+15
1.460194239104669500e+15
1.461957758717114750e+15
1.463721278329560000e+15
1.465484797942005250e+15
1.467248317554450500e+15
1.469011837166895750e+15
1.470775356779341000e+15
1.472538876391786250e+15
1.474302396004231500e+15
1.476065915616676750e+15
1.477829435229122000e+15
1.479592954841567250e+15
1.481356474454012500e+15
1.483119994066457750e+15
1.484883513678903000e+15
1.486647033291348250e+15
1.488410552903793500e+15
1.490174072516238750e+15
1.491937592128684000e+15
1.493701111741129250e+15
1.495464631353574500e+15
1.497228150966019750e+15
1.498991670578465000e+15
1.500755190190910250e+15
1.502518709803355500e+15
1.504282229415800750e+15
1.506045749028246000e+15
1.507809268640691250e+15
1.509572788253136500e+15
1.511336307865581750e+15
1.513099827478027000e+15
1.514863347090472250e+15
1.516626866702917500e+15
1.518390386315362750e+15
1.520153905927808000e+15
1.521917425540253250e+15
1.523680945152698500e+15
1.525444464765143750e+15
1.527207984377589000e+15
1.528971503990034250e+15
1.530735023602479500e+15
1.532498543214924750e+15
1.534262062827370000e+15
1.536025582439815250e+15
1.537789102052260500e+15
1.539552621664705750e+15
1.541316141277151000e+15
1.543079660889596250e+15
1.544843180502041500e+15
1.546606700114486750e+15
1.548370219726932000e+15
1.550133739339377250e+15
1.551897258951822500e+15
1.553660778564267750e+15
1.555424298176713000e+15
1.557187817789158250e+15
1.558951337401603500e+15
1.560714857014048750e+15
1.562478376626494000e+15
1.564241896238939250e+15
1.566005415851384500e+15
1.567768935463829750e+15
1.569532455076275000e+15
1.571295974688720250e+15
1.573059494301165500e+15
1.574823013913610750e+15
1.576586533526056000e+15
1.578350053138501250e+15
1.580113572750946500e+15
1.581877092363391750e+15
1.583640611975837000e+15
1.585404131588282250e+15
1.587167651200727500e+15
1.588931170813172750e+15
1.590694690425618000e+15
1.592458210038063250e+15
1.594221729650508500e+15
1.595985249262954000e+15
1.597748768875399250e+15
1.599512288487844500e+15
1.601275808100289750e+15
1.603039327712735000e+15
1.604802847325180250e+15
1.606566366937625500e+15
1.608329886550070750e+15
1.610093406162516000e+15
1.611856925774961250e+15
1.613620445387406500e+15
1.615383964999851750e+15
1.617147484612297000e+15
1.618911004224742250e+15
1.620674523837187500e+15
1.622438043449632750e+15
1.624201563062078000e+15
1.625965082674523250e+15
1.627728602286968500e+15
1.629492121899413750e+15
1.631255641511859000e+15
1.633019161124304250e+15
1.634782680736749500e+15
1.636546200349194750e+15
1.638309719961640000e+15
1.640073239574085250e+15
1.641836759186530500e+15
1.643600278798975750e+15
1.645363798411421000e+15
1.647127318023866250e+15
1.648890837636311500e+15
1.650654357248756750e+15
1.652417876861202000e+15
1.654181396473647250e+15
1.655944916086092500e+15
1.657708435698537750e+15
1.659471955310983000e+15
1.661235474923428250e+15
1.662998994535873500e+15
1.664762514148318750e+15
1.666526033760764000e+15
1.668289553373209250e+15
1.670053072985654500e+15
1.671816592598099750e+15
1.673580112210545000e+15
1.675343631822990250e+15
1.677107151435435500e+15
1.678870671047880750e+15
1.680634190660326000e+15
1.682397710272771250e+15
1.684161229885216500e+15
1.685924749497661750e+15
1.687688269110107000e+15
1.689451788722552250e+15
1.691215308334997500e+15
1.692978827947442750e+15
1.694742347559888000e+15
1.696505867172333250e+15
1.698269386784778500e+15
1.700032906397223750e+15
1.701796426009669000e+15
1.703559945622114250e+15
1.705323465234559500e+15
1.707086984847004750e+15
1.708850504459450000e+15
1.710614024071895250e+15
1.712377543684340500e+15
1.714141063296785750e+15
1.715904582909231000e+15
1.717668102521676250e+15
1.719431622134121500e+15
1.721195141746566750e+15
1.722958661359012000e+15
1.724722180971457250e+15
1.726485700583902500e+15
1.728249220196347750e+15
1.730012739808793000e+15
1.731776259421238250e+15
1.733539779033683500e+15
1.735303298646128750e+15
1.737066818258574000e+15
1.738830337871019250e+15
1.740593857483464500e+15
1.742357377095909750e+15
1.744120896708355000e+15
1.745884416320800250e+15
1.747647935933245750e+15
1.749411455545691000e+15
1.751174975158136250e+15
1.752938494770581500e+15
1.754702014383026750e+15
1.756465533995472000e+15
1.758229053607917250e+15
1.759992573220362500e+15
1.761756092832807750e+15
1.763519612445253000e+15
1.765283132057697750e+15
1.767046651670143500e+15
1.768810171282588250e+15
1.770573690895034000e+15
1.772337210507478750e+15
1.774100730119924500e+15
1.775864249732369250e+15
1.777627769344815000e+15
1.779391288957260000e+15
1.781154808569705500e+15
1.782918328182150500e+15
1.784681847794596000e+15
1.786445367407041000e+15
1.788208887019486500e+15
1.789972406631931500e+15
1.791735926244377000e+15
1.793499445856822000e+15
1.795262965469267500e+15
1.797026485081712500e+15
1.798790004694158000e+15
1.800553524306603000e+15
1.802317043919048500e+15
1.804080563531493500e+15
1.805844083143939000e+15
1.807607602756384000e+15
1.809371122368829500e+15
1.811134641981274500e+15
1.812898161593720000e+15
1.814661681206165250e+15
1.816425200818610500e+15
1.818188720431055750e+15
1.819952240043501000e+15
1.821715759655946250e+15
1.823479279268391500e+15
1.825242798880836750e+15
1.827006318493282000e+15
1.828769838105727250e+15
1.830533357718172500e+15
1.832296877330617750e+15
1.834060396943063000e+15
1.835823916555508250e+15
1.837587436167953500e+15
1.839350955780398750e+15
1.841114475392844000e+15
1.842877995005289250e+15
1.844641514617734500e+15
1.846405034230179750e+15
1.848168553842625000e+15
1.849932073455070250e+15
1.851695593067515500e+15
1.853459112679960750e+15
1.855222632292406000e+15
1.856986151904851250e+15
1.858749671517296500e+15
1.860513191129741750e+15
1.862276710742187000e+15
1.864040230354632250e+15
1.865803749967077500e+15
1.867567269579522750e+15
1.869330789191968000e+15
1.871094308804413250e+15
1.872857828416858500e+15
1.874621348029303750e+15
1.876384867641749000e+15
1.878148387254194250e+15
1.879911906866639500e+15
1.881675426479084750e+15
1.883438946091530000e+15
1.885202465703975250e+15
1.886965985316420500e+15
1.888729504928865750e+15
1.890493024541311000e+15
1.892256544153756250e+15
1.894020063766201500e+15
1.895783583378646750e+15
1.897547102991092000e+15
1.899310622603537500e+15
1.901074142215982750e+15
1.902837661828428000e+15
1.904601181440873250e+15
1.906364701053318500e+15
1.908128220665763750e+15
1.909891740278209000e+15
1.911655259890654250e+15
1.913418779503099500e+15
1.915182299115544750e+15
1.916945818727990000e+15
1.918709338340435250e+15
1.920472857952880500e+15
1.922236377565325750e+15
1.923999897177771000e+15
1.925763416790216250e+15
1.927526936402661500e+15
1.929290456015106750e+15
1.931053975627552000e+15
1.932817495239997250e+15
1.934581014852442500e+15
1.936344534464888000e+15
1.938108054077333000e+15
1.939871573689778500e+15
1.941635093302223500e+15
1.943398612914669000e+15
1.945162132527114000e+15
1.946925652139559500e+15
1.948689171752004500e+15
1.950452691364450000e+15
1.952216210976895000e+15
1.953979730589340500e+15
1.955743250201785500e+15
1.957506769814231000e+15
1.959270289426676000e+15
1.961033809039121500e+15
1.962797328651566500e+15
1.964560848264012000e+15
1.966324367876457000e+15
1.968087887488902500e+15
1.969851407101347500e+15
1.971614926713793000e+15
1.973378446326238000e+15
1.975141965938683500e+15
1.976905485551128500e+15
1.978669005163574000e+15
1.980432524776019000e+15
1.982196044388464500e+15
1.983959564000909500e+15
1.985723083613354500e+15
1.987486603225800000e+15
1.989250122838245000e+15
1.991013642450690500e+15
1.992777162063135500e+15
1.994540681675581000e+15
1.996304201288026000e+15
1.998067720900471500e+15
1.999831240512916500e+15
2.001594760125362000e+15
2.003358279737807000e+15
2.005121799350252500e+15
2.006885318962697500e+15
2.008648838575143000e+15
2.010412358187588000e+15
2.012175877800033500e+15
2.013939397412478500e+15
2.015702917024924000e+15
2.017466436637369000e+15
2.019229956249814500e+15
2.020993475862259500e+15
2.022756995474705000e+15
2.024520515087150000e+15
2.026284034699595500e+15
2.028047554312040500e+15
2.029811073924486000e+15
2.031574593536931000e+15
2.033338113149376500e+15
2.035101632761821750e+15
2.036865152374267000e+15
2.038628671986712250e+15
2.040392191599157500e+15
2.042155711211602750e+15
2.043919230824048000e+15
2.045682750436493250e+15
2.047446270048938500e+15
2.049209789661383750e+15
2.050973309273829250e+15
2.052736828886274500e+15
2.054500348498719750e+15
2.056263868111165000e+15
2.058027387723610250e+15
2.059790907336055500e+15
2.061554426948500750e+15
2.063317946560946000e+15
2.065081466173391250e+15
2.066844985785836500e+15
2.068608505398281750e+15
2.070372025010727000e+15
2.072135544623172250e+15
2.073899064235617500e+15
2.075662583848062750e+15
2.077426103460508000e+15
2.079189623072953250e+15
2.080953142685398500e+15
2.082716662297843750e+15
2.084480181910289000e+15
2.086243701522734250e+15
2.088007221135179500e+15
2.089770740747624750e+15
2.091534260360070000e+15
2.093297779972515250e+15
2.095061299584960500e+15
2.096824819197405750e+15
2.098588338809851000e+15
2.100351858422296250e+15
2.102115378034741500e+15
2.103878897647186750e+15
2.105642417259632000e+15
2.107405936872077250e+15
2.109169456484522500e+15
2.110932976096967750e+15
2.112696495709413000e+15
2.114460015321858250e+15
2.116223534934303500e+15
2.117987054546748750e+15
2.119750574159194000e+15
2.121514093771639250e+15
2.123277613384084500e+15
2.125041132996529750e+15
2.126804652608975000e+15
2.128568172221420250e+15
2.130331691833865500e+15
2.132095211446310750e+15
2.133858731058756000e+15
2.135622250671201250e+15
2.137385770283646500e+15
2.139149289896091750e+15
2.140912809508537000e+15
2.142676329120982250e+15
2.144439848733427500e+15
2.146203368345872750e+15
2.147966887958318000e+15
2.149730407570763250e+15
2.151493927183208500e+15
2.153257446795653750e+15
2.155020966408099000e+15
2.156784486020544500e+15
2.158548005632989500e+15
2.160311525245435000e+15
2.162075044857880000e+15
2.163838564470325500e+15
2.165602084082770500e+15
2.167365603695216000e+15
2.169129123307661000e+15
2.170892642920106750e+15
2.172656162532551500e+15
2.174419682144997250e+15
2.176183201757442000e+15
2.177946721369887750e+15
2.179710240982332500e+15
2.181473760594778250e+15
2.183237280207223000e+15
2.185000799819668750e+15
2.186764319432113500e+15
2.188527839044559250e+15
2.190291358657004000e+15
2.192054878269449750e+15
2.193818397881894500e+15
2.195581917494340250e+15
2.197345437106785000e+15
2.199108956719230750e+15
2.200872476331675500e+15
2.202635995944121250e+15
2.204399515556566250e+15
2.206163035169011000e+15
2.207926554781456750e+15
2.209690074393901500e+15
2.211453594006347250e+15
2.213217113618792000e+15
2.214980633231237750e+15
2.216744152843682500e+15
2.218507672456128250e+15
2.220271192068573000e+15
2.222034711681018750e+15
2.223798231293463500e+15
2.225561750905909250e+15
2.227325270518354000e+15
2.229088790130799750e+15
2.230852309743244500e+15
2.232615829355690250e+15
2.234379348968135250e+15
2.236142868580580750e+15
2.237906388193025750e+15
2.239669907805471250e+15
2.241433427417916250e+15
2.243196947030361750e+15
2.244960466642806750e+15
2.246723986255252250e+15
2.248487505867697250e+15
2.250251025480142750e+15
2.252014545092587500e+15
2.253778064705033000e+15
2.255541584317478500e+15
2.257305103929923500e+15
2.259068623542369000e+15
2.260832143154814000e+15
2.262595662767259500e+15
2.264359182379704500e+15
2.266122701992150000e+15
2.267886221604595000e+15
2.269649741217040500e+15
2.271413260829485500e+15
2.273176780441931000e+15
2.274940300054376000e+15
2.276703819666821500e+15
2.278467339279267000e+15
2.280230858891712000e+15
2.281994378504157500e+15
2.283757898116602500e+15
2.285521417729048000e+15
2.287284937341493000e+15
2.289048456953938500e+15
2.290811976566383500e+15
2.292575496178829000e+15
2.294339015791274000e+15
2.296102535403719500e+15
2.297866055016164500e+15
2.299629574628610000e+15
2.301393094241055000e+15
2.303156613853500500e+15
2.304920133465945500e+15
2.306683653078391000e+15
2.308447172690836000e+15
2.310210692303281500e+15
2.311974211915726500e+15
2.313737731528172000e+15
2.315501251140617000e+15
2.317264770753062500e+15
2.319028290365507500e+15
2.320791809977953000e+15
2.322555329590398000e+15
2.324318849202843500e+15
2.326082368815288500e+15
2.327845888427734000e+15
2.329609408040179000e+15
2.331372927652624500e+15
2.333136447265069500e+15
2.334899966877515000e+15
2.336663486489960000e+15
2.338427006102405500e+15
2.340190525714850500e+15
2.341954045327296000e+15
2.343717564939741000e+15
2.345481084552186500e+15
2.347244604164631500e+15
2.349008123777077000e+15
2.350771643389522000e+15
2.352535163001967500e+15
2.354298682614412500e+15
2.356062202226858000e+15
2.357825721839303000e+15
2.359589241451748500e+15
2.361352761064193500e+15
2.363116280676639000e+15
2.364879800289084000e+15
2.366643319901529500e+15
2.368406839513974500e+15
2.370170359126420000e+15
2.371933878738865000e+15
2.373697398351310500e+15
2.375460917963755500e+15
2.377224437576201000e+15
2.378987957188646000e+15
2.380751476801091500e+15
2.382514996413536500e+15
2.384278516025982000e+15
2.386042035638427000e+15
2.387805555250872500e+15
2.389569074863317500e+15
2.391332594475763000e+15
2.393096114088208000e+15
2.394859633700653500e+15
2.396623153313098500e+15
2.398386672925544000e+15
2.400150192537989000e+15
2.401913712150435000e+15
2.403677231762879500e+15
2.405440751375325500e+15
2.407204270987770000e+15
2.408967790600216000e+15
2.410731310212660500e+15
2.412494829825106500e+15
2.414258349437551000e+15
2.416021869049997000e+15
2.417785388662441500e+15
2.419548908274887500e+15
2.421312427887332000e+15
2.423075947499778000e+15
2.424839467112222500e+15
2.426602986724667500e+15
2.428366506337113000e+15
2.430130025949558000e+15
2.431893545562004000e+15
2.433657065174448500e+15
2.435420584786894500e+15
2.437184104399339000e+15
2.438947624011785000e+15
2.440711143624229500e+15
2.442474663236675500e+15
2.444238182849120000e+15
2.446001702461566000e+15
2.447765222074010500e+15
2.449528741686456500e+15
2.451292261298901000e+15
2.453055780911347000e+15
2.454819300523791500e+15
2.456582820136237500e+15
2.458346339748682000e+15
2.460109859361128000e+15
2.461873378973573000e+15
2.463636898586018500e+15
2.465400418198463500e+15
2.467163937810909000e+15
2.468927457423354000e+15
2.470690977035799500e+15
2.472454496648244500e+15
2.474218016260690000e+15
2.475981535873135000e+15
2.477745055485580500e+15
2.479508575098025500e+15
2.481272094710471000e+15
2.483035614322916000e+15
2.484799133935361500e+15
2.486562653547806500e+15
2.488326173160252000e+15
2.490089692772697000e+15
2.491853212385142500e+15
2.493616731997587500e+15
2.495380251610033000e+15
2.497143771222478000e+15
2.498907290834923500e+15
2.500670810447368500e+15
2.502434330059814000e+15
2.504197849672259000e+15
2.505961369284704500e+15
2.507724888897149500e+15
2.509488408509595000e+15
2.511251928122040000e+15
2.513015447734485500e+15
2.514778967346930500e+15
2.516542486959376000e+15
2.518306006571821000e+15
2.520069526184266500e+15
2.521833045796711500e+15
2.523596565409157000e+15
2.525360085021602000e+15
2.527123604634047500e+15
2.528887124246492500e+15
2.530650643858938000e+15
2.532414163471383000e+15
2.534177683083828500e+15
2.535941202696273500e+15
2.537704722308719000e+15
2.539468241921164000e+15
2.541231761533609500e+15
2.542995281146054500e+15
2.544758800758500000e+15
2.546522320370945000e+15
2.548285839983390500e+15
2.550049359595835500e+15
2.551812879208281000e+15
2.553576398820726000e+15
2.555339918433171500e+15
2.557103438045616500e+15
2.558866957658062000e+15
2.560630477270507000e+15
2.562393996882952500e+15
2.564157516495397500e+15
2.565921036107843000e+15
2.567684555720288000e+15
2.569448075332733500e+15
2.571211594945178500e+15
2.572975114557624000e+15
2.574738634170069000e+15
2.576502153782514500e+15
2.578265673394959500e+15
2.580029193007405000e+15
2.581792712619850000e+15
2.583556232232295500e+15
2.585319751844741000e+15
2.587083271457186000e+15
2.588846791069631500e+15
2.590610310682076500e+15
2.592373830294522000e+15
2.594137349906967000e+15
2.595900869519412500e+15
2.597664389131858000e+15
2.599427908744303000e+15
2.601191428356748500e+15
2.602954947969193500e+15
2.604718467581639000e+15
2.606481987194084000e+15
2.608245506806529500e+15
2.610009026418974500e+15
2.611772546031420000e+15
2.613536065643865000e+15
2.615299585256310500e+15
2.617063104868755500e+15
2.618826624481201000e+15
2.620590144093646000e+15
2.622353663706091500e+15
2.624117183318536500e+15
2.625880702930982000e+15
2.627644222543427000e+15
2.629407742155872500e+15
2.631171261768317500e+15
2.632934781380763000e+15
2.634698300993208000e+15
2.636461820605653500e+15
2.638225340218098500e+15
2.639988859830544000e+15
2.641752379442989000e+15
2.643515899055434500e+15
2.645279418667879500e+15
2.647042938280324500e+15
2.648806457892770000e+15
2.650569977505215000e+15
2.652333497117660500e+15
2.654097016730105500e+15
2.655860536342551000e+15
2.657624055954996000e+15
2.659387575567441500e+15
2.661151095179886500e+15
2.662914614792332000e+15
2.664678134404777000e+15
2.666441654017222500e+15
2.668205173629667500e+15
2.669968693242113000e+15
2.671732212854558000e+15
2.673495732467003500e+15
2.675259252079448500e+15
2.677022771691894000e+15
2.678786291304339000e+15
2.680549810916784500e+15
2.682313330529229500e+15
2.684076850141675000e+15
2.685840369754120000e+15
2.687603889366565500e+15
2.689367408979010500e+15
2.691130928591456000e+15
2.692894448203901000e+15
2.694657967816346500e+15
2.696421487428791500e+15
2.698185007041237000e+15
2.699948526653682000e+15
2.701712046266127500e+15
2.703475565878572500e+15
2.705239085491018000e+15
2.707002605103463000e+15
2.708766124715908500e+15
2.710529644328353500e+15
2.712293163940799000e+15
2.714056683553244000e+15
2.715820203165689500e+15
2.717583722778134500e+15
2.719347242390580000e+15
2.721110762003025000e+15
2.722874281615470500e+15
2.724637801227915500e+15
2.726401320840361000e+15
2.728164840452806000e+15
2.729928360065251500e+15
2.731691879677696500e+15
2.733455399290142000e+15
2.735218918902587500e+15
2.736982438515032500e+15
2.738745958127478000e+15
2.740509477739923000e+15
2.742272997352368500e+15
2.744036516964813500e+15
2.745800036577259000e+15
2.747563556189704000e+15
2.749327075802149500e+15
2.751090595414594500e+15
2.752854115027040000e+15
2.754617634639485000e+15
2.756381154251930500e+15
2.758144673864375500e+15
2.759908193476821000e+15
2.761671713089266000e+15
2.763435232701711500e+15
2.765198752314156500e+15
2.766962271926602000e+15
2.768725791539047000e+15
2.770489311151492500e+15
2.772252830763937500e+15
2.774016350376383000e+15
2.775779869988828000e+15
2.777543389601273500e+15
2.779306909213718500e+15
2.781070428826164000e+15
2.782833948438609000e+15
2.784597468051054500e+15
2.786360987663499500e+15
2.788124507275945000e+15
2.789888026888390000e+15
2.791651546500835500e+15
2.793415066113280500e+15
2.795178585725726000e+15
2.796942105338171000e+15
2.798705624950616500e+15
2.800469144563061500e+15
2.802232664175507000e+15
2.803996183787952000e+15
2.805759703400397500e+15
2.807523223012842500e+15
2.809286742625288000e+15
2.811050262237733000e+15
2.812813781850178500e+15
2.814577301462623500e+15
2.816340821075069000e+15
2.818104340687514000e+15
2.819867860299959500e+15
2.821631379912404500e+15
2.823394899524850000e+15
2.825158419137295000e+15
2.826921938749740500e+15
2.828685458362185500e+15
2.830448977974631000e+15
2.832212497587076000e+15
2.833976017199521500e+15
2.835739536811966500e+15
2.837503056424412000e+15
2.839266576036857000e+15
2.841030095649302500e+15
2.842793615261747500e+15
2.844557134874193000e+15
2.846320654486638000e+15
2.848084174099083500e+15
2.849847693711528500e+15
2.851611213323974000e+15
2.853374732936419000e+15
2.855138252548864500e+15
2.856901772161309500e+15
2.858665291773755000e+15
2.860428811386200000e+15
2.862192330998645500e+15
2.863955850611090500e+15
2.865719370223536000e+15
2.867482889835981000e+15
2.869246409448426500e+15
2.871009929060871500e+15
2.872773448673317000e+15
2.874536968285762000e+15
2.876300487898207500e+15
2.878064007510652500e+15
2.879827527123098000e+15
2.881591046735543000e+15
2.883354566347988500e+15
2.885118085960433500e+15
2.886881605572879000e+15
2.888645125185324500e+15
2.890408644797769500e+15
2.892172164410215000e+15
2.893935684022660000e+15
2.895699203635105500e+15
2.897462723247550500e+15
2.899226242859996000e+15
2.900989762472441000e+15
2.902753282084886500e+15
2.904516801697331500e+15
2.906280321309777000e+15
2.908043840922222000e+15
2.909807360534667500e+15
2.911570880147112500e+15
2.913334399759558000e+15
2.915097919372003000e+15
2.916861438984448500e+15
2.918624958596893500e+15
2.920388478209339000e+15
2.922151997821784000e+15
2.923915517434229500e+15
2.925679037046674500e+15
2.927442556659120000e+15
2.929206076271565000e+15
2.930969595884010500e+15
2.932733115496455500e+15
2.934496635108901000e+15
2.936260154721346000e+15
2.938023674333791500e+15
2.939787193946236500e+15
2.941550713558682000e+15
2.943314233171127000e+15
2.945077752783572500e+15
2.946841272396017500e+15
2.948604792008463000e+15
2.950368311620908000e+15
2.952131831233353500e+15
2.953895350845798500e+15
2.955658870458244000e+15
2.957422390070689000e+15
2.959185909683134500e+15
2.960949429295579500e+15
2.962712948908025000e+15
2.964476468520470000e+15
2.966239988132915500e+15
2.968003507745360500e+15
2.969767027357806000e+15
2.971530546970251000e+15
2.973294066582696500e+15
2.975057586195141500e+15
2.976821105807587000e+15
2.978584625420032000e+15
2.980348145032477500e+15
2.982111664644922500e+15
2.983875184257368000e+15
2.985638703869813000e+15
2.987402223482258500e+15
2.989165743094703500e+15
2.990929262707149000e+15
2.992692782319594000e+15
2.994456301932039500e+15
2.996219821544484500e+15
2.997983341156930000e+15
2.999746860769375000e+15
3.001510380381820500e+15
3.003273899994265500e+15
3.005037419606711000e+15
3.006800939219156000e+15
3.008564458831601500e+15
3.010327978444046500e+15
3.012091498056492000e+15
3.013855017668937000e+15
3.015618537281382500e+15
3.017382056893827500e+15
3.019145576506273000e+15
3.020909096118718000e+15
3.022672615731163500e+15
3.024436135343608500e+15
3.026199654956054000e+15
3.027963174568499000e+15
3.029726694180944500e+15
3.031490213793389500e+15
3.033253733405835000e+15
3.035017253018280000e+15
3.036780772630725500e+15
3.038544292243171000e+15
3.040307811855616000e+15
3.042071331468061500e+15
3.043834851080506500e+15
3.045598370692952000e+15
3.047361890305397000e+15
3.049125409917842500e+15
3.050888929530287500e+15
3.052652449142733000e+15
3.054415968755178000e+15
3.056179488367623500e+15
3.057943007980068500e+15
3.059706527592514000e+15
3.061470047204959000e+15
3.063233566817404500e+15
3.064997086429849500e+15
3.066760606042295000e+15
3.068524125654740000e+15
3.070287645267185500e+15
3.072051164879630500e+15
3.073814684492076000e+15
3.075578204104521000e+15
3.077341723716966500e+15
3.079105243329411500e+15
3.080868762941857000e+15
3.082632282554302000e+15
3.084395802166747500e+15
3.086159321779192500e+15
3.087922841391638000e+15
3.089686361004083000e+15
3.091449880616528500e+15
3.093213400228973500e+15
3.094976919841419000e+15
3.096740439453864000e+15
3.098503959066309500e+15
3.100267478678754500e+15
3.102030998291200000e+15
3.103794517903645000e+15
3.105558037516090500e+15
3.107321557128535500e+15
3.109085076740981000e+15
3.110848596353426000e+15
3.112612115965871500e+15
3.114375635578316500e+15
3.116139155190762000e+15
3.117902674803207000e+15
3.119666194415652500e+15
3.121429714028097500e+15
3.123193233640543000e+15
3.124956753252988000e+15
3.126720272865433500e+15
3.128483792477878500e+15
3.130247312090324000e+15
3.132010831702769000e+15
3.133774351315214500e+15
3.135537870927659500e+15
3.137301390540105000e+15
3.139064910152550000e+15
3.140828429764995500e+15
3.142591949377440500e+15
3.144355468989886000e+15
3.146118988602331000e+15
3.147882508214776500e+15
3.149646027827221500e+15
3.151409547439667000e+15
3.153173067052112000e+15
3.154936586664557500e+15
3.156700106277002500e+15
3.158463625889448000e+15
3.160227145501893000e+15
3.161990665114338500e+15
3.163754184726783500e+15
3.165517704339229000e+15
3.167281223951674000e+15
3.169044743564119500e+15
3.170808263176564500e+15
3.172571782789010000e+15
3.174335302401455000e+15
3.176098822013900500e+15
3.177862341626345500e+15
3.179625861238791000e+15
3.181389380851236000e+15
3.183152900463681500e+15
3.184916420076126500e+15
3.186679939688572000e+15
3.188443459301017000e+15
3.190206978913462500e+15
3.191970498525908000e+15
3.193734018138353000e+15
3.195497537750798500e+15
3.197261057363243500e+15
3.199024576975689000e+15
3.200788096588134000e+15
3.202551616200579500e+15
3.204315135813024500e+15
3.206078655425470000e+15
3.207842175037915000e+15
3.209605694650360500e+15
3.211369214262805500e+15
3.213132733875251000e+15
3.214896253487696000e+15
3.216659773100141500e+15
3.218423292712586500e+15
3.220186812325032000e+15
3.221950331937477000e+15
3.223713851549922500e+15
3.225477371162367500e+15
3.227240890774813000e+15
3.229004410387258000e+15
3.230767929999703500e+15
3.232531449612148500e+15
3.234294969224594000e+15
3.236058488837039000e+15
3.237822008449484500e+15
3.239585528061929500e+15
3.241349047674375000e+15
3.243112567286820000e+15
3.244876086899265500e+15
3.246639606511710500e+15
3.248403126124156000e+15
3.250166645736601000e+15
3.251930165349046500e+15
3.253693684961491500e+15
3.255457204573937000e+15
3.257220724186382000e+15
3.258984243798827500e+15
3.260747763411272500e+15
3.262511283023718000e+15
3.264274802636163000e+15
3.266038322248608500e+15
3.267801841861053500e+15
3.269565361473499000e+15
3.271328881085944000e+15
3.273092400698389500e+15
3.274855920310834500e+15
3.276619439923280000e+15
3.278382959535725000e+15
3.280146479148170500e+15
3.281909998760615500e+15
3.283673518373061000e+15
3.285437037985506000e+15
3.287200557597951500e+15
3.288964077210396500e+15
3.290727596822842000e+15
3.292491116435287000e+15
3.294254636047732500e+15
3.296018155660177500e+15
3.297781675272623000e+15
3.299545194885068000e+15
3.301308714497513500e+15
3.303072234109958500e+15
3.304835753722404000e+15
3.306599273334849000e+15
3.308362792947294500e+15
3.310126312559739500e+15
3.311889832172185000e+15
3.313653351784630000e+15
3.315416871397075500e+15
3.317180391009520500e+15
3.318943910621966000e+15
3.320707430234411000e+15
3.322470949846856500e+15
3.324234469459301500e+15
3.325997989071747000e+15
3.327761508684192000e+15
3.329525028296637500e+15
3.331288547909082500e+15
3.333052067521528000e+15
3.334815587133973000e+15
3.336579106746418500e+15
3.338342626358863500e+15
3.340106145971309000e+15
3.341869665583754500e+15
3.343633185196199500e+15
3.345396704808645000e+15
3.347160224421090000e+15
3.348923744033535500e+15
3.350687263645980500e+15
3.352450783258426000e+15
3.354214302870871000e+15
3.355977822483316500e+15
3.357741342095761500e+15
3.359504861708207000e+15
3.361268381320652000e+15
3.363031900933097500e+15
3.364795420545542500e+15
3.366558940157988000e+15
3.368322459770433000e+15
3.370085979382878500e+15
3.371849498995323500e+15
3.373613018607769000e+15
3.375376538220214000e+15
3.377140057832659500e+15
3.378903577445104500e+15
3.380667097057550000e+15
3.382430616669995000e+15
3.384194136282440500e+15
3.385957655894885500e+15
3.387721175507331000e+15
3.389484695119776000e+15
3.391248214732221500e+15
3.393011734344666500e+15
3.394775253957112000e+15
3.396538773569557000e+15
3.398302293182002500e+15
3.400065812794447500e+15
3.401829332406893000e+15
3.403592852019338000e+15
3.405356371631783500e+15
3.407119891244228500e+15
3.408883410856674000e+15
3.410646930469119000e+15
3.412410450081564500e+15
3.414173969694009500e+15
3.415937489306455000e+15
3.417701008918900000e+15
3.419464528531345500e+15
3.421228048143790500e+15
3.422991567756236000e+15
3.424755087368681000e+15
3.426518606981126500e+15
3.428282126593571500e+15
3.430045646206017000e+15
3.431809165818462000e+15
3.433572685430907500e+15
3.435336205043352500e+15
3.437099724655798000e+15
3.438863244268243000e+15
3.440626763880688500e+15
3.442390283493133500e+15
3.444153803105579000e+15
3.445917322718024000e+15
3.447680842330469500e+15
3.449444361942914500e+15
3.451207881555360000e+15
3.452971401167805000e+15
3.454734920780250500e+15
3.456498440392695500e+15
3.458261960005141000e+15
3.460025479617586000e+15
3.461788999230031500e+15
3.463552518842476500e+15
3.465316038454922000e+15
3.467079558067367000e+15
3.468843077679812500e+15
3.470606597292257500e+15
3.472370116904703000e+15
3.474133636517148000e+15
