6.486746444817414226e+20
6.486746444817414226e+20
6.486746444817414226e+20
6.482436314289295852e+20
6.482436314289295852e+20
6.478126183761178788e+20
6.478126183761178788e+20
6.473816053233060413e+20
6.473816053233060413e+20
6.469505922704943350e+20
6.469505922704943350e+20
6.465195792176824975e+20
6.460885661648706601e+20
6.456575531120589537e+20
6.452265400592471163e+20
6.447955270064354099e+20
6.443645139536235725e+20
6.439335009008117350e+20
6.435024878479998976e+20
6.430714747951880602e+20
6.426404617423763538e+20
6.417784356367528100e+20
6.413474225839409725e+20
6.409164095311292662e+20
6.400543834255055913e+20
6.396233703726938849e+20
6.387613442670703411e+20
6.378993181614466662e+20
6.374683051086349599e+20
6.366062790030114161e+20
6.357442528973877412e+20
6.353132398445760348e+20
6.344512137389523599e+20
6.335891876333288161e+20
6.327271615277052723e+20
6.318651354220815974e+20
6.310031093164580536e+20
6.301410832108345098e+20
6.292790571052109660e+20
6.279860179467755848e+20
6.271239918411520410e+20
6.262619657355284972e+20
6.253999396299049533e+20
6.241069004714694410e+20
6.232448743658458972e+20
6.219518352074105160e+20
6.210898091017869722e+20
6.197967699433515909e+20
6.189347438377280471e+20
6.176417046792926659e+20
6.163486655208572846e+20
6.154866394152336097e+20
6.141936002567983596e+20
6.129005610983629783e+20
6.116075219399275971e+20
6.107454958343040532e+20
6.094524566758686720e+20
6.081594175174332908e+20
6.068663783589980406e+20
6.055733392005625283e+20
6.042803000421271470e+20
6.029872608836917658e+20
6.016942217252565156e+20
6.004011825668211343e+20
5.986771303555740467e+20
5.973840911971386655e+20
5.960910520387031532e+20
5.947980128802677719e+20
5.930739606690206843e+20
5.917809215105853030e+20
5.904878823521500529e+20
5.887638301409028997e+20
5.874707909824675185e+20
5.861777518240320717e+20
5.844536996127849185e+20
5.831606604543496028e+20
5.814366082431024497e+20
5.801435690846670684e+20
5.784195168734199808e+20
5.766954646621726966e+20
5.754024255037373809e+20
5.736783732924902277e+20
5.723853341340549120e+20
5.706612819228077588e+20
5.689372297115606057e+20
5.672131775003133870e+20
5.659201383418780058e+20
5.641960861306309181e+20
5.624720339193837650e+20
5.607479817081366118e+20
5.594549425497012961e+20
5.577308903384540119e+20
5.560068381272069243e+20
5.542827859159597711e+20
5.525587337047124869e+20
5.508346814934654648e+20
5.491106292822183772e+20
5.478175901237829304e+20
5.460935379125357773e+20
5.443694857012886241e+20
5.426454334900414710e+20
5.409213812787943834e+20
5.391973290675472302e+20
5.374732768563000115e+20
5.357492246450528584e+20
5.340251724338057052e+20
5.323011202225586176e+20
5.305770680113114644e+20
5.288530158000642458e+20
5.271289635888170926e+20
5.254049113775699395e+20
5.236808591663227863e+20
5.215257939022639268e+20
5.198017416910166426e+20
5.180776894797694894e+20
5.163536372685224018e+20
5.146295850572752486e+20
5.129055328460280955e+20
5.111814806347810079e+20
5.094574284235337236e+20
5.077333762122866360e+20
5.060093240010394829e+20
5.042852717897923297e+20
5.021302065257334047e+20
5.004061543144861860e+20
4.986821021032390328e+20
4.969580498919919452e+20
4.952339976807447921e+20
4.935099454694975734e+20
4.917858932582504858e+20
4.900618410470033326e+20
4.879067757829443420e+20
4.861827235716972544e+20
4.844586713604501012e+20
4.827346191492028826e+20
4.810105669379557949e+20
4.792865147267085763e+20
4.775624625154614231e+20
4.758384103042143355e+20
4.736833450401553449e+20
4.719592928289081917e+20
4.702352406176611041e+20
4.685111884064138854e+20
4.667871361951667323e+20
4.650630839839195791e+20
4.633390317726724260e+20
4.616149795614252728e+20
4.598909273501781197e+20
4.581668751389309665e+20
4.560118098748720415e+20
4.542877576636248883e+20
4.525637054523777352e+20
4.508396532411305820e+20
4.491156010298834289e+20
4.473915488186362757e+20
4.456674966073891226e+20
4.439434443961419694e+20
4.422193921848948163e+20
4.404953399736476631e+20
4.387712877624005100e+20
4.370472355511533568e+20
4.353231833399062036e+20
4.335991311286590505e+20
4.318750789174118973e+20
4.301941280114459279e+20
4.284700758001987748e+20
4.267891248942327398e+20
4.250650726829856522e+20
4.233841217770196828e+20
4.216600695657724641e+20
4.199791186598065603e+20
4.182981677538405908e+20
4.166172168478745559e+20
4.149362659419085865e+20
4.132553150359426826e+20
4.115743641299766477e+20
4.099365145292918620e+20
4.082555636233258926e+20
4.066177140226411069e+20
4.049367631166751375e+20
4.032989135159903519e+20
4.016610639153055007e+20
4.000232143146207150e+20
3.983853647139359293e+20
3.967475151132511437e+20
3.951096655125663580e+20
3.935149172171626906e+20
3.918770676164779049e+20
3.902823193210743030e+20
3.886875710256707011e+20
3.870497214249859154e+20
3.854549731295823135e+20
3.838602248341786460e+20
3.822654765387750441e+20
3.807138295486526259e+20
3.791190812532489585e+20
3.775243329578453565e+20
3.759726859677229384e+20
3.744210389776004547e+20
3.728262906821968527e+20
3.712746436920744346e+20
3.697229967019520164e+20
3.681713497118295982e+20
3.666628040269882982e+20
3.651111570368658801e+20
3.636026113520245801e+20
3.620509643619021619e+20
3.605424186770609275e+20
3.590338729922196275e+20
3.575253273073783931e+20
3.560167816225371587e+20
3.545082359376958587e+20
3.529996902528546243e+20
3.515342458732945736e+20
3.500257001884532736e+20
3.485602558088932229e+20
3.470517101240519885e+20
3.455862657444918723e+20
3.441208213649317560e+20
3.426553769853717053e+20
3.412330339110928384e+20
3.397675895315327222e+20
3.383021451519726715e+20
3.368798020776937390e+20
3.354574590034148065e+20
3.339920146238547558e+20
3.325696715495758889e+20
3.311473284752969564e+20
3.297680867062992077e+20
3.283457436320203407e+20
3.269234005577414738e+20
3.255441587887437251e+20
3.241218157144647926e+20
3.227425739454671094e+20
3.213633321764693606e+20
3.199840904074716119e+20
3.186048486384739287e+20
3.172256068694761800e+20
3.158463651004784968e+20
3.145102246367619318e+20
3.131309828677642486e+20
3.117948424040476180e+20
3.104587019403311186e+20
3.091225614766146191e+20
3.077864210128980541e+20
3.064502805491814892e+20
3.051141400854649242e+20
3.037779996217484247e+20
3.024849604633130435e+20
3.011488199995964785e+20
2.998557808411611628e+20
2.985627416827257815e+20
2.972266012190092165e+20
2.959335620605738353e+20
2.946836242074196705e+20
2.933905850489842893e+20
2.920975458905489408e+20
2.908476080373947433e+20
2.895545688789593948e+20
2.883046310258051645e+20
2.870115918673698161e+20
2.857616540142156513e+20
2.845117161610614866e+20
2.832617783079072563e+20
2.820549417600342753e+20
2.808050039068801106e+20
2.795550660537259131e+20
2.783482295058528666e+20
2.770982916526987674e+20
2.758914551048257208e+20
2.746846185569527071e+20
2.734777820090796605e+20
2.722709454612066796e+20
2.710641089133336658e+20
2.698572723654606848e+20
2.686935371228688220e+20
2.674867005749958083e+20
2.663229653324040110e+20
2.651161287845310300e+20
2.639523935419391345e+20
2.627886582993473372e+20
2.616249230567555072e+20
2.604611878141637100e+20
2.592974525715718144e+20
2.581337173289800172e+20
2.570130833916693709e+20
2.558493481490775736e+20
2.547287142117668618e+20
2.535649789691750646e+20
2.524443450318644183e+20
2.513237110945537720e+20
2.502030771572430930e+20
2.490824432199324467e+20
2.479618092826218332e+20
2.468411753453111542e+20
2.457636427132816916e+20
2.446430087759710454e+20
2.435654761439415828e+20
2.424448422066309366e+20
2.413673095746014413e+20
2.402897769425719788e+20
2.392122443105425162e+20
2.381347116785130537e+20
2.370571790464835584e+20
2.359796464144540959e+20
2.349021137824246333e+20
2.338676824556763546e+20
2.327901498236468920e+20
2.317557184968985805e+20
2.306781858648691180e+20
2.296437545381208064e+20
2.286093232113725276e+20
2.275748918846242161e+20
2.265404605578759373e+20
2.255060292311276585e+20
2.244715979043793469e+20
2.234371665776310682e+20
2.224458365561639404e+20
2.214114052294156616e+20
2.204200752079485338e+20
2.193856438812002550e+20
2.183943138597331599e+20
2.174029838382660321e+20
2.164116538167989043e+20
2.153772224900506255e+20
2.144289937738646815e+20
2.134376637523975537e+20
2.124463337309304586e+20
2.114550037094633636e+20
2.105067749932774195e+20
2.095154449718102917e+20
2.085672162556243476e+20
2.075758862341572526e+20
2.066276575179713413e+20
2.056794288017853645e+20
2.047312000855994532e+20
2.037829713694135091e+20
2.028347426532275651e+20
2.018865139370416538e+20
2.009382852208557097e+20
1.999900565046697984e+20
1.990849290937650053e+20
1.981367003775790940e+20
1.972315729666743337e+20
1.962833442504883896e+20
1.953782168395836293e+20
1.944730894286789018e+20
1.935679620177741414e+20
1.926628346068693811e+20
1.917577071959646208e+20
1.908525797850598605e+20
1.899474523741551329e+20
1.890423249632503398e+20
1.881802988576267960e+20
1.872751714467220029e+20
1.864131453410984264e+20
1.855080179301936988e+20
1.846459918245700895e+20
1.837839657189465457e+20
1.828788383080417853e+20
1.820168122024182088e+20
1.811547860967946322e+20
1.802927599911710556e+20
1.794307338855474790e+20
1.786118090852050862e+20
1.777497829795815096e+20
1.768877568739579331e+20
1.760688320736155402e+20
1.752068059679919309e+20
1.743878811676495380e+20
1.735258550620259942e+20
1.727069302616835686e+20
1.718880054613411758e+20
1.710690806609987830e+20
1.702501558606563901e+20
1.694312310603139973e+20
1.686123062599716045e+20
1.677933814596291789e+20
1.669744566592867860e+20
1.661986331642255770e+20
1.653797083638831514e+20
1.645607835635407913e+20
1.637849600684795822e+20
1.629660352681371566e+20
1.621902117730759475e+20
1.614143882780147384e+20
1.606385647829534966e+20
1.598627412878922875e+20
1.590869177928310784e+20
1.583110942977698365e+20
1.575352708027086275e+20
1.567594473076474184e+20
1.559836238125861765e+20
1.552078003175249674e+20
1.544750781277449421e+20
1.536992546326837002e+20
1.529665324429036749e+20
1.521907089478424658e+20
1.514579867580624077e+20
1.507252645682823823e+20
1.499494410732211732e+20
1.492167188834411151e+20
1.484839966936610570e+20
1.477512745038810317e+20
1.470185523141010063e+20
1.462858301243209482e+20
1.455962092398220902e+20
1.448634870500420649e+20
1.441307648602620068e+20
1.434411439757631488e+20
1.427084217859831235e+20
1.420188009014842655e+20
1.412860787117042074e+20
1.405964578272053166e+20
1.399068369427064914e+20
1.391741147529264333e+20
1.384844938684276081e+20
1.377948729839287337e+20
1.371052520994298429e+20
1.364156312149310013e+20
1.357260103304321434e+20
1.350794907512144691e+20
1.343898698667155948e+20
1.337002489822167368e+20
1.330537294029990625e+20
1.323641085185001718e+20
1.317175889392824975e+20
1.310279680547836559e+20
1.303814484755659817e+20
1.297349288963482747e+20
1.290453080118494167e+20
1.283987884326317425e+20
1.277522688534140682e+20
1.271057492741963612e+20
1.264592296949786870e+20
1.258127101157610127e+20
1.251661905365433057e+20
1.245196709573256315e+20
1.239162526833891410e+20
1.232697331041714504e+20
1.226232135249537761e+20
1.220197952510172692e+20
1.213732756717995950e+20
1.207698573978630881e+20
1.201664391239265812e+20
1.195199195447088906e+20
1.189165012707724001e+20
1.183130829968358932e+20
1.177096647228993864e+20
1.171062464489628795e+20
1.165028281750263890e+20
1.158994099010898821e+20
1.152959916271533752e+20
1.146925733532168684e+20
1.140891550792803779e+20
1.135288381106250383e+20
1.129254198366885478e+20
1.123220015627520246e+20
1.117616845940967178e+20
1.112013676254413783e+20
1.105979493515048878e+20
1.100376323828495483e+20
1.094342141089130578e+20
1.088738971402577183e+20
1.083135801716024115e+20
1.077532632029470720e+20
1.071929462342917489e+20
1.066326292656364257e+20
1.060723122969811026e+20
1.055119953283257795e+20
1.049516783596704563e+20
1.044344626962963169e+20
1.038741457276409774e+20
1.033138287589856707e+20
1.027966130956115149e+20
1.022362961269561917e+20
1.017190804635820360e+20
1.011587634949267128e+20
1.006415478315525734e+20
1.001243321681784340e+20
9.956401519952309453e+19
9.904679953614895514e+19
9.852958387277481574e+19
9.801236820940065997e+19
9.749515254602652058e+19
9.697793688265236480e+19
9.646072121927822541e+19
9.594350555590406963e+19
9.542628989252993024e+19
9.490907422915579085e+19
9.443495987106281882e+19
9.391774420768867942e+19
9.344362984959570739e+19
9.292641418622156800e+19
9.245229982812859597e+19
9.193508416475444019e+19
9.146096980666148454e+19
9.094375414328732877e+19
9.046963978519437312e+19
8.999552542710140109e+19
8.952141106900842906e+19
8.904729671091547341e+19
8.853008104754131763e+19
8.805596668944836198e+19
8.758185233135537357e+19
8.715083927854360166e+19
8.667672492045062963e+19
8.620261056235765760e+19
8.572849620426470195e+19
8.525438184617172992e+19
8.482336879335994163e+19
8.434925443526696960e+19
8.391824138245518131e+19
8.344412702436222566e+19
8.301311397155043738e+19
8.253899961345746534e+19
8.210798656064567706e+19
8.167697350783387238e+19
8.120285914974091674e+19
8.077184609692912845e+19
8.034083304411734016e+19
7.990981999130555187e+19
7.947880693849376358e+19
7.904779388568197530e+19
7.861678083287018701e+19
7.818576778005839872e+19
7.775475472724661043e+19
7.732374167443482214e+19
7.693582992690420122e+19
7.650481687409242931e+19
7.607380382128064102e+19
7.564279076846883635e+19
7.525487902093823181e+19
7.482386596812645990e+19
7.443595422059583898e+19
7.400494116778405069e+19
7.361702942025344614e+19
7.322911767272282522e+19
7.279810461991104512e+19
7.241019287238044058e+19
7.202228112484981965e+19
7.163436937731921510e+19
7.124645762978861056e+19
7.085854588225798963e+19
7.047063413472740147e+19
7.008272238719678054e+19
6.969481063966617600e+19
6.930689889213556326e+19
6.891898714460495053e+19
6.853107539707433779e+19
6.814316364954373325e+19
6.779835320729430426e+19
6.741044145976369971e+19
6.702252971223307878e+19
6.667771926998364979e+19
6.628980752245304525e+19
6.594499708020360806e+19
6.555708533267300352e+19
6.521227489042357453e+19
6.482436314289295360e+19
6.447955270064353280e+19
6.413474225839410381e+19
6.374683051086348288e+19
6.340202006861406208e+19
6.305720962636463309e+19
6.271239918411520410e+19
6.236758874186576691e+19
6.202277829961633792e+19
6.167796785736690893e+19
6.133315741511747994e+19
6.098834697286804275e+19
6.064353653061862195e+19
6.029872608836918477e+19
5.995391564611975578e+19
5.965220650915150234e+19
5.930739606690206515e+19
5.896258562465264435e+19
5.866087648768439091e+19
5.831606604543496192e+19
5.797125560318552474e+19
5.766954646621727949e+19
5.736783732924902605e+19
5.702302688699959706e+19
5.672131775003134362e+19
5.637650730778191462e+19
5.607479817081366118e+19
5.577308903384540774e+19
5.542827859159597875e+19
5.512656945462772531e+19
5.482486031765947187e+19
5.452315118069121843e+19
5.422144204372297318e+19
5.391973290675471155e+19
5.361802376978646630e+19
5.331631463281821286e+19
5.301460549584995942e+19
5.271289635888170598e+19
5.241118722191346074e+19
5.210947808494520730e+19
5.180776894797695386e+19
5.154916111628987597e+19
5.124745197932163072e+19
5.094574284235337728e+19
5.068713501066630758e+19
5.038542587369805414e+19
5.008371673672980070e+19
4.982510890504273101e+19
4.952339976807447757e+19
4.926479193638740787e+19
4.896308279941915443e+19
4.870447496773208474e+19
4.844586713604500685e+19
4.814415799907675341e+19
4.788555016738968371e+19
4.762694233570260582e+19
4.736833450401553613e+19
4.706662536704728269e+19
4.680801753536020480e+19
4.654940970367313510e+19
4.629080187198606541e+19
4.603219404029898752e+19
4.577358620861191782e+19
4.551497837692483994e+19
4.525637054523777024e+19
4.499776271355070054e+19
4.473915488186363085e+19
4.448054705017655296e+19
4.422193921848948326e+19
4.400643269208358912e+19
4.374782486039651123e+19
4.348921702870944154e+19
4.323060919702236365e+19
4.299786214850400256e+19
4.275649483892939981e+19
4.251512752935479706e+19
4.227376021978019430e+19
4.203239291020559155e+19
4.179533573115911373e+19
4.155827855211262771e+19
4.132553150359425843e+19
4.108847432454778061e+19
4.085572727602941133e+19
4.062729035803916698e+19
4.039454330952080589e+19
4.016610639153055334e+19
3.993766947354030080e+19
3.971354268607817318e+19
3.948941589861604557e+19
3.926528911115391795e+19
3.904116232369179034e+19
3.882134566675777126e+19
3.860152900982376038e+19
3.838171235288974950e+19
3.816189569595573862e+19
3.794638916954984448e+19
3.773088264314395034e+19
3.751968624726617293e+19
3.730417972086027878e+19
3.709298332498250138e+19
3.688178692910472806e+19
3.667490066375506739e+19
3.646801439840541082e+19
3.626112813305575014e+19
3.605424186770608947e+19
3.584735560235643290e+19
3.564477946753489715e+19
3.544220333271335731e+19
3.524393732841993011e+19
3.504136119359839027e+19
3.484309518930496717e+19
3.464482918501154406e+19
3.445087331124624179e+19
3.425260730695281459e+19
3.405865143318751232e+19
3.386469555942221005e+19
3.367504981618502451e+19
3.348540407294783488e+19
3.329144819918252851e+19
3.310611258647345971e+19
3.291646684323627418e+19
3.273113123052720128e+19
3.254579561781813658e+19
3.236046000510906368e+19
3.217512439239999898e+19
3.199409891021904691e+19
3.181307342803809894e+19
3.163204794585714688e+19
3.145102246367619482e+19
3.127430711202335949e+19
3.109759176037052416e+19
3.092087640871769293e+19
3.074416105706485760e+19
3.057175583594014720e+19
3.039935061481542861e+19
3.022694539369071411e+19
3.005454017256599962e+19
2.988213495144128512e+19
2.971403986084468736e+19
2.954594477024808960e+19
2.937784967965149184e+19
2.920975458905489408e+19
2.904596962898641715e+19
2.888218466891793613e+19
2.871839970884945510e+19
2.855461474878097818e+19
2.839513991924061389e+19
2.823135495917213696e+19
2.807188012963177267e+19
2.791240530009140838e+19
2.775724060107916902e+19
2.759776577153880474e+19
2.744260107252656128e+19
2.728743637351431782e+19
2.713227167450207437e+19
2.697710697548983091e+19
2.682625240700570419e+19
2.667539783852158157e+19
2.652454327003745075e+19
2.637368870155332813e+19
2.622283413306920141e+19
2.607628969511319142e+19
2.592974525715718554e+19
2.578320081920117555e+19
2.563665638124516966e+19
2.549011194328916378e+19
2.534787763586127053e+19
2.520564332843338138e+19
2.506340902100549222e+19
2.492117471357759898e+19
2.477894040614970982e+19
2.464101622924993741e+19
2.449878192182204826e+19
2.436085774492227584e+19
2.422293356802250342e+19
2.408931952165084774e+19
2.395139534475107533e+19
2.381778129837942374e+19
2.368416725200776806e+19
2.355055320563611238e+19
2.341693915926446080e+19
2.328332511289280512e+19
2.315402119704926618e+19
2.302040715067761459e+19
2.289110323483407974e+19
2.276179931899054080e+19
2.263680553367512269e+19
2.250750161783158374e+19
2.238250783251616563e+19
2.225320391667263078e+19
2.212821013135721267e+19
2.200321634604179456e+19
2.188253269125449318e+19
2.175753890593907098e+19
2.163685525115177370e+19
2.151617159636447232e+19
2.139117781104905421e+19
2.127480428678986957e+19
2.115412063200256819e+19
2.103343697721527091e+19
2.091706345295609037e+19
2.080068992869690573e+19
2.068000627390960435e+19
2.056794288017854054e+19
2.045156935591935590e+19
2.033519583166017536e+19
2.022313243792910746e+19
2.010675891366992282e+19
1.999469551993885901e+19
1.988263212620779520e+19
1.977056873247673139e+19
1.966281546927378432e+19
1.955075207554271642e+19
1.944299881233976934e+19
1.933093541860870554e+19
1.922318215540575846e+19
1.911542889220281139e+19
1.900767562899986432e+19
1.890423249632503398e+19
1.879647923312208691e+19
1.869303610044725658e+19
1.858959296777243034e+19
1.848183970456948326e+19
1.838270670242277376e+19
1.827926356974794138e+19
1.817582043707311514e+19
1.807237730439828480e+19
1.797324430225157120e+19
1.787411130010486374e+19
1.777497829795815014e+19
1.767584529581143859e+19
1.757671229366472909e+19
1.747757929151801344e+19
1.737844628937130598e+19
1.728362341775271117e+19
1.718880054613411840e+19
1.708966754398740480e+19
1.699484467236881203e+19
1.690002180075021722e+19
1.680519892913162854e+19
1.671468618804114842e+19
1.661986331642255974e+19
1.652935057533207962e+19
1.643452770371349094e+19
1.634401496262301082e+19
1.625350222153253683e+19
1.616298948044206080e+19
1.607247673935158682e+19
1.598627412878922957e+19
1.589576138769875354e+19
1.580955877713639424e+19
1.571904603604591821e+19
1.563284342548356301e+19
1.554664081492120371e+19
1.546043820435884646e+19
1.537423559379648922e+19
1.528803298323413197e+19
1.520614050319989146e+19
1.511993789263753421e+19
1.503804541260329370e+19
1.495184280204093645e+19
1.486995032200669798e+19
1.478805784197245747e+19
1.470616536193821696e+19
1.462427288190397850e+19
1.454669053239785677e+19
1.446479805236361626e+19
1.438290557232937574e+19
1.430532322282325402e+19
1.422774087331713229e+19
1.414584839328289178e+19
1.406826604377677005e+19
1.399068369427064832e+19
1.391310134476452659e+19
1.383982912578652160e+19
1.376224677628039987e+19
1.368466442677428019e+19
1.361139220779627520e+19
1.353811998881827021e+19
1.346053763931214848e+19
1.338726542033414349e+19
1.331399320135614054e+19
1.324072098237813760e+19
1.316744876340013261e+19
1.309417654442212966e+19
1.302521445597224346e+19
1.295194223699423846e+19
1.288298014854435226e+19
1.280970792956634931e+19
1.274074584111646310e+19
1.267178375266657690e+19
1.260282166421669069e+19
1.253385957576680448e+19
1.246489748731691827e+19
1.239593539886703206e+19
1.232697331041714586e+19
1.225801122196725965e+19
1.219335926404549018e+19
1.212439717559560602e+19
1.205974521767383859e+19
1.199509325975206912e+19
1.193044130183030170e+19
1.186147921338041549e+19
1.179682725545864602e+19
1.173648542806499738e+19
1.167183347014322790e+19
1.160718151222146048e+19
1.154252955429969101e+19
1.148218772690604032e+19
1.141753576898427290e+19
1.135719394159062221e+19
1.129254198366885478e+19
1.123220015627520410e+19
1.117185832888155341e+19
1.111151650148790272e+19
1.105117467409425408e+19
1.099083284670060339e+19
1.093049101930695270e+19
1.087014919191330202e+19
1.081411749504776806e+19
1.075377566765411738e+19
1.069343384026046669e+19
1.063740214339493478e+19
1.058137044652940288e+19
1.052102861913575219e+19
1.046499692227022029e+19
1.040896522540468838e+19
1.035293352853915648e+19
1.029690183167362253e+19
1.024087013480809062e+19
1.018483843794255667e+19
1.012880674107702477e+19
1.007708517473960960e+19
1.002105347787407770e+19
9.969331911536664576e+18
9.913300214671130624e+18
9.861578648333717504e+18
9.805546951468183552e+18
9.753825385130768384e+18
9.702103818793355264e+18
9.650382252455940096e+18
9.598660686118526976e+18
9.546939119781111808e+18
9.495217553443696640e+18
9.443495987106281472e+18
9.391774420768866304e+18
9.340052854431453184e+18
9.292641418622156800e+18
9.240919852284741632e+18
9.193508416475444224e+18
9.141786850138030080e+18
9.094375414328733696e+18
9.046963978519436288e+18
8.995242412182023168e+18
8.947830976372725760e+18
8.900419540563429376e+18
8.853008104754131968e+18
8.805596668944835584e+18
8.758185233135538176e+18
8.710773797326241792e+18
8.663362361516945408e+18
8.620261056235766784e+18
8.572849620426469376e+18
8.525438184617172992e+18
8.482336879335994368e+18
8.434925443526697984e+18
8.391824138245517312e+18
8.348722832964339712e+18
8.301311397155042304e+18
8.258210091873863680e+18
8.215108786592686080e+18
8.172007481311505408e+18
8.128906176030327808e+18
8.085804870749149184e+18
8.042703565467970560e+18
7.999602260186790912e+18
7.956500954905612288e+18
7.913399649624433664e+18
7.870298344343254016e+18
7.831507169590194176e+18
7.788405864309014528e+18
7.745304559027835904e+18
7.706513384274775040e+18
7.663412078993595392e+18
7.624620904240535552e+18
7.585829729487474688e+18
7.542728424206295040e+18
7.503937249453234176e+18
7.465146074700174336e+18
7.426354899947112448e+18
7.387563725194051584e+18
7.348772550440990720e+18
7.309981375687929856e+18
7.271190200934868992e+18
7.232399026181808128e+18
7.193607851428746240e+18
7.154816676675686400e+18
7.116025501922625536e+18
7.081544457697682432e+18
7.042753282944620544e+18
7.003962108191559680e+18
6.969481063966617600e+18
6.930689889213556736e+18
6.896208844988612608e+18
6.861727800763669504e+18
6.822936626010608640e+18
6.788455581785665536e+18
6.753974537560722432e+18
6.715183362807662592e+18
6.680702318582719488e+18
6.646221274357776384e+18
6.611740230132832256e+18
6.577259185907889152e+18
6.542778141682946048e+18
6.508297097458002944e+18
6.473816053233059840e+18
6.439335009008117760e+18
6.409164095311292416e+18
6.374683051086349312e+18
6.340202006861406208e+18
6.305720962636463104e+18
6.275550048939637760e+18
6.241069004714694656e+18
6.210898091017870336e+18
6.176417046792926208e+18
6.146246133096101888e+18
6.111765088871158784e+18
6.081594175174333440e+18
6.051423261477508096e+18
6.016942217252564992e+18
5.986771303555739648e+18
5.956600389858914304e+18
5.926429476162088960e+18
5.896258562465264640e+18
5.861777518240321536e+18
5.831606604543496192e+18
5.801435690846670848e+18
5.771264777149845504e+18
5.741093863453020160e+18
5.715233080284313600e+18
5.685062166587488256e+18
5.654891252890662912e+18
5.624720339193837568e+18
5.594549425497012224e+18
5.568688642328304640e+18
5.538517728631479296e+18
5.508346814934653952e+18
5.482486031765947392e+18
5.452315118069122048e+18
5.426454334900415488e+18
5.396283421203590144e+18
5.370422638034882560e+18
5.340251724338057216e+18
5.314390941169349632e+18
5.288530158000642048e+18
5.258359244303817728e+18
5.232498461135110144e+18
5.206637677966402560e+18
5.180776894797696000e+18
5.154916111628988416e+18
5.124745197932163072e+18
5.098884414763455488e+18
5.073023631594747904e+18
5.047162848426041344e+18
5.021302065257333760e+18
4.995441282088627200e+18
4.969580498919918592e+18
4.943719715751212032e+18
4.922169063110622208e+18
4.896308279941915648e+18
4.870447496773208064e+18
4.844586713604500480e+18
4.818725930435792896e+18
4.797175277795204096e+18
4.771314494626496512e+18
4.745453711457789952e+18
4.723903058817200128e+18
4.698042275648492544e+18
4.676491623007903744e+18
4.650630839839196160e+18
4.629080187198606336e+18
4.603219404029898752e+18
4.581668751389309952e+18
4.555807968220602880e+18
4.534257315580013056e+18
4.512706662939423744e+18
4.486845879770716160e+18
4.465295227130126848e+18
4.443744574489537536e+18
4.422193921848948736e+18
4.396333138680240640e+18
4.374782486039650816e+18
4.353231833399061504e+18
4.331681180758472704e+18
4.310130528117883392e+18
4.288148862424481792e+18
4.266598209783892480e+18
4.245047557143303168e+18
4.223927917555525632e+18
4.202377264914935808e+18
4.181257625327158272e+18
4.160137985739380736e+18
4.139449359204414976e+18
4.118329719616637440e+18
4.097641093081671680e+18
4.076952466546705920e+18
4.056694853064551936e+18
4.036437239582397440e+18
4.016179626100243456e+18
3.995922012618089472e+18
3.975664399135934976e+18
3.955837798706592768e+18
3.936011198277251072e+18
3.916184597847907840e+18
3.896789010471377920e+18
3.876962410042035712e+18
3.857997835718317056e+18
3.838602248341786624e+18
3.819206660965256192e+18
3.800242086641537536e+18
3.781277512317818880e+18
3.762312937994100224e+18
3.743779376723193344e+18
3.724814802399474176e+18
3.706281241128567808e+18
3.687747679857660928e+18
3.669645131639566336e+18
3.651111570368658432e+18
3.633009022150563328e+18
3.614906473932468736e+18
3.597234938767185408e+18
3.579132390549090304e+18
3.561460855383806976e+18
3.543789320218523648e+18
3.526117785053240320e+18
3.508446249887956992e+18
3.491205727775485440e+18
3.473965205663013888e+18
3.456724683550542336e+18
3.439484161438070784e+18
3.422674652378411008e+18
3.405865143318751232e+18
3.388624621206279680e+18
3.372246125199431680e+18
3.355436616139771904e+18
3.338627107080112128e+18
3.322248611073264640e+18
3.305870115066416128e+18
3.289491619059568640e+18
3.273544136105532416e+18
3.257165640098684928e+18
3.241218157144648192e+18
3.225270674190611968e+18
3.209323191236575744e+18
3.193806721335351296e+18
3.177859238381315072e+18
3.162342768480091136e+18
3.146826298578866688e+18
3.131309828677642240e+18
3.115793358776417280e+18
3.100707901928005632e+18
3.085622445079592448e+18
3.070105975178368512e+18
3.055020518329955328e+18
3.040366074534354432e+18
3.025280617685941760e+18
3.010626173890341376e+18
2.995971730094740992e+18
2.981317286299139072e+18
2.966662842503539200e+18
2.952008398707938304e+18
2.937784967965149184e+18
2.923561537222360576e+18
2.908907093426759680e+18
2.894683662683970560e+18
2.880891244993992704e+18
2.866667814251204096e+18
2.852875396561227264e+18
2.839082978871249408e+18
2.825290561181272576e+18
2.811498143491294720e+18
2.797705725801317888e+18
2.783913308111340544e+18
2.770551903474175488e+18
2.757190498837009920e+18
2.743829094199844864e+18
2.730467689562679296e+18
2.717106284925513728e+18
2.704175893341159936e+18
2.690814488703994368e+18
2.677884097119640576e+18
2.664953705535286784e+18
2.652023313950932992e+18
2.639092922366579712e+18
2.626593543835038208e+18
2.613663152250684416e+18
2.601163773719142400e+18
2.588664395187600896e+18
2.576165016656058880e+18
2.563665638124516864e+18
2.551166259592974848e+18
2.539097894114244608e+18
2.526598515582703104e+18
2.514530150103972864e+18
2.502461784625243136e+18
2.490393419146512896e+18
2.478325053667782656e+18
2.466687701241864704e+18
2.454619335763134464e+18
2.442981983337216000e+18
2.431344630911298048e+18
2.419707278485379584e+18
2.408069926059461120e+18
2.396432573633543168e+18
2.385226234260436480e+18
2.373588881834518016e+18
2.362382542461411840e+18
2.350745190035493376e+18
2.339538850662386688e+18
2.328332511289280512e+18
2.317557184968985600e+18
2.306350845595879424e+18
2.295144506222772992e+18
2.284369179902477824e+18
2.273593853582183424e+18
2.262387514209076736e+18
2.251612187888782080e+18
2.241267874621299200e+18
2.230492548301004544e+18
2.219717221980709888e+18
2.209372908713226752e+18
2.198597582392932096e+18
2.188253269125449728e+18
2.177908955857966336e+18
2.167564642590483456e+18
2.157220329323000576e+18
2.146876016055517696e+18
2.136962715840846336e+18
2.126618402573363456e+18
2.116705102358692352e+18
2.106791802144021504e+18
2.096447488876538112e+18
2.086534188661866752e+18
2.077051901500007680e+18
2.067138601285337088e+18
2.057225301070665728e+18
2.047743013908806144e+18
2.037829713694135296e+18
2.028347426532275968e+18
2.018865139370416384e+18
2.009382852208557312e+18
1.999900565046697728e+18
1.990418277884838656e+18
1.980935990722979072e+18
1.971884716613931520e+18
1.962402429452071936e+18
1.953351155343024640e+18
1.943868868181165312e+18
1.934817594072117760e+18
1.925766319963069952e+18
1.916715045854022656e+18
1.907663771744974848e+18
1.898612497635927552e+18
1.889992236579691776e+18
1.880940962470644224e+18
1.872320701414408448e+18
1.863700440358172672e+18
1.854649166249125120e+18
1.846028905192889344e+18
1.837408644136653568e+18
1.828788383080417792e+18
1.820168122024182016e+18
1.811978874020758016e+18
1.803358612964522240e+18
1.795169364961098496e+18
1.786549103904862464e+18
1.778359855901438720e+18
1.770170607898014464e+18
1.761981359894590720e+18
1.753792111891166720e+18
1.745602863887742720e+18
1.737413615884318976e+18
1.729224367880894720e+18
1.721466132930282496e+18
1.713276884926858496e+18
1.705518649976246272e+18
1.697329401972822528e+18
1.689571167022210048e+18
1.681812932071598080e+18
1.674054697120986112e+18
1.666296462170373888e+18
1.658538227219761152e+18
1.650779992269149184e+18
1.643452770371348736e+18
1.635694535420736512e+18
1.627936300470124288e+18
1.620609078572324096e+18
1.613281856674523648e+18
1.605523621723911424e+18
1.598196399826111232e+18
1.590869177928310528e+18
1.583541956030510080e+18
1.576214734132710144e+18
1.568887512234909440e+18
1.561991303389920768e+18
1.554664081492120832e+18
1.547767872647131648e+18
1.540440650749331456e+18
1.533544441904342784e+18
1.526217220006542592e+18
1.519321011161553920e+18
1.512424802316564992e+18
1.505528593471576832e+18
1.498632384626587904e+18
1.491736175781599488e+18
1.484839966936610560e+18
1.477943758091622144e+18
1.471478562299445248e+18
1.464582353454456832e+18
1.458117157662279936e+18
1.451220948817291264e+18
1.444755753025114368e+18
1.438290557232937728e+18
1.431825361440760576e+18
1.424929152595772416e+18
1.418463956803595264e+18
1.411998761011418624e+18
1.405533565219241728e+18
1.399499382479876608e+18
1.393034186687699712e+18
1.386568990895522816e+18
1.380534808156157952e+18
1.374069612363981056e+18
1.368035429624616448e+18
1.361570233832439296e+18
1.355536051093074176e+18
1.349501868353709056e+18
1.343467685614344192e+18
1.337002489822167296e+18
1.330968307082802432e+18
1.325365137396249088e+18
1.319330954656883712e+18
1.313296771917519104e+18
1.307262589178153984e+18
1.301228406438788608e+18
1.295625236752235520e+18
1.289591054012870656e+18
1.283987884326317312e+18
1.277953701586952448e+18
1.272350531900399360e+18
1.266747362213845760e+18
1.261144192527292672e+18
1.255110009787927552e+18
1.249506840101374208e+18
1.243903670414821120e+18
1.238300500728268032e+18
1.232697331041714688e+18
1.227525174407973120e+18
1.221922004721419776e+18
1.216318835034866688e+18
1.210715665348313344e+18
1.205543508714571776e+18
1.199940339028018432e+18
1.194768182394277120e+18
1.189165012707724032e+18
1.183992856073982464e+18
1.178820699440241152e+18
1.173648542806499584e+18
1.168476386172758016e+18
1.162873216486204928e+18
1.157701059852463616e+18
1.152528903218722048e+18
1.147356746584980480e+18
1.142615603004050816e+18
1.137443446370309376e+18
1.132271289736567808e+18
1.127099133102826496e+18
1.122357989521896960e+18
1.117185832888155264e+18
1.112444689307225728e+18
1.107272532673484288e+18
1.102531389092554752e+18
1.097359232458813056e+18
1.092618088877883264e+18
1.087876945296953728e+18
1.083135801716024192e+18
1.078394658135094400e+18
1.073222501501352960e+18
1.068481357920423168e+18
1.063740214339493376e+18
1.059430083811375488e+18
1.054688940230445952e+18
1.049947796649516416e+18
1.045206653068586624e+18
1.040465509487657088e+18
1.036155378959539200e+18
1.031414235378609408e+18
1.027104104850491520e+18
1.022362961269561728e+18
1.018052830741443968e+18
1.013311687160514304e+18
1.009001556632396544e+18
1.004260413051466752e+18
9.999502825233488640e+17
9.956401519952309760e+17
9.913300214671130880e+17
9.870198909389952000e+17
9.827097604108773120e+17
9.783996298827594240e+17
9.740894993546415360e+17
9.697793688265236480e+17
9.654692382984057600e+17
9.611591077702880000e+17
9.568489772421701120e+17
9.525388467140522240e+17
9.486597292387461120e+17
9.443495987106280960e+17
9.404704812353221120e+17
9.361603507072042240e+17
9.322812332318981120e+17
9.279711027037802240e+17
9.240919852284742400e+17
9.197818547003563520e+17
9.159027372250501120e+17
9.120236197497441280e+17
9.081445022744380160e+17
9.038343717463201280e+17
8.999552542710141440e+17
8.960761367957079040e+17
8.921970193204017920e+17
8.883179018450956800e+17
8.844387843697895680e+17
8.805596668944835840e+17
8.766805494191774720e+17
8.732324449966830080e+17
8.693533275213770240e+17
8.654742100460710400e+17
8.615950925707649280e+17
8.581469881482704640e+17
8.542678706729643520e+17
8.508197662504701440e+17
8.469406487751640320e+17
8.434925443526698240e+17
8.396134268773637120e+17
8.361653224548693760e+17
8.327172180323751680e+17
8.288381005570689280e+17
8.253899961345745920e+17
8.219418917120803840e+17
8.184937872895860480e+17
8.150456828670917120e+17
8.115975784445973760e+17
8.081494740221031680e+17
8.047013695996088320e+17
8.012532651771144960e+17
7.978051607546201600e+17
7.943570563321258240e+17
7.909089519096314880e+17
7.878918605399489280e+17
7.844437561174547200e+17
7.809956516949603840e+17
7.779785603252778240e+17
7.745304559027836160e+17
7.715133645331010560e+17
7.680652601106067200e+17
7.650481687409242880e+17
7.616000643184299520e+17
7.585829729487473920e+17
7.555658815790649600e+17
7.521177771565706240e+17
7.491006857868880640e+17
7.460835944172056320e+17
7.430665030475230720e+17
7.400494116778405120e+17
7.370323203081580800e+17
7.340152289384755200e+17
7.309981375687929600e+17
7.279810461991105280e+17
7.249639548294278400e+17
7.219468634597454080e+17
7.193607851428747520e+17
7.163436937731921920e+17
7.133266024035096320e+17
7.103095110338272000e+17
7.077234327169565440e+17
7.047063413472738560e+17
7.021202630304030720e+17
6.995341847135325440e+17
6.965170933438498560e+17
6.939310150269792000e+17
6.913449367101082880e+17
6.887588583932377600e+17
6.861727800763671040e+17
6.835867017594963200e+17
6.810006234426255360e+17
6.784145451257548800e+17
6.758284668088839680e+17
6.732423884920133120e+17
6.706563101751425280e+17
6.680702318582718720e+17
6.654841535414012160e+17
6.633290882773422080e+17
6.607430099604714240e+17
6.581569316436006400e+17
6.555708533267301120e+17
6.529847750098592000e+17
6.503986966929886720e+17
6.478126183761177600e+17
6.456575531120588800e+17
6.430714747951880960e+17
6.404853964783175680e+17
6.378993181614466560e+17
6.357442528973877760e+17
6.331581745805169920e+17
6.305720962636463360e+17
6.284170309995874560e+17
6.258309526827166720e+17
6.232448743658458880e+17
6.210898091017870080e+17
6.185037307849162240e+17
6.159176524680455680e+17
6.137625872039865600e+17
6.111765088871159040e+17
6.090214436230568960e+17
6.064353653061861120e+17
6.038492869893154560e+17
6.016942217252564480e+17
5.991081434083857920e+17
5.969530781443269120e+17
5.943669998274561280e+17
5.922119345633972480e+17
5.896258562465264640e+17
5.874707909824675840e+17
5.853157257184085760e+17
5.827296474015377920e+17
5.805745821374787840e+17
5.779885038206081280e+17
5.758334385565491200e+17
5.736783732924902400e+17
5.710922949756194560e+17
5.689372297115605760e+17
5.667821644475016320e+17
5.641960861306307840e+17
5.620410208665718400e+17
5.598859556025128960e+17
5.577308903384539520e+17
5.551448120215834240e+17
5.529897467575244160e+17
5.508346814934654720e+17
5.486796162294065280e+17
5.460935379125358080e+17
5.439384726484768640e+17
5.417834073844179200e+17
5.396283421203589760e+17
5.374732768563000320e+17
5.353182115922410880e+17
5.331631463281821440e+17
5.305770680113113600e+17
5.284220027472524160e+17
5.262669374831934720e+17
5.241118722191345280e+17
5.219568069550755840e+17
5.198017416910166400e+17
5.176466764269576960e+17
5.154916111628987520e+17
5.133365458988398080e+17
5.111814806347808640e+17
5.090264153707219840e+17
5.068713501066630400e+17
5.047162848426040960e+17
5.025612195785451520e+17
5.004061543144862080e+17
4.986821021032390400e+17
4.965270368391800960e+17
4.943719715751211520e+17
4.922169063110622080e+17
4.900618410470033280e+17
4.879067757829443840e+17
4.857517105188853760e+17
4.840276583076382720e+17
4.818725930435793280e+17
4.797175277795203840e+17
4.775624625154614400e+17
4.754073972514024960e+17
4.736833450401553280e+17
4.715282797760963840e+17
4.693732145120374400e+17
4.676491623007903360e+17
4.654940970367313920e+17
4.633390317726723840e+17
4.611839665086135040e+17
4.594599142973663360e+17
4.573048490333073920e+17
4.555807968220602240e+17
4.534257315580012800e+17
4.512706662939423360e+17
4.495466140826952320e+17
4.473915488186362880e+17
4.456674966073891200e+17
4.435124313433301760e+17
4.413573660792712320e+17
4.396333138680240640e+17
4.374782486039651840e+17
4.357541963927179520e+17
4.335991311286590080e+17
4.318750789174119040e+17
4.298924188744776320e+17
4.279528601368246400e+17
4.260564027044527360e+17
4.241168439667997440e+17
4.222203865344278400e+17
4.203239291020559360e+17
4.184274716696840960e+17
4.165310142373122560e+17
4.146345568049402880e+17
4.127380993725684480e+17
4.108847432454777600e+17
4.089882858131059200e+17
4.071349296860152960e+17
4.052815735589245440e+17
4.034282174318338560e+17
4.015748613047431680e+17
3.997215051776525440e+17
3.978681490505617920e+17
3.960578942287522560e+17
3.942045381016615680e+17
3.923942832798520960e+17
3.905840284580425600e+17
3.887306723309519360e+17
3.869204175091423360e+17
3.851532639926140160e+17
3.833430091708046080e+17
3.815327543489950080e+17
3.797656008324666880e+17
3.779553460106572160e+17
3.761881924941288960e+17
3.744210389776005760e+17
3.726107841557909760e+17
3.708436306392627200e+17
3.691195784280155520e+17
3.673524249114872320e+17
3.655852713949589120e+17
3.638612191837116800e+17
3.620940656671833600e+17
3.603700134559362560e+17
3.586459612446890880e+17
3.569219090334418560e+17
3.551978568221947520e+17
3.534738046109476480e+17
3.517497523997004160e+17
3.500257001884533120e+17
3.483447492824873600e+17
3.466637983765213440e+17
3.449397461652742400e+17
3.432587952593082240e+17
3.415778443533422720e+17
3.398968934473762560e+17
3.382159425414103040e+17
3.365349916354442880e+17
3.348971420347595520e+17
3.332161911287935360e+17
3.315783415281087360e+17
3.299404919274240000e+17
3.282595410214580480e+17
3.266216914207731840e+17
3.249838418200883840e+17
3.233459922194036480e+17
3.217512439239999360e+17
3.201133943233151360e+17
3.184755447226304000e+17
3.168807964272267520e+17
3.152429468265419520e+17
3.136481985311383040e+17
3.120534502357347840e+17
3.104587019403311360e+17
3.088639536449274880e+17
3.072692053495239040e+17
3.057175583594014720e+17
3.041228100639978240e+17
3.025711630738753920e+17
3.009764147784717440e+17
2.994247677883493120e+17
2.978731207982269440e+17
2.963214738081045120e+17
2.947698268179820160e+17
2.932181798278595200e+17
2.916665328377370880e+17
2.901579871528958720e+17
2.886063401627735040e+17
2.870977944779321600e+17
2.855461474878097280e+17
2.840376018029685440e+17
2.825290561181272320e+17
2.810205104332859200e+17
2.795119647484447680e+17
2.780465203688846400e+17
2.765379746840433600e+17
2.750294289992021120e+17
2.735639846196420160e+17
2.720554389348007680e+17
2.705899945552407360e+17
2.691245501756806400e+17
2.676591057961205440e+17
2.661936614165604800e+17
2.647282170370003840e+17
2.632627726574403520e+17
2.617973282778802560e+17
2.603749852036012800e+17
2.589095408240412480e+17
2.574871977497623360e+17
2.560648546754833920e+17
2.546425116012045440e+17
2.532201685269256000e+17
2.517978254526467520e+17
2.503754823783678400e+17
2.489531393040888960e+17
2.475307962298100480e+17
2.461515544608122880e+17
2.447292113865333760e+17
2.433499696175356800e+17
2.419707278485379840e+17
2.405483847742590400e+17
2.391691430052613120e+17
2.377899012362635840e+17
2.364106594672658880e+17
2.350745190035493440e+17
2.336952772345516160e+17
2.323160354655539200e+17
2.309798950018373440e+17
2.296437545381208320e+17
2.282645127691231040e+17
2.269283723054065600e+17
2.255922318416899840e+17
2.242560913779734400e+17
2.229199509142569280e+17
2.215838104505403520e+17
2.202907712921049920e+17
2.189546308283884480e+17
2.176184903646719360e+17
2.163254512062365440e+17
2.150324120478011520e+17
2.136962715840846400e+17
2.124032324256492800e+17
2.111101932672139200e+17
2.098171541087785280e+17
2.085241149503432000e+17
2.072741770971890240e+17
2.059811379387536320e+17
2.047312000855994560e+17
2.034381609271640640e+17
2.021882230740099200e+17
2.008951839155745280e+17
1.996452460624203520e+17
1.983953082092661760e+17
1.971453703561119680e+17
1.958954325029577920e+17
1.946885959550847680e+17
1.934386581019306240e+17
1.921887202487763840e+17
1.909818837009034240e+17
1.897319458477491840e+17
1.885251092998762240e+17
1.873182727520032000e+17
1.860683348988490240e+17
1.848614983509760000e+17
1.836546618031030080e+17
1.824909265605112000e+17
1.812840900126381760e+17
1.800772534647651520e+17
1.788704169168921280e+17
1.777066816743003200e+17
1.765429464317085120e+17
1.753361098838354880e+17
1.741723746412436800e+17
1.730086393986518400e+17
1.718449041560600000e+17
1.706811689134681600e+17
1.695174336708763520e+17
1.683536984282844800e+17
1.672330644909738880e+17
1.660693292483820480e+17
1.649486953110713920e+17
1.637849600684795840e+17
1.626643261311688960e+17
1.615436921938582400e+17
1.604230582565476480e+17
1.592593230139557760e+17
1.581386890766451200e+17
1.570611564446156480e+17
1.559405225073049920e+17
1.548198885699943680e+17
1.537423559379648960e+17
1.526217220006542400e+17
1.515441893686247680e+17
1.504235554313141120e+17
1.493460227992846400e+17
1.482684901672551680e+17
1.471909575352256960e+17
1.461134249031962240e+17
1.450358922711667520e+17
1.439583596391372800e+17
1.428808270071078240e+17
1.418463956803595520e+17
1.407688630483300800e+17
1.397344317215817440e+17
1.387000003948334720e+17
1.376224677628040000e+17
1.365880364360557280e+17
1.355536051093074240e+17
1.345191737825591200e+17
1.334847424558108480e+17
1.324503111290625600e+17
1.314589811075954400e+17
1.304245497808471520e+17
1.293901184540988640e+17
1.283987884326317440e+17
1.273643571058834560e+17
1.263730270844163360e+17
1.253816970629492160e+17
1.243903670414821120e+17
1.233990370200149920e+17
1.224077069985478720e+17
1.214163769770807680e+17
1.204250469556136640e+17
1.194337169341465280e+17
1.184854882179606240e+17
1.174941581964934880e+17
1.165459294803075840e+17
1.155977007641216320e+17
1.146063707426545120e+17
1.136581420264685760e+17
1.127099133102826400e+17
1.117616845940967200e+17
1.108134558779107840e+17
1.098652271617248320e+17
1.089600997508200800e+17
1.080118710346341440e+17
1.070636423184482240e+17
1.061585149075434560e+17
1.052102861913575200e+17
1.043051587804527680e+17
1.034000313695480320e+17
1.024949039586432640e+17
1.015897765477384960e+17
1.006846491368337440e+17
9.977952172592900800e+16
9.887439431502422400e+16
9.796926690411948800e+16
9.710724079849590400e+16
9.620211338759115200e+16
9.534008728196758400e+16
9.443495987106281600e+16
9.357293376543924800e+16
9.271090765981568000e+16
9.180578024891091200e+16
9.094375414328734400e+16
9.008172803766374400e+16
8.926280323732136000e+16
8.840077713169779200e+16
8.753875102607422400e+16
8.667672492045062400e+16
8.585780012010824000e+16
8.499577401448465600e+16
8.417684921414224000e+16
8.335792441379985600e+16
8.253899961345745600e+16
8.172007481311507200e+16
8.090115001277267200e+16
8.008222521243025600e+16
7.926330041208787200e+16
7.844437561174547200e+16
7.762545081140307200e+16
7.684962731634185600e+16
7.603070251599945600e+16
7.525487902093824000e+16
7.443595422059584000e+16
7.366013072553462400e+16
7.288430723047340800e+16
7.210848373541217600e+16
7.133266024035095200e+16
7.055683674528973600e+16
6.978101325022853600e+16
6.900518975516731200e+16
6.822936626010608800e+16
6.749664407032605600e+16
6.672082057526483200e+16
6.598809838548480000e+16
6.525537619570475200e+16
6.447955270064352800e+16
6.374683051086348000e+16
6.301410832108345600e+16
6.228138613130340800e+16
6.154866394152336000e+16
6.081594175174332800e+16
6.012632086724448000e+16
5.939359867746443200e+16
5.866087648768439200e+16
5.797125560318552800e+16
5.723853341340548800e+16
5.654891252890662400e+16
5.585929164440776000e+16
5.516967075990890400e+16
5.443694857012886400e+16
5.374732768563000800e+16
5.310080810641232000e+16
5.241118722191346400e+16
5.172156633741460000e+16
5.103194545291573600e+16
5.038542587369806400e+16
4.969580498919920000e+16
4.904928540998151200e+16
4.840276583076382400e+16
4.771314494626496800e+16
4.706662536704728000e+16
4.642010578782960000e+16
4.577358620861191200e+16
4.512706662939424000e+16
4.448054705017655200e+16
4.387712877624004800e+16
4.323060919702237600e+16
4.260564027044527200e+16
4.198067134386818400e+16
4.136001254781920800e+16
4.074366388229834400e+16
4.013162534730560800e+16
3.952389694284098400e+16
3.891616853837636800e+16
3.831706039496798400e+16
3.771795225155959200e+16
3.712315423867933600e+16
3.653266635632717600e+16
3.594648860450314800e+16
3.536462098320723200e+16
3.478706349243943200e+16
3.420950600167163600e+16
3.364056877196008000e+16
3.307594167277663600e+16
3.251131457359319200e+16
3.195099760493786800e+16
3.139499076681066000e+16
3.083898392868345600e+16
3.029159735161248400e+16
2.974852090506963200e+16
2.920544445852677600e+16
2.866667814251204000e+16
2.813653208755354000e+16
2.760638603259504400e+16
2.708055010816466000e+16
2.655902431426239600e+16
2.604180865088824800e+16
2.552459298751410800e+16
2.501599758519619600e+16
2.450740218287828000e+16
2.400742704161661200e+16
2.351176203088305600e+16
2.301609702014949600e+16
2.252474213994405600e+16
2.203769739026674000e+16
2.155496277111753200e+16
2.107653828249644800e+16
2.060242392440348000e+16
2.013261969683862800e+16
1.966281546927378400e+16
1.920163150276517200e+16
1.874475766678467200e+16
1.828788383080418000e+16
1.783963025587991800e+16
1.739137668095565800e+16
1.695174336708763400e+16
1.651211005321961400e+16
1.608109700040782200e+16
1.565008394759603400e+16
1.522338102531236400e+16
1.480098823355681200e+16
1.438721570285749200e+16
1.397344317215817600e+16
1.356398077198698000e+16
1.316313863287201400e+16
1.276229649375705400e+16
1.236576448517020800e+16
1.197785273763959600e+16
1.158994099010898800e+16
1.121064950363461400e+16
1.083135801716024000e+16
1.046068679174210400e+16
1.009001556632396400e+16
9.727964601962060000e+15
9.374533898656394000e+15
9.021103195350728000e+15
8.671982622573181000e+15
8.331482310851869000e+15
7.995292129658674000e+15
7.663412078993597000e+15
7.335842158856637000e+15
7.016892499775915000e+15
6.702252971223308000e+15
6.396233703726939000e+15
6.094524566758686000e+15
5.801435690846671000e+15
5.512656945462773000e+15
5.228188330606993000e+15
4.956650107335565000e+15
4.685111884064139000e+15
4.426504052377065500e+15
4.172206351218111000e+15
3.924804858904144000e+15
3.684299575435166500e+15
3.450690500811177500e+15
3.223546621979365000e+15
