10	2.12374e+15
20	1.67945e+16
30	1.55036e+16
40	1.43228e+16
50	1.33818e+16
60	1.25849e+16
70	1.18661e+16
80	1.11981e+16
90	1.05714e+16
100	9.98143e+15
110	9.42031e+15
120	8.89244e+15
130	8.39325e+15
140	7.92114e+15
150	7.47595e+15
160	7.05511e+15
170	6.65667e+15
180	6.28255e+15
190	5.92693e+15
200	5.59267e+15
210	5.27751e+15
220	4.97827e+15
230	4.69702e+15
240	4.43225e+15
250	4.18115e+15
260	3.94395e+15
270	3.72124e+15
280	3.51101e+15
290	3.31196e+15
300	3.12395e+15
310	2.94726e+15
320	2.78069e+15
330	2.62332e+15
340	2.47438e+15
350	2.33396e+15
360	2.202e+15
370	2.07745e+15
380	1.95989e+15
390	1.84871e+15
400	1.74376e+15
410	1.64499e+15
420	1.55192e+15
430	1.46416e+15
440	1.38134e+15
450	1.30302e+15
460	1.22908e+15
470	1.1594e+15
480	1.09383e+15
490	1.03199e+15
500	9.73656e+14
510	9.18577e+14
520	8.66546e+14
530	8.17435e+14
540	7.71115e+14
550	7.27479e+14
560	6.86362e+14
570	6.47597e+14
580	6.11025e+14
590	5.76502e+14
600	5.439e+14
610	5.13121e+14
620	4.84078e+14
630	4.567e+14
640	4.30915e+14
650	4.06595e+14
660	3.83661e+14
670	3.62025e+14
680	3.41606e+14
690	3.22328e+14
700	3.04128e+14
710	2.86952e+14
720	2.70746e+14
730	2.55465e+14
740	2.41068e+14
750	2.27486e+14
760	2.14676e+14
770	2.02593e+14
780	1.91192e+14
790	1.80433e+14
800	1.70281e+14
810	1.60691e+14
820	1.51642e+14
830	1.43102e+14
840	1.35045e+14
850	1.27449e+14
860	1.20288e+14
870	1.13529e+14
880	1.07158e+14
890	1.01142e+14
900	9.54705e+13
910	9.01137e+13
920	8.50576e+13
930	8.02871e+13
940	7.57829e+13
950	7.153e+13
960	6.75167e+13
970	6.37297e+13
980	6.01575e+13
990	5.67878e+13
1000	5.36089e+13
1010	5.06098e+13
1020	4.77801e+13
1030	4.51079e+13
1040	4.25878e+13
1050	4.02091e+13
1060	3.79636e+13
1070	3.58436e+13
1080	3.38419e+13
1090	3.19519e+13
1100	3.01675e+13
1110	2.8483e+13
1120	2.68928e+13
1130	2.53926e+13
1140	2.39765e+13
1150	2.26407e+13
1160	2.13795e+13
1170	2.01891e+13
1180	1.90664e+13
1190	1.80059e+13
1200	1.70054e+13
1210	1.60603e+13
1220	1.5168e+13
1230	1.43254e+13
1240	1.35303e+13
1250	1.27789e+13
1260	1.20697e+13
1270	1.13996e+13
1280	1.0767e+13
1290	1.01696e+13
1300	9.60549e+12
1310	9.07297e+12
1320	8.57027e+12
1330	8.09569e+12
1340	7.64765e+12
1350	7.22463e+12
1360	6.82523e+12
1370	6.44786e+12
1380	6.09174e+12
1390	5.75544e+12
1400	5.43784e+12
1410	5.13787e+12
1420	4.85454e+12
1430	4.5869e+12
1440	4.33395e+12
1450	4.09523e+12
1460	3.86952e+12
1470	3.65643e+12
1480	3.45504e+12
1490	3.2648e+12
1500	3.08507e+12
1510	2.91534e+12
1520	2.75499e+12
1530	2.60358e+12
1540	2.46053e+12
1550	2.32545e+12
1560	2.19787e+12
1570	2.07729e+12
1580	1.96337e+12
1590	1.85582e+12
1600	1.75415e+12
1610	1.65815e+12
1620	1.56739e+12
1630	1.48168e+12
1640	1.40064e+12
1650	1.32411e+12
1660	1.25174e+12
1670	1.18338e+12
1680	1.11874e+12
1690	1.05768e+12
1700	9.9996e+11
1710	9.45389e+11
1720	8.93819e+11
1730	8.45072e+11
1740	7.99001e+11
1750	7.55467e+11
1760	7.14319e+11
1770	6.75431e+11
1780	6.38677e+11
1790	6.03941e+11
1800	5.71122e+11
1810	5.40091e+11
1820	5.1076e+11
1830	4.83035e+11
1840	4.56828e+11
1850	4.32054e+11
1860	4.08648e+11
1870	3.86507e+11
1880	3.65574e+11
1890	3.45784e+11
1900	3.27072e+11
1910	3.0938e+11
1920	2.92651e+11
1930	2.76832e+11
1940	2.61881e+11
1950	2.47734e+11
1960	2.34356e+11
1970	2.21705e+11
1980	2.09742e+11
1990	1.98425e+11
2000	1.87723e+11
2010	1.77602e+11
2020	1.6803e+11
2030	1.58977e+11
2040	1.50417e+11
2050	1.42321e+11
2060	1.34664e+11
2070	1.27423e+11
2080	1.20574e+11
2090	1.14094e+11
2100	1.07968e+11
2110	1.02173e+11
2120	9.66912e+10
2130	9.15062e+10
2140	8.66014e+10
2150	8.19616e+10
2160	7.757e+10
2170	7.34175e+10
2180	6.9489e+10
2190	6.57722e+10
2200	6.22556e+10
2210	5.89264e+10
2220	5.57782e+10
2230	5.27992e+10
2240	4.99803e+10
2250	4.73127e+10
2260	4.47883e+10
2270	4.23993e+10
2280	4.01383e+10
2290	3.79986e+10
2300	3.5973e+10
2310	3.40567e+10
2320	3.22428e+10
2330	3.05258e+10
2340	2.8901e+10
2350	2.73631e+10
2360	2.59078e+10
2370	2.45304e+10
2380	2.32266e+10
2390	2.19929e+10
2400	2.08251e+10
2410	1.97196e+10
2420	1.86734e+10
2430	1.76831e+10
2440	1.67454e+10
2450	1.58581e+10
2460	1.50179e+10
2470	1.42228e+10
2480	1.347e+10
2490	1.27571e+10
2500	1.20825e+10
2510	1.14435e+10
2520	1.08388e+10
2530	1.02662e+10
2540	9.72384e+09
2550	9.21055e+09
2560	8.72428e+09
2570	8.26406e+09
2580	7.82805e+09
2590	7.41537e+09
2600	7.02456e+09
2610	6.6543e+09
2620	6.3038e+09
2630	5.97184e+09
2640	5.65735e+09
2650	5.35959e+09
2660	5.07756e+09
2670	4.8104e+09
2680	4.55739e+09
2690	4.31776e+09
2700	4.09076e+09
2710	3.87577e+09
2720	3.67215e+09
2730	3.47927e+09
2740	3.29661e+09
2750	3.12357e+09
2760	2.95969e+09
2770	2.80444e+09
2780	2.65738e+09
2790	2.5181e+09
2800	2.38613e+09
2810	2.26115e+09
2820	2.14273e+09
2830	2.03054e+09
2840	1.92429e+09
2850	1.82361e+09
2860	1.72825e+09
2870	1.63787e+09
2880	1.55225e+09
2890	1.47116e+09
2900	1.3943e+09
2910	1.32147e+09
2920	1.2525e+09
2930	1.18712e+09
2940	1.12519e+09
2950	1.06649e+09
2960	1.01086e+09
2970	9.58174e+08
2980	9.08224e+08
2990	8.60891e+08
3000	8.16054e+08
3010	7.73546e+08
3020	7.33261e+08
3030	6.95098e+08
3040	6.58916e+08
3050	6.24636e+08
3060	5.92136e+08
3070	5.61341e+08
3080	5.32147e+08
3090	5.04477e+08
3100	4.78256e+08
3110	4.53399e+08
3120	4.29841e+08
3130	4.07509e+08
3140	3.86343e+08
3150	3.66281e+08
3160	3.47264e+08
3170	3.29239e+08
3180	3.12154e+08
3190	2.95959e+08
3200	2.80609e+08
3210	2.66057e+08
3220	2.52264e+08
3230	2.39188e+08
3240	2.26795e+08
3250	2.15044e+08
3260	2.03905e+08
3270	1.93346e+08
3280	1.83335e+08
3290	1.73847e+08
3300	1.6485e+08
3310	1.5632e+08
3320	1.48234e+08
3330	1.40567e+08
3340	1.33301e+08
3350	1.26409e+08
3360	1.19876e+08
3370	1.13681e+08
3380	1.07807e+08
3390	1.02238e+08
3400	9.69597e+07
3410	9.19531e+07
3420	8.72058e+07
3430	8.27045e+07
3440	7.84362e+07
3450	7.4389e+07
3460	7.05527e+07
3470	6.69135e+07
3480	6.34627e+07
3490	6.01903e+07
3500	5.70872e+07
3510	5.41454e+07
3520	5.13548e+07
3530	4.87084e+07
3540	4.61987e+07
3550	4.38187e+07
3560	4.15621e+07
3570	3.94215e+07
3580	3.73914e+07
3590	3.54664e+07
3600	3.36404e+07
3610	3.19087e+07
3620	3.02663e+07
3630	2.87088e+07
3640	2.72315e+07
3650	2.58304e+07
3660	2.45016e+07
3670	2.32414e+07
3680	2.20461e+07
3690	2.09125e+07
3700	1.98373e+07
3710	1.88176e+07
3720	1.78504e+07
3730	1.6933e+07
3740	1.60629e+07
3750	1.52377e+07
3760	1.44549e+07
3770	1.37125e+07
3780	1.30082e+07
3790	1.23403e+07
3800	1.17067e+07
3810	1.11057e+07
3820	1.05356e+07
3830	9.9949e+06
3840	9.48199e+06
3850	8.99546e+06
3860	8.53395e+06
3870	8.09618e+06
3880	7.68091e+06
3890	7.28698e+06
3900	6.9133e+06
3910	6.55883e+06
3920	6.22265e+06
3930	5.90366e+06
3940	5.60106e+06
3950	5.314e+06
3960	5.04168e+06
3970	4.78334e+06
3980	4.53826e+06
3990	4.3057e+06
4000	4.0852e+06
4010	3.87596e+06
4020	3.67745e+06
4030	3.48912e+06
4040	3.31045e+06
4050	3.14095e+06
4060	2.98014e+06
4070	2.82758e+06
4080	2.68283e+06
4090	2.54551e+06
4100	2.41522e+06
4110	2.29161e+06
4120	2.17434e+06
4130	2.06307e+06
4140	1.95751e+06
4150	1.85735e+06
4160	1.76233e+06
4170	1.67217e+06
4180	1.58662e+06
4190	1.50546e+06
4200	1.42845e+06
4210	1.35539e+06
4220	1.28606e+06
4230	1.22029e+06
4240	1.15788e+06
4250	1.09867e+06
4260	1.0425e+06
4270	989193
4280	938620
4290	890636
4300	845107
4310	801909
4320	760921
4330	722029
4340	685129
4350	650117
4360	616896
4370	585375
4380	555466
4390	527087
4400	500159
4410	474608
4420	450365
4430	427358
4440	405530
4450	384818
4460	365165
4470	346517
4480	328822
4490	312031
4500	296099
4510	280980
4520	266633
4530	253020
4540	240103
4550	227846
4560	216216
4570	205179
4580	194706
4590	184769
4600	175337
4610	166388
4620	157897
4630	149839
4640	142193
4650	134937
4660	128052
4670	121516
4680	115316
4690	109433
4700	103849
4710	98550.9
4720	93523
4730	88751.8
4740	84224
4750	79927.3
4760	75849.9
4770	71980.5
4780	68308.6
4790	64823.5
4800	61516.7
4810	58378.7
4820	55400.8
4830	52574.8
4840	49892.9
4850	47347.9
4860	44932.7
4870	42640.7
4880	40465.6
4890	38401.5
4900	36442.7
4910	34583.9
4920	32819.8
4930	31145.8
4940	29557.2
4950	28049.7
4960	26619.1
4970	25261.4
4980	23973
4990	22750.3
5000	21590.1
5010	20489
5020	19444
5030	18452.4
5040	17511.4
5050	16618.3
5060	15770.8
5070	14966.6
5080	14203.3
5090	13479
5100	12791.7
5110	12139.4
5120	11520.3
5130	10932.8
5140	10375.3
5150	9846.26
5160	9344.14
5170	8867.66
5180	8415.48
5190	7986.37
5200	7579.1
5210	7192.64
5220	6825.88
5230	6477.83
5240	6147.49
5250	5834.03
5260	5536.56
5270	5254.25
5280	4986.34
5290	4732.06
5300	4490.78
5310	4261.8
5320	4044.5
5330	3838.24
5340	3642.54
5350	3456.81
5360	3280.52
5370	3113.25
5380	2954.51
5390	2803.87
5400	2660.88
5410	2525.2
5420	2396.44
5430	2274.25
5440	2158.28
5450	2048.21
5460	1943.77
5470	1844.66
5480	1750.6
5490	1661.33
5500	1576.6
5510	1496.2
5520	1419.91
5530	1347.5
5540	1278.78
5550	1213.56
5560	1151.67
5570	1092.94
5580	1037.2
5590	984.301
5600	934.097
5610	886.456
5620	841.243
5630	798.336
5640	757.616
5650	718.972
5660	682.299
5670	647.496
5680	614.467
5690	583.123
5700	553.377
5710	525.149
5720	498.36
5730	472.937
5740	448.811
5750	425.915
5760	404.187
5770	383.567
5780	363.999
5790	345.429
5800	327.805
5810	311.081
5820	295.21
5830	280.149
5840	265.855
5850	252.291
5860	239.418
5870	227.203
5880	215.61
5890	204.608
5900	194.168
5910	184.261
5920	174.858
5930	165.936
5940	157.468
5950	149.432
5960	141.807
5970	134.57
5980	127.703
5990	121.186
6000	115.001
6010	109.132
6020	103.563
6030	98.2773
6040	93.2613
6050	88.5015
6060	83.9846
6070	79.6979
6080	75.6301
6090	71.7699
6100	68.1064
6110	64.6301
6120	61.3312
6130	58.2003
6140	55.2295
6150	52.41
6160	49.7347
6170	47.1958
6180	44.7863
6190	42.5
6200	40.3304
6210	38.2712
6220	36.3174
6230	34.4633
6240	32.7036
6250	31.0339
6260	29.4494
6270	27.9457
6280	26.5188
6290	25.1648
6300	23.8797
6310	22.6604
6320	21.5031
6330	20.4051
6340	19.3631
6350	18.3743
6360	17.4359
6370	16.5455
6380	15.7005
6390	14.8986
6400	14.1377
6410	13.4156
6420	12.7304
6430	12.0801
6440	11.4631
6450	10.8775
6460	10.3219
6470	9.79466
6480	9.29431
6490	8.81949
6500	8.36893
6510	7.94138
6520	7.53564
6530	7.15064
6540	6.7853
6550	6.4386
6560	6.10962
6570	5.79743
6580	5.50119
6590	5.22008
6600	4.95333
6610	4.70021
6620	4.46001
6630	4.23208
6640	4.0158
6650	3.81056
6660	3.61581
6670	3.43101
6680	3.25565
6690	3.08925
6700	2.93135
6710	2.78151
6720	2.63933
6730	2.50442
6740	2.3764
6750	2.25492
6760	2.13965
6770	2.03026
6780	1.92647
6790	1.82798
6800	1.73453
6810	1.64585
6820	1.5617
6830	1.48185
6840	1.40608
6850	1.33419
6860	1.26597
6870	1.20123
6880	1.13981
6890	1.08152
6900	1.02621
6910	0.973735
6920	0.923938
6930	0.876686
6940	0.831851
6950	0.789306
6960	0.748937
6970	0.710631
6980	0.674284
6990	0.639796
7000	0.60707
7010	0.576018
7020	0.546553
7030	0.518595
7040	0.492065
7050	0.466894
7060	0.443009
7070	0.420345
7080	0.39884
7090	0.378435
7100	0.359073
7110	0.340701
7120	0.32327
7130	0.30673
7140	0.291035
7150	0.276143
7160	0.262012
7170	0.248605
7180	0.235883
7190	0.223813
7200	0.212359
7210	0.201491
7220	0.191179
7230	0.181395
7240	0.172112
7250	0.163302
7260	0.154945
7270	0.147014
7280	0.139489
7290	0.132349
7300	0.125574
7310	0.119147
7320	0.113047
7330	0.107261
7340	0.101769
7350	0.0965597
7360	0.0916165
7370	0.0869259
7380	0.0824757
7390	0.0782528
7400	0.0742464
7410	0.0704448
7420	0.0668379
7430	0.0634157
7440	0.0601683
7450	0.0570874
7460	0.0541642
7470	0.0513904
7480	0.0487587
7490	0.0462616
7500	0.0438925
7510	0.0416446
7520	0.0395116
7530	0.037488
7540	0.0355678
7550	0.0337461
7560	0.0320176
7570	0.0303775
7580	0.0288214
7590	0.027345
7600	0.0259442
7610	0.0246151
7620	0.0233541
7630	0.0221576
7640	0.0210224
7650	0.0199454
7660	0.0189235
7670	0.0179539
7680	0.017034
7690	0.0161612
7700	0.0153331
7710	0.0145474
7720	0.013802
7730	0.0130947
7740	0.0124236
7750	0.011787
7760	0.0111829
7770	0.0106098
7780	0.0100661
7790	0.00955015
7800	0.00906068
7810	0.00859629
7820	0.00815568
7830	0.00773765
7840	0.00734104
7850	0.00696475
7860	0.00660773
7870	0.00626901
7880	0.00594765
7890	0.00564275
7900	0.00535347
7910	0.00507902
7920	0.00481863
7930	0.00457159
7940	0.0043372
7950	0.00411483
7960	0.00390385
7970	0.00370369
7980	0.00351378
7990	0.00333361
8000	0.00316267
8010	0.00300049
8020	0.00284663
8030	0.00270065
8040	0.00256216
8050	0.00243076
8060	0.0023061
8070	0.00218783
8080	0.00207563
8090	0.00196917
8100	0.00186817
8110	0.00177235
8120	0.00168145
8130	0.0015952
8140	0.00151338
8150	0.00143575
8160	0.0013621
8170	0.00129223
8180	0.00122594
8190	0.00116305
8200	0.00110338
8210	0.00104678
8220	0.000993072
8230	0.000942124
8240	0.000893787
8250	0.00084793
8260	0.000804424
8270	0.00076315
8280	0.000723992
8290	0.000686843
8300	0.000651599
8310	0.000618163
8320	0.000586442
8330	0.000556349
8340	0.000527798
8350	0.000500712
8360	0.000475016
8370	0.000450638
8380	0.00042751
8390	0.000405569
8400	0.000384753
8410	0.000365006
8420	0.000346272
8430	0.000328498
8440	0.000311637
8450	0.00029564
8460	0.000280465
8470	0.000266068
8480	0.00025241
8490	0.000239453
8500	0.00022716
8510	0.000215499
8520	0.000204436
8530	0.00019394
8540	0.000183983
8550	0.000174538
8560	0.000165576
8570	0.000157075
8580	0.00014901
8590	0.000141359
8600	0.000134101
8610	0.000127215
8620	0.000120683
8630	0.000114486
8640	0.000108607
8650	0.000103029
8660	9.77384e-05
8670	9.27191e-05
8680	8.79573e-05
8690	8.34402e-05
8700	7.91548e-05
8710	7.50895e-05
8720	7.12328e-05
8730	6.75742e-05
8740	6.41033e-05
8750	6.08107e-05
8760	5.76871e-05
8770	5.4724e-05
8780	5.19129e-05
8790	4.92462e-05
8800	4.67164e-05
8810	4.43165e-05
8820	4.20399e-05
8830	3.98802e-05
8840	3.78313e-05
8850	3.58877e-05
8860	3.40439e-05
8870	3.22948e-05
8880	3.06355e-05
8890	2.90614e-05
8900	2.75682e-05
8910	2.61517e-05
8920	2.48079e-05
8930	2.35332e-05
8940	2.23239e-05
8950	2.11768e-05
8960	2.00885e-05
8970	1.90562e-05
8980	1.80769e-05
8990	1.71479e-05
9000	1.62667e-05
9010	1.54307e-05
9020	1.46376e-05
9030	1.38853e-05
9040	1.31717e-05
9050	1.24947e-05
9060	1.18525e-05
9070	1.12433e-05
9080	1.06654e-05
9090	1.01171e-05
9100	9.59709e-06
9110	9.10377e-06
9120	8.63579e-06
9130	8.19186e-06
9140	7.77074e-06
9150	7.37127e-06
9160	6.99232e-06
9170	6.63285e-06
9180	6.29185e-06
9190	5.96837e-06
9200	5.66152e-06
9210	5.37044e-06
9220	5.09432e-06
9230	4.83239e-06
9240	4.58392e-06
9250	4.34822e-06
9260	4.12464e-06
9270	3.91255e-06
9280	3.71137e-06
9290	3.52052e-06
9300	3.33948e-06
9310	3.16775e-06
9320	3.00485e-06
9330	2.85032e-06
9340	2.70374e-06
9350	2.56469e-06
9360	2.43279e-06
9370	2.30767e-06
9380	2.18899e-06
9390	2.0764e-06
9400	1.96961e-06
9410	1.8683e-06
9420	1.77221e-06
9430	1.68105e-06
9440	1.59458e-06
9450	1.51256e-06
9460	1.43476e-06
9470	1.36095e-06
9480	1.29094e-06
9490	1.22454e-06
9500	1.16154e-06
9510	1.10179e-06
9520	1.04511e-06
9530	9.9134e-07
9540	9.40339e-07
9550	8.9196e-07
9560	8.46071e-07
9570	8.0254e-07
9580	7.6125e-07
9590	7.22082e-07
9600	6.84929e-07
9610	6.49687e-07
9620	6.16258e-07
9630	5.84548e-07
9640	5.5447e-07
9650	5.25938e-07
9660	4.98874e-07
9670	4.73203e-07
9680	4.48852e-07
9690	4.25753e-07
9700	4.03843e-07
9710	3.83061e-07
9720	3.63347e-07
9730	3.44647e-07
9740	3.2691e-07
9750	3.10085e-07
9760	2.94126e-07
9770	2.78987e-07
9780	2.64628e-07
9790	2.51008e-07
9800	2.38088e-07
9810	2.25833e-07
9820	2.14209e-07
9830	2.03183e-07
9840	1.92724e-07
9850	1.82804e-07
9860	1.73393e-07
9870	1.64468e-07
9880	1.56001e-07
9890	1.47971e-07
9900	1.40353e-07
9910	1.33128e-07
9920	1.26274e-07
9930	1.19773e-07
9940	1.13607e-07
9950	1.07757e-07
9960	1.0221e-07
9970	9.69471e-08
9980	9.19555e-08
9990	8.7221e-08
10000	8.27302e-08
10010	7.84703e-08
10020	7.44298e-08
10030	7.05973e-08
10040	6.6962e-08
10050	6.3514e-08
10060	6.02433e-08
10070	5.71411e-08
10080	5.41985e-08
10090	5.14075e-08
10100	4.87601e-08
10110	4.62489e-08
10120	4.38672e-08
10130	4.16079e-08
10140	3.94651e-08
10150	3.74325e-08
10160	3.55046e-08
10170	3.3676e-08
10180	3.19415e-08
10190	3.02963e-08
10200	2.87358e-08
10210	2.72557e-08
10220	2.58517e-08
10230	2.45201e-08
10240	2.32571e-08
10250	2.20591e-08
10260	2.09227e-08
10270	1.98449e-08
10280	1.88226e-08
10290	1.7853e-08
10300	1.69333e-08
10310	1.60609e-08
10320	1.52335e-08
10330	1.44487e-08
10340	1.37043e-08
10350	1.29983e-08
10360	1.23286e-08
10370	1.16934e-08
10380	1.10909e-08
10390	1.05195e-08
10400	9.97745e-09
10410	9.46336e-09
10420	8.97575e-09
10430	8.51326e-09
10440	8.07459e-09
10450	7.65852e-09
10460	7.26388e-09
10470	6.88957e-09
10480	6.53455e-09
10490	6.19781e-09
10500	5.87842e-09
10510	5.57548e-09
10520	5.28815e-09
10530	5.01563e-09
10540	4.75714e-09
10550	4.51198e-09
10560	4.27944e-09
10570	4.05889e-09
10580	3.84969e-09
10590	3.65128e-09
10600	3.46309e-09
10610	3.2846e-09
10620	3.1153e-09
10630	2.95473e-09
10640	2.80243e-09
10650	2.65798e-09
10660	2.52097e-09
10670	2.39103e-09
10680	2.26778e-09
10690	2.15088e-09
10700	2.04e-09
10710	1.93484e-09
10720	1.8351e-09
10730	1.7405e-09
10740	1.65077e-09
10750	1.56567e-09
10760	1.48496e-09
10770	1.4084e-09
10780	1.33579e-09
10790	1.26692e-09
10800	1.2016e-09
10810	1.13965e-09
10820	1.08089e-09
10830	1.02516e-09
10840	9.72308e-10
10850	9.22175e-10
10860	8.74627e-10
10870	8.2953e-10
10880	7.86757e-10
10890	7.46189e-10
10900	7.07713e-10
10910	6.71219e-10
10920	6.36608e-10
10930	6.0378e-10
10940	5.72645e-10
10950	5.43115e-10
10960	5.15107e-10
10970	4.88543e-10
10980	4.63349e-10
10990	4.39454e-10
11000	4.1679e-10
11010	3.95296e-10
11020	3.74909e-10
11030	3.55573e-10
11040	3.37235e-10
11050	3.19842e-10
11060	3.03346e-10
11070	2.877e-10
11080	2.72861e-10
11090	2.58788e-10
11100	2.4544e-10
11110	2.3278e-10
11120	2.20773e-10
11130	2.09385e-10
11140	1.98585e-10
11150	1.88341e-10
11160	1.78626e-10
11170	1.69412e-10
11180	1.60673e-10
11190	1.52384e-10
11200	1.44523e-10
11210	1.37068e-10
11220	1.29997e-10
11230	1.23291e-10
11240	1.1693e-10
11250	1.10898e-10
11260	1.05177e-10
11270	9.97503e-11
11280	9.46041e-11
11290	8.97232e-11
11300	8.50941e-11
11310	8.07038e-11
11320	7.65399e-11
11330	7.25908e-11
11340	6.88454e-11
11350	6.52932e-11
11360	6.19243e-11
11370	5.87291e-11
11380	5.56987e-11
11390	5.28247e-11
11400	5.00989e-11
11410	4.75138e-11
11420	4.5062e-11
11430	4.27367e-11
11440	4.05314e-11
11450	3.84398e-11
11460	3.64562e-11
11470	3.45749e-11
11480	3.27906e-11
11490	3.10984e-11
11500	2.94935e-11
11510	2.79714e-11
11520	2.65279e-11
11530	2.51588e-11
11540	2.38604e-11
11550	2.26289e-11
11560	2.1461e-11
11570	2.03534e-11
11580	1.93029e-11
11590	1.83066e-11
11600	1.73618e-11
11610	1.64656e-11
11620	1.56158e-11
11630	1.48098e-11
11640	1.40453e-11
11650	1.33204e-11
11660	1.26328e-11
11670	1.19807e-11
11680	1.13623e-11
11690	1.07758e-11
11700	1.02195e-11
11710	9.69197e-12
11720	9.19166e-12
11730	8.71717e-12
11740	8.26716e-12
11750	7.84038e-12
11760	7.43563e-12
11770	7.05176e-12
11780	6.68771e-12
11790	6.34245e-12
11800	6.01501e-12
11810	5.70447e-12
11820	5.40995e-12
11830	5.13064e-12
11840	4.86575e-12
11850	4.61453e-12
11860	4.37628e-12
11870	4.15032e-12
11880	3.93603e-12
11890	3.7328e-12
11900	3.54007e-12
11910	3.35728e-12
11920	3.18392e-12
11930	3.01952e-12
11940	2.86361e-12
11950	2.71574e-12
11960	2.5755e-12
11970	2.44251e-12
11980	2.31638e-12
11990	2.19677e-12
12000	2.08333e-12
12010	1.97574e-12
12020	1.87371e-12
12030	1.77695e-12
12040	1.68518e-12
12050	1.59816e-12
12060	1.51562e-12
12070	1.43735e-12
12080	1.36312e-12
12090	1.29272e-12
12100	1.22596e-12
12110	1.16264e-12
12120	1.10259e-12
12130	1.04565e-12
12140	9.9164e-13
12150	9.40422e-13
12160	8.9185e-13
12170	8.45786e-13
12180	8.021e-13
12190	7.6067e-13
12200	7.2138e-13
12210	6.84119e-13
12220	6.48782e-13
12230	6.1527e-13
12240	5.83489e-13
12250	5.53349e-13
12260	5.24765e-13
12270	4.97658e-13
12280	4.7195e-13
12290	4.4757e-13
12300	4.2445e-13
12310	4.02523e-13
12320	3.81729e-13
12330	3.62009e-13
12340	3.43308e-13
12350	3.25572e-13
12360	3.08753e-13
12370	2.92802e-13
12380	2.77675e-13
12390	2.63329e-13
12400	2.49725e-13
12410	2.36823e-13
12420	2.24588e-13
12430	2.12984e-13
12440	2.0198e-13
12450	1.91544e-13
12460	1.81648e-13
12470	1.72262e-13
12480	1.63362e-13
12490	1.54921e-13
12500	1.46916e-13
12510	1.39325e-13
12520	1.32126e-13
12530	1.25299e-13
12540	1.18825e-13
12550	1.12685e-13
12560	1.06862e-13
12570	1.0134e-13
12580	9.61034e-14
12590	9.11373e-14
12600	8.64278e-14
12610	8.19616e-14
12620	7.77261e-14
12630	7.37095e-14
12640	6.99004e-14
12650	6.62881e-14
12660	6.28624e-14
12670	5.96137e-14
12680	5.65329e-14
12690	5.36113e-14
12700	5.08406e-14
12710	4.82131e-14
12720	4.57214e-14
12730	4.33584e-14
12740	4.11175e-14
12750	3.89924e-14
12760	3.69771e-14
12770	3.5066e-14
12780	3.32536e-14
12790	3.15349e-14
12800	2.9905e-14
12810	2.83593e-14
12820	2.68935e-14
12830	2.55034e-14
12840	2.41852e-14
12850	2.29351e-14
12860	2.17496e-14
12870	2.06254e-14
12880	1.95592e-14
12890	1.85482e-14
12900	1.75894e-14
12910	1.66802e-14
12920	1.58179e-14
12930	1.50003e-14
12940	1.42248e-14
12950	1.34895e-14
12960	1.27922e-14
12970	1.21309e-14
12980	1.15038e-14
12990	1.09091e-14
13000	1.03451e-14
13010	9.81029e-15
13020	9.30312e-15
13030	8.82217e-15
13040	8.36607e-15
13050	7.93355e-15
13060	7.52339e-15
13070	7.13443e-15
13080	6.76558e-15
13090	6.41579e-15
13100	6.08408e-15
13110	5.76952e-15
13120	5.47122e-15
13130	5.18834e-15
13140	4.92008e-15
13150	4.66569e-15
13160	4.42445e-15
13170	4.19569e-15
13180	3.97875e-15
13190	3.77302e-15
13200	3.57793e-15
13210	3.39293e-15
13220	3.21748e-15
13230	3.05112e-15
13240	2.89335e-15
13250	2.74373e-15
13260	2.60186e-15
13270	2.46731e-15
13280	2.33973e-15
13290	2.21874e-15
13300	2.104e-15
13310	1.9952e-15
13320	1.89202e-15
13330	1.79418e-15
13340	1.7014e-15
13350	1.61341e-15
13360	1.52997e-15
13370	1.45085e-15
13380	1.37582e-15
13390	1.30467e-15
13400	1.23719e-15
13410	1.17321e-15
13420	1.11254e-15
13430	1.055e-15
13440	1.00043e-15
13450	9.48693e-16
13460	8.99627e-16
13470	8.53099e-16
13480	8.08976e-16
13490	7.67135e-16
13500	7.27458e-16
13510	6.89833e-16
13520	6.54153e-16
13530	6.20319e-16
13540	5.88234e-16
13550	5.57808e-16
13560	5.28956e-16
13570	5.01596e-16
13580	4.75651e-16
13590	4.51047e-16
13600	4.27716e-16
13610	4.05592e-16
13620	3.84612e-16
13630	3.64717e-16
13640	3.45851e-16
13650	3.27961e-16
13660	3.10996e-16
13670	2.94908e-16
13680	2.79652e-16
13690	2.65186e-16
13700	2.51468e-16
13710	2.38459e-16
13720	2.26123e-16
13730	2.14425e-16
13740	2.03332e-16
13750	1.92813e-16
13760	1.82838e-16
13770	1.73379e-16
13780	1.6441e-16
13790	1.55904e-16
13800	1.47838e-16
13810	1.4019e-16
13820	1.32937e-16
13830	1.26059e-16
13840	1.19537e-16
13850	1.13352e-16
13860	1.07488e-16
13870	1.01926e-16
13880	9.66529e-17
13890	9.16521e-17
13900	8.691e-17
13910	8.24133e-17
13920	7.81491e-17
13930	7.41056e-17
13940	7.02712e-17
13950	6.66353e-17
13960	6.31874e-17
13970	5.99179e-17
13980	5.68175e-17
13990	5.38775e-17
14000	5.10897e-17
14010	4.8446e-17
14020	4.59392e-17
14030	4.3562e-17
14040	4.13079e-17
14050	3.91703e-17
14060	3.71434e-17
14070	3.52213e-17
14080	3.33987e-17
14090	3.16703e-17
14100	3.00314e-17
14110	2.84773e-17
14120	2.70037e-17
14130	2.56062e-17
14140	2.42811e-17
14150	2.30245e-17
14160	2.1833e-17
14170	2.07031e-17
14180	1.96316e-17
14190	1.86157e-17
14200	1.76522e-17
14210	1.67387e-17
14220	1.58724e-17
14230	1.50509e-17
14240	1.4272e-17
14250	1.35333e-17
14260	1.28329e-17
14270	1.21687e-17
14280	1.15389e-17
14290	1.09417e-17
14300	1.03754e-17
14310	9.83837e-18
14320	9.32916e-18
14330	8.84629e-18
14340	8.38842e-18
14350	7.95424e-18
14360	7.54253e-18
14370	7.15213e-18
14380	6.78193e-18
14390	6.43089e-18
14400	6.09802e-18
14410	5.78238e-18
14420	5.48307e-18
14430	5.19925e-18
14440	4.93012e-18
14450	4.67492e-18
14460	4.43293e-18
14470	4.20346e-18
14480	3.98587e-18
14490	3.77954e-18
14500	3.58389e-18
14510	3.39837e-18
14520	3.22245e-18
14530	3.05564e-18
14540	2.89745e-18
14550	2.74746e-18
14560	2.60523e-18
14570	2.47036e-18
14580	2.34248e-18
14590	2.22121e-18
14600	2.10622e-18
14610	1.99718e-18
14620	1.89378e-18
14630	1.79574e-18
14640	1.70278e-18
14650	1.61462e-18
14660	1.53103e-18
14670	1.45176e-18
14680	1.3766e-18
14690	1.30533e-18
14700	1.23775e-18
14710	1.17367e-18
14720	1.1129e-18
14730	1.05528e-18
14740	1.00064e-18
14750	9.48836e-19
14760	8.9971e-19
14770	8.53126e-19
14780	8.08955e-19
14790	7.6707e-19
14800	7.27353e-19
14810	6.89692e-19
14820	6.53981e-19
14830	6.20119e-19
14840	5.8801e-19
14850	5.57564e-19
14860	5.28693e-19
14870	5.01318e-19
14880	4.7536e-19
14890	4.50745e-19
14900	4.27405e-19
14910	4.05274e-19
14920	3.84288e-19
14930	3.64389e-19
14940	3.4552e-19
14950	3.27628e-19
14960	3.10662e-19
14970	2.94575e-19
14980	2.79321e-19
14990	2.64856e-19
15000	2.51141e-19
15010	2.38135e-19
15020	2.25803e-19
15030	2.1411e-19
15040	2.03022e-19
15050	1.92508e-19
15060	1.82539e-19
15070	1.73086e-19
15080	1.64122e-19
15090	1.55622e-19
15100	1.47563e-19
15110	1.39921e-19
15120	1.32675e-19
15130	1.25803e-19
15140	1.19288e-19
15150	1.1311e-19
15160	1.07252e-19
15170	1.01697e-19
15180	9.64304e-20
15190	9.14361e-20
15200	8.67005e-20
15210	8.221e-20
15220	7.79522e-20
15230	7.39148e-20
15240	7.00865e-20
15250	6.64564e-20
15260	6.30144e-20
15270	5.97506e-20
15280	5.66558e-20
15290	5.37213e-20
15300	5.09388e-20
15310	4.83004e-20
15320	4.57986e-20
15330	4.34264e-20
15340	4.11771e-20
15350	3.90442e-20
15360	3.70218e-20
15370	3.51042e-20
15380	3.32858e-20
15390	3.15617e-20
15400	2.99268e-20
15410	2.83766e-20
15420	2.69067e-20
15430	2.55129e-20
15440	2.41914e-20
15450	2.29382e-20
15460	2.175e-20
15470	2.06233e-20
15480	1.9555e-20
15490	1.8542e-20
15500	1.75815e-20
15510	1.66707e-20
15520	1.58071e-20
15530	1.49883e-20
15540	1.42118e-20
15550	1.34756e-20
15560	1.27775e-20
15570	1.21156e-20
15580	1.14879e-20
15590	1.08928e-20
15600	1.03285e-20
15610	9.7934e-21
15620	9.28604e-21
15630	8.80496e-21
15640	8.3488e-21
15650	7.91627e-21
15660	7.50615e-21
15670	7.11727e-21
15680	6.74853e-21
15690	6.3989e-21
15700	6.06738e-21
15710	5.75303e-21
15720	5.45497e-21
15730	5.17235e-21
15740	4.90437e-21
15750	4.65027e-21
15760	4.40933e-21
15770	4.18088e-21
15780	3.96426e-21
15790	3.75886e-21
15800	3.56411e-21
15810	3.37944e-21
15820	3.20434e-21
15830	3.03832e-21
15840	2.88089e-21
15850	2.73162e-21
15860	2.59008e-21
15870	2.45588e-21
15880	2.32863e-21
15890	2.20797e-21
15900	2.09356e-21
15910	1.98508e-21
15920	1.88222e-21
15930	1.78469e-21
15940	1.69221e-21
15950	1.60453e-21
15960	1.52138e-21
15970	1.44255e-21
15980	1.3678e-21
15990	1.29692e-21
16000	1.22972e-21
16010	1.16599e-21
16020	1.10557e-21
16030	1.04828e-21
16040	9.93959e-22
16050	9.42451e-22
16060	8.93613e-22
16070	8.47305e-22
16080	8.03396e-22
16090	7.61763e-22
16100	7.22286e-22
16110	6.84856e-22
16120	6.49365e-22
16130	6.15713e-22
16140	5.83804e-22
16150	5.5355e-22
16160	5.24862e-22
16170	4.97662e-22
16180	4.71871e-22
16190	4.47416e-22
16200	4.24229e-22
16210	4.02243e-22
16220	3.81396e-22
16230	3.6163e-22
16240	3.42888e-22
16250	3.25117e-22
16260	3.08267e-22
16270	2.92291e-22
16280	2.77142e-22
16290	2.62778e-22
16300	2.49159e-22
16310	2.36245e-22
16320	2.24001e-22
16330	2.12391e-22
16340	2.01383e-22
16350	1.90946e-22
16360	1.81049e-22
16370	1.71665e-22
16380	1.62768e-22
16390	1.54331e-22
16400	1.46332e-22
16410	1.38747e-22
16420	1.31556e-22
16430	1.24737e-22
16440	1.18272e-22
16450	1.12141e-22
16460	1.06329e-22
16470	1.00817e-22
16480	9.55916e-23
16490	9.06367e-23
16500	8.59386e-23
16510	8.14841e-23
16520	7.72604e-23
16530	7.32556e-23
16540	6.94583e-23
16550	6.58579e-23
16560	6.24441e-23
16570	5.92073e-23
16580	5.61382e-23
16590	5.32281e-23
16600	5.0469e-23
16610	4.78528e-23
16620	4.53722e-23
16630	4.30202e-23
16640	4.07901e-23
16650	3.86756e-23
16660	3.66707e-23
16670	3.47697e-23
16680	3.29673e-23
16690	3.12583e-23
16700	2.96379e-23
16710	2.81014e-23
16720	2.66446e-23
16730	2.52634e-23
16740	2.39537e-23
16750	2.27119e-23
16760	2.15345e-23
16770	2.04181e-23
16780	1.93596e-23
16790	1.83559e-23
16800	1.74043e-23
16810	1.6502e-23
16820	1.56465e-23
16830	1.48353e-23
16840	1.40662e-23
16850	1.33369e-23
16860	1.26455e-23
16870	1.19899e-23
16880	1.13683e-23
16890	1.07789e-23
16900	1.02201e-23
16910	9.69019e-24
16920	9.18779e-24
16930	8.71144e-24
16940	8.25978e-24
16950	7.83154e-24
16960	7.42549e-24
16970	7.0405e-24
16980	6.67547e-24
16990	6.32936e-24
17000	6.00119e-24
17010	5.69004e-24
17020	5.39502e-24
17030	5.11529e-24
17040	4.85007e-24
17050	4.59859e-24
17060	4.36016e-24
17070	4.13408e-24
17080	3.91973e-24
17090	3.71649e-24
17100	3.52378e-24
17110	3.34107e-24
17120	3.16783e-24
17130	3.00358e-24
17140	2.84783e-24
17150	2.70017e-24
17160	2.56016e-24
17170	2.42741e-24
17180	2.30154e-24
17190	2.18219e-24
17200	2.06904e-24
17210	1.96175e-24
17220	1.86003e-24
17230	1.76358e-24
17240	1.67213e-24
17250	1.58542e-24
17260	1.50321e-24
17270	1.42526e-24
17280	1.35135e-24
17290	1.28127e-24
17300	1.21483e-24
17310	1.15184e-24
17320	1.09211e-24
17330	1.03547e-24
17340	9.81775e-25
17350	9.30863e-25
17360	8.82591e-25
17370	8.36821e-25
17380	7.93425e-25
17390	7.52279e-25
17400	7.13267e-25
17410	6.76278e-25
17420	6.41206e-25
17430	6.07954e-25
17440	5.76425e-25
17450	5.46532e-25
17460	5.18189e-25
17470	4.91315e-25
17480	4.65835e-25
17490	4.41677e-25
17500	4.18771e-25
17510	3.97052e-25
17520	3.76461e-25
17530	3.56937e-25
17540	3.38425e-25
17550	3.20874e-25
17560	3.04232e-25
17570	2.88454e-25
17580	2.73494e-25
17590	2.59309e-25
17600	2.4586e-25
17610	2.33109e-25
17620	2.21019e-25
17630	2.09556e-25
17640	1.98688e-25
17650	1.88383e-25
17660	1.78612e-25
17670	1.69348e-25
17680	1.60565e-25
17690	1.52237e-25
17700	1.44341e-25
17710	1.36855e-25
17720	1.29756e-25
17730	1.23026e-25
17740	1.16645e-25
17750	1.10595e-25
17760	1.04859e-25
17770	9.94201e-26
17780	9.42633e-26
17790	8.93741e-26
17800	8.47383e-26
17810	8.03431e-26
17820	7.61757e-26
17830	7.22245e-26
17840	6.84783e-26
17850	6.49263e-26
17860	6.15586e-26
17870	5.83655e-26
17880	5.53381e-26
17890	5.24677e-26
17900	4.97461e-26
17910	4.71657e-26
17920	4.47191e-26
17930	4.23995e-26
17940	4.02002e-26
17950	3.81149e-26
17960	3.61378e-26
17970	3.42632e-26
17980	3.24859e-26
17990	3.08007e-26
18000	2.9203e-26
18010	2.76881e-26
18020	2.62518e-26
18030	2.48901e-26
18040	2.35989e-26
18050	2.23747e-26
18060	2.1214e-26
18070	2.01136e-26
18080	1.90702e-26
18090	1.80809e-26
18100	1.71429e-26
18110	1.62536e-26
18120	1.54104e-26
18130	1.4611e-26
18140	1.3853e-26
18150	1.31344e-26
18160	1.2453e-26
18170	1.1807e-26
18180	1.11945e-26
18190	1.06137e-26
18200	1.00631e-26
18210	9.54105e-27
18220	9.04608e-27
18230	8.57678e-27
18240	8.13183e-27
18250	7.70995e-27
18260	7.30997e-27
18270	6.93073e-27
18280	6.57117e-27
18290	6.23025e-27
18300	5.90703e-27
18310	5.60057e-27
18320	5.31001e-27
18330	5.03452e-27
18340	4.77332e-27
18350	4.52568e-27
18360	4.29088e-27
18370	4.06826e-27
18380	3.85719e-27
18390	3.65707e-27
18400	3.46733e-27
18410	3.28744e-27
18420	3.11688e-27
18430	2.95516e-27
18440	2.80184e-27
18450	2.65647e-27
18460	2.51864e-27
18470	2.38796e-27
18480	2.26407e-27
18490	2.1466e-27
18500	2.03522e-27
18510	1.92962e-27
18520	1.8295e-27
18530	1.73458e-27
18540	1.64458e-27
18550	1.55925e-27
18560	1.47835e-27
18570	1.40164e-27
18580	1.32891e-27
18590	1.25996e-27
18600	1.19459e-27
18610	1.1326e-27
18620	1.07383e-27
18630	1.01812e-27
18640	9.65288e-28
18650	9.15201e-28
18660	8.67713e-28
18670	8.22689e-28
18680	7.80001e-28
18690	7.39527e-28
18700	7.01154e-28
18710	6.64772e-28
18720	6.30277e-28
18730	5.97572e-28
18740	5.66564e-28
18750	5.37165e-28
18760	5.09291e-28
18770	4.82864e-28
18780	4.57808e-28
18790	4.34052e-28
18800	4.11528e-28
18810	3.90174e-28
18820	3.69927e-28
18830	3.50731e-28
18840	3.32531e-28
18850	3.15275e-28
18860	2.98915e-28
18870	2.83403e-28
18880	2.68696e-28
18890	2.54753e-28
18900	2.41533e-28
18910	2.28999e-28
18920	2.17115e-28
18930	2.05849e-28
18940	1.95166e-28
18950	1.85038e-28
18960	1.75436e-28
18970	1.66332e-28
18980	1.577e-28
18990	1.49516e-28
19000	1.41757e-28
19010	1.344e-28
19020	1.27425e-28
19030	1.20813e-28
19040	1.14543e-28
19050	1.08599e-28
19060	1.02963e-28
19070	9.76193e-29
19080	9.25531e-29
19090	8.77499e-29
19100	8.31959e-29
19110	7.88783e-29
19120	7.47847e-29
19130	7.09035e-29
19140	6.72237e-29
19150	6.37349e-29
19160	6.04272e-29
19170	5.72911e-29
19180	5.43178e-29
19190	5.14987e-29
19200	4.8826e-29
19210	4.62919e-29
19220	4.38894e-29
19230	4.16115e-29
19240	3.94519e-29
19250	3.74043e-29
19260	3.5463e-29
19270	3.36225e-29
19280	3.18774e-29
19290	3.0223e-29
19300	2.86544e-29
19310	2.71672e-29
19320	2.57571e-29
19330	2.44203e-29
19340	2.31528e-29
19350	2.19512e-29
19360	2.08118e-29
19370	1.97316e-29
19380	1.87075e-29
19390	1.77365e-29
19400	1.6816e-29
19410	1.59432e-29
19420	1.51157e-29
19430	1.43311e-29
19440	1.35873e-29
19450	1.2882e-29
19460	1.22134e-29
19470	1.15795e-29
19480	1.09784e-29
19490	1.04086e-29
19500	9.86833e-30
19510	9.35612e-30
19520	8.87048e-30
19530	8.41005e-30
19540	7.97352e-30
19550	7.55965e-30
19560	7.16726e-30
19570	6.79523e-30
19580	6.44251e-30
19590	6.1081e-30
19600	5.79105e-30
19610	5.49045e-30
19620	5.20546e-30
19630	4.93526e-30
19640	4.67908e-30
19650	4.4362e-30
19660	4.20592e-30
19670	3.9876e-30
19680	3.78061e-30
19690	3.58436e-30
19700	3.3983e-30
19710	3.2219e-30
19720	3.05466e-30
19730	2.89609e-30
19740	2.74576e-30
19750	2.60322e-30
19760	2.46809e-30
19770	2.33997e-30
19780	2.2185e-30
19790	2.10334e-30
19800	1.99415e-30
19810	1.89064e-30
19820	1.79249e-30
19830	1.69944e-30
19840	1.61122e-30
19850	1.52758e-30
19860	1.44828e-30
19870	1.3731e-30
19880	1.30182e-30
19890	1.23424e-30
19900	1.17016e-30
19910	1.10942e-30
19920	1.05182e-30
19930	9.97221e-31
19940	9.45452e-31
19950	8.96371e-31
19960	8.49837e-31
19970	8.05719e-31
19980	7.63891e-31
19990	7.24234e-31
