10	0.00122522
20	0.0217992
30	0.0527167
40	0.481062
50	1.9427
60	4.58272
70	8.0665
80	11.9974
90	15.9752
100	19.6942
110	22.8922
120	25.7111
130	27.9096
140	29.6508
150	30.9498
160	31.8462
170	32.3949
180	32.6864
190	32.741
200	32.6328
210	32.3981
220	32.0674
230	31.6807
240	31.254
250	30.8047
260	30.3455
270	29.8828
280	29.422
290	28.9653
300	28.5137
310	28.0676
320	27.6273
330	27.1927
340	26.7641
350	26.3412
360	25.9244
370	25.5137
380	25.1088
390	24.71
400	24.3173
410	23.9304
420	23.5495
430	23.1742
440	22.8048
450	22.4414
460	22.0835
470	21.7313
480	21.3847
490	21.0436
500	20.7078
510	20.3774
520	20.0525
530	19.7326
540	19.4179
550	19.1083
560	18.8036
570	18.504
580	18.2091
590	17.919
600	17.6336
610	17.3529
620	17.0768
630	16.8051
640	16.5379
650	16.275
660	16.0164
670	15.7621
680	15.5119
690	15.2657
700	15.0236
710	14.7854
720	14.5512
730	14.3207
740	14.094
750	13.8711
760	13.6517
770	13.436
780	13.2238
790	13.0151
800	12.8097
810	12.6077
820	12.409
830	12.2136
840	12.0212
850	11.8321
860	11.6461
870	11.463
880	11.2831
890	11.1059
900	10.9317
910	10.7604
920	10.5918
930	10.4259
940	10.2628
950	10.1023
960	9.94445
970	9.78914
980	9.63628
990	9.48596
1000	9.33807
1010	9.19259
1020	9.0495
1030	8.90861
1040	8.7701
1050	8.63386
1060	8.49975
1070	8.36786
1080	8.23808
1090	8.11039
1100	7.9848
1110	7.86117
1120	7.73954
1130	7.6199
1140	7.50221
1150	7.38634
1160	7.27241
1170	7.16028
1180	7.04991
1190	6.94142
1200	6.83456
1210	6.72945
1220	6.62603
1230	6.52429
1240	6.42415
1250	6.32559
1260	6.22861
1270	6.13323
1280	6.03933
1290	5.947
1300	5.85604
1310	5.76659
1320	5.67855
1330	5.59194
1340	5.50668
1350	5.42281
1360	5.34022
1370	5.25898
1380	5.17903
1390	5.1003
1400	5.02289
1410	4.94663
1420	4.87164
1430	4.79785
1440	4.72517
1450	4.65366
1460	4.58326
1470	4.51399
1480	4.44586
1490	4.37874
1500	4.31268
1510	4.24768
1520	4.18371
1530	4.1207
1540	4.05873
1550	3.99771
1560	3.93766
1570	3.87856
1580	3.82037
1590	3.76308
1600	3.70672
1610	3.65122
1620	3.5966
1630	3.54282
1640	3.4899
1650	3.43778
1660	3.38649
1670	3.33596
1680	3.28627
1690	3.23731
1700	3.18914
1710	3.14174
1720	3.09503
1730	3.04908
1740	3.00381
1750	2.95926
1760	2.91539
1770	2.87222
1780	2.82971
1790	2.78785
1800	2.74662
1810	2.70607
1820	2.66611
1830	2.62678
1840	2.58805
1850	2.54993
1860	2.51239
1870	2.47543
1880	2.43901
1890	2.40319
1900	2.3679
1910	2.33314
1920	2.29893
1930	2.26523
1940	2.23207
1950	2.19939
1960	2.16724
1970	2.13555
1980	2.10437
1990	2.07364
2000	2.04341
2010	2.01362
2020	1.98428
2030	1.9554
2040	1.92694
2050	1.89893
2060	1.87134
2070	1.84417
2080	1.81741
2090	1.79104
2100	1.7651
2110	1.73954
2120	1.71437
2130	1.68957
2140	1.66515
2150	1.6411
2160	1.61741
2170	1.59409
2180	1.57111
2190	1.54847
2200	1.52618
2210	1.50423
2220	1.48259
2230	1.46129
2240	1.44031
2250	1.41965
2260	1.39928
2270	1.37923
2280	1.35948
2290	1.34003
2300	1.32085
2310	1.30198
2320	1.28337
2330	1.26506
2340	1.24701
2350	1.22923
2360	1.21172
2370	1.19447
2380	1.17747
2390	1.16073
2400	1.14423
2410	1.12798
2420	1.11198
2430	1.0962
2440	1.08067
2450	1.06535
2460	1.05027
2470	1.03541
2480	1.02077
2490	1.00636
2500	0.992147
2510	0.978138
2520	0.96435
2530	0.950756
2540	0.937366
2550	0.924174
2560	0.911174
2570	0.898364
2580	0.885739
2590	0.873311
2600	0.861054
2610	0.848977
2620	0.83708
2630	0.825365
2640	0.813808
2650	0.802429
2660	0.79121
2670	0.780152
2680	0.769263
2690	0.758536
2700	0.747961
2710	0.737535
2720	0.727262
2730	0.717147
2740	0.707171
2750	0.697339
2760	0.687655
2770	0.678109
2780	0.6687
2790	0.65943
2800	0.650295
2810	0.641288
2820	0.632411
2830	0.623664
2840	0.615043
2850	0.606549
2860	0.598176
2870	0.589922
2880	0.581787
2890	0.573771
2900	0.565869
2910	0.558083
2920	0.550407
2930	0.542841
2940	0.535383
2950	0.528033
2960	0.520789
2970	0.513649
2980	0.506607
2990	0.499671
3000	0.49283
3010	0.486091
3020	0.479445
3030	0.472895
3040	0.466439
3050	0.460074
3060	0.4538
3070	0.447616
3080	0.44152
3090	0.435507
3100	0.429581
3110	0.423743
3120	0.417986
3130	0.412311
3140	0.406716
3150	0.4012
3160	0.395758
3170	0.3904
3180	0.385111
3190	0.379901
3200	0.374764
3210	0.369698
3220	0.364705
3230	0.359784
3240	0.354928
3250	0.350143
3260	0.345424
3270	0.340773
3280	0.336187
3290	0.331666
3300	0.327207
3310	0.32281
3320	0.318477
3330	0.314205
3340	0.309989
3350	0.305832
3360	0.301737
3370	0.297697
3380	0.293715
3390	0.289787
3400	0.285914
3410	0.282095
3420	0.27833
3430	0.274617
3440	0.270955
3450	0.267345
3460	0.263784
3470	0.260273
3480	0.256812
3490	0.253396
3500	0.250029
3510	0.246711
3520	0.243435
3530	0.240206
3540	0.237024
3550	0.233882
3560	0.230786
3570	0.227732
3580	0.224719
3590	0.221751
3600	0.218819
3610	0.21593
3620	0.213083
3630	0.210271
3640	0.207501
3650	0.204767
3660	0.202071
3670	0.199413
3680	0.19679
3690	0.194204
3700	0.191652
3710	0.189136
3720	0.186655
3730	0.184208
3740	0.181793
3750	0.179413
3760	0.177062
3770	0.174747
3780	0.172462
3790	0.170208
3800	0.167985
3810	0.165791
3820	0.163629
3830	0.161495
3840	0.159391
3850	0.157314
3860	0.155267
3870	0.153245
3880	0.151254
3890	0.149287
3900	0.147348
3910	0.145435
3920	0.143549
3930	0.141687
3940	0.139851
3950	0.138039
3960	0.136252
3970	0.134489
3980	0.13275
3990	0.131034
4000	0.129342
4010	0.127672
4020	0.126025
4030	0.124398
4040	0.122796
4050	0.121213
4060	0.119653
4070	0.118113
4080	0.116594
4090	0.115096
4100	0.113616
4110	0.112158
4120	0.110718
4130	0.109297
4140	0.107897
4150	0.106514
4160	0.105151
4170	0.103805
4180	0.102476
4190	0.101167
4200	0.0998736
4210	0.0985988
4220	0.0973397
4230	0.0960971
4240	0.0948728
4250	0.093663
4260	0.0924705
4270	0.0912931
4280	0.0901316
4290	0.0889851
4300	0.0878542
4310	0.086738
4320	0.0856367
4330	0.0845499
4340	0.083478
4350	0.0824192
4360	0.0813755
4370	0.0803448
4380	0.0793274
4390	0.0783245
4400	0.0773337
4410	0.0763565
4420	0.0753925
4430	0.0744402
4440	0.073501
4450	0.0725741
4460	0.0716599
4470	0.0707567
4480	0.0698658
4490	0.0689866
4500	0.068119
4510	0.0672628
4520	0.0664175
4530	0.065583
4540	0.06476
4550	0.0639476
4560	0.0631456
4570	0.0623545
4580	0.0615735
4590	0.0608025
4600	0.0600415
4610	0.0592909
4620	0.0585497
4630	0.0578181
4640	0.057096
4650	0.0563834
4660	0.0556803
4670	0.0549859
4680	0.0543003
4690	0.0536243
4700	0.0529567
4710	0.0522977
4720	0.051647
4730	0.0510049
4740	0.0503718
4750	0.049746
4760	0.0491285
4770	0.048519
4780	0.0479177
4790	0.0473236
4800	0.0467376
4810	0.0461587
4820	0.0455875
4830	0.0450238
4840	0.0444673
4850	0.0439177
4860	0.0433755
4870	0.0428399
4880	0.0423116
4890	0.0417898
4900	0.0412745
4910	0.0407659
4920	0.0402641
4930	0.0397686
4940	0.0392795
4950	0.0387965
4960	0.0383196
4970	0.037849
4980	0.0373842
4990	0.0369256
5000	0.0364728
5010	0.0360256
5020	0.0355842
5030	0.0351486
5040	0.0347182
5050	0.0342933
5060	0.0338738
5070	0.03346
5080	0.0330513
5090	0.0326476
5100	0.0322491
5110	0.0318557
5120	0.0314672
5130	0.0310837
5140	0.0307051
5150	0.0303315
5160	0.0299623
5170	0.0295978
5180	0.0292378
5190	0.0288825
5200	0.0285316
5210	0.0281855
5220	0.0278432
5230	0.0275056
5240	0.0271721
5250	0.0268428
5260	0.0265177
5270	0.0261967
5280	0.0258797
5290	0.0255668
5300	0.0252577
5310	0.0249525
5320	0.0246511
5330	0.0243535
5340	0.0240598
5350	0.0237697
5360	0.0234831
5370	0.0232001
5380	0.0229205
5390	0.0226448
5400	0.0223724
5410	0.0221033
5420	0.0218376
5430	0.0215752
5440	0.0213161
5450	0.0210602
5460	0.0208075
5470	0.0205579
5480	0.0203114
5490	0.0200682
5500	0.0198279
5510	0.0195905
5520	0.0193562
5530	0.0191246
5540	0.0188959
5550	0.0186702
5560	0.0184473
5570	0.0182271
5580	0.0180096
5590	0.0177948
5600	0.0175827
5610	0.0173732
5620	0.0171663
5630	0.0169619
5640	0.0167601
5650	0.0165608
5660	0.0163639
5670	0.0161694
5680	0.0159773
5690	0.0157876
5700	0.0156003
5710	0.0154152
5720	0.0152325
5730	0.015052
5740	0.0148737
5750	0.0146975
5760	0.0145236
5770	0.0143518
5780	0.0141821
5790	0.0140145
5800	0.013849
5810	0.0136854
5820	0.013524
5830	0.0133644
5840	0.0132069
5850	0.0130511
5860	0.0128974
5870	0.0127455
5880	0.0125954
5890	0.0124472
5900	0.0123008
5910	0.0121562
5920	0.0120134
5930	0.0118723
5940	0.0117329
5950	0.0115952
5960	0.0114592
5970	0.011325
5980	0.0111922
5990	0.011061
6000	0.0109316
6010	0.0108036
6020	0.0106772
6030	0.0105523
6040	0.0104291
6050	0.0103071
6060	0.0101868
6070	0.0100679
6080	0.00995041
6090	0.00983436
6100	0.00971971
6110	0.00960641
6120	0.00949453
6130	0.00938398
6140	0.00927478
6150	0.00916689
6160	0.0090603
6170	0.00895495
6180	0.00885091
6190	0.0087482
6200	0.00864659
6210	0.00854628
6220	0.00844716
6230	0.00834924
6240	0.0082525
6250	0.00815692
6260	0.00806249
6270	0.00796919
6280	0.00787696
6290	0.00778583
6300	0.00769588
6310	0.00760697
6320	0.00751908
6330	0.00743229
6340	0.00734654
6350	0.00726181
6360	0.00717809
6370	0.00709538
6380	0.00701365
6390	0.0069329
6400	0.00685311
6410	0.00677424
6420	0.00669629
6430	0.00661933
6440	0.00654332
6450	0.00646813
6460	0.00639388
6470	0.00632051
6480	0.00624801
6490	0.00617636
6500	0.00610552
6510	0.00603553
6520	0.00596646
6530	0.00589819
6540	0.00583067
6550	0.00576398
6560	0.00569809
6570	0.00563297
6580	0.00556863
6590	0.00550502
6600	0.00544215
6610	0.00538006
6620	0.00531873
6630	0.00525806
6640	0.00519814
6650	0.00513893
6660	0.00508043
6670	0.00502258
6680	0.00496544
6690	0.00490895
6700	0.00485315
6710	0.004798
6720	0.00474351
6730	0.00468965
6740	0.00463642
6750	0.00458383
6760	0.00453185
6770	0.00448049
6780	0.0044297
6790	0.00437953
6800	0.00432992
6810	0.0042809
6820	0.00423248
6830	0.00418462
6840	0.0041373
6850	0.00409056
6860	0.00404437
6870	0.00399868
6880	0.00395356
6890	0.00390896
6900	0.00386487
6910	0.0038213
6920	0.00377827
6930	0.00373568
6940	0.00369361
6950	0.00365205
6960	0.00361096
6970	0.00357037
6980	0.00353024
6990	0.00349053
7000	0.00345136
7010	0.00341257
7020	0.00337428
7030	0.00333643
7040	0.003299
7050	0.003262
7060	0.00322545
7070	0.00318932
7080	0.00315361
7090	0.00311832
7100	0.00308342
7110	0.00304892
7120	0.00301484
7130	0.00298114
7140	0.00294785
7150	0.00291492
7160	0.00288238
7170	0.00285023
7180	0.00281844
7190	0.00278701
7200	0.00275594
7210	0.00272522
7220	0.00269488
7230	0.00266488
7240	0.00263522
7250	0.00260592
7260	0.00257693
7270	0.00254828
7280	0.00251997
7290	0.00249195
7300	0.00246431
7310	0.00243695
7320	0.00240992
7330	0.00238319
7340	0.00235676
7350	0.00233063
7360	0.00230482
7370	0.0022793
7380	0.00225407
7390	0.00222912
7400	0.00220446
7410	0.00218008
7420	0.00215599
7430	0.00213217
7440	0.00210861
7450	0.00208533
7460	0.00206232
7470	0.00203957
7480	0.00201708
7490	0.00199483
7500	0.00197286
7510	0.00195112
7520	0.00192963
7530	0.00190838
7540	0.00188739
7550	0.00186663
7560	0.00184611
7570	0.00182582
7580	0.00180575
7590	0.00178592
7600	0.00176631
7610	0.00174691
7620	0.00172775
7630	0.00170881
7640	0.00169008
7650	0.00167154
7660	0.00165323
7670	0.00163513
7680	0.00161723
7690	0.00159953
7700	0.00158203
7710	0.00156473
7720	0.00154763
7730	0.00153071
7740	0.00151399
7750	0.00149746
7760	0.00148112
7770	0.00146496
7780	0.00144897
7790	0.00143317
7800	0.00141756
7810	0.0014021
7820	0.00138684
7830	0.00137173
7840	0.0013568
7850	0.00134205
7860	0.00132745
7870	0.00131301
7880	0.00129874
7890	0.00128463
7900	0.00127068
7910	0.00125689
7920	0.00124324
7930	0.00122976
7940	0.00121641
7950	0.00120323
7960	0.00119019
7970	0.00117729
7980	0.00116454
7990	0.00115193
8000	0.00113947
8010	0.00112714
8020	0.00111496
8030	0.00110289
8040	0.00109098
8050	0.0010792
8060	0.00106754
8070	0.00105601
8080	0.00104462
8090	0.00103335
8100	0.0010222
8110	0.00101118
8120	0.00100029
8130	0.00098951
8140	0.000978848
8150	0.000968315
8160	0.000957892
8170	0.000947585
8180	0.000937396
8190	0.000927322
8200	0.000917355
8210	0.000907496
8220	0.000897753
8230	0.000888113
8240	0.000878579
8250	0.000869154
8260	0.000859837
8270	0.000850616
8280	0.000841496
8290	0.000832479
8300	0.000823566
8310	0.000814748
8320	0.000806034
8330	0.000797403
8340	0.000788878
8350	0.000780445
8360	0.000772101
8370	0.000763851
8380	0.000755693
8390	0.000747627
8400	0.000739642
8410	0.000731753
8420	0.000723948
8430	0.000716228
8440	0.000708593
8450	0.000701038
8460	0.000693578
8470	0.000686188
8480	0.000678884
8490	0.000671658
8500	0.000664516
8510	0.000657447
8520	0.000650456
8530	0.000643547
8540	0.000636713
8550	0.000629949
8560	0.000623259
8570	0.000616647
8580	0.000610102
8590	0.00060363
8600	0.000597233
8610	0.0005909
8620	0.000584639
8630	0.000578449
8640	0.000572321
8650	0.000566263
8660	0.000560273
8670	0.000554347
8680	0.000548485
8690	0.000542686
8700	0.000536948
8710	0.000531278
8720	0.000525668
8730	0.000520115
8740	0.000514628
8750	0.000509202
8760	0.000503829
8770	0.000498518
8780	0.000493264
8790	0.000488067
8800	0.000482925
8810	0.00047784
8820	0.000472807
8830	0.000467834
8840	0.000462916
8850	0.000458042
8860	0.000453229
8870	0.000448469
8880	0.000443754
8890	0.000439094
8900	0.000434484
8910	0.000429926
8920	0.000425412
8930	0.00042095
8940	0.000416536
8950	0.000412171
8960	0.000407851
8970	0.000403577
8980	0.000399353
8990	0.000395171
9000	0.000391034
9010	0.000386945
9020	0.000382895
9030	0.000378892
9040	0.000374934
9050	0.000371014
9060	0.00036714
9070	0.000363307
9080	0.000359515
9090	0.000355762
9100	0.00035205
9110	0.000348378
9120	0.000344746
9130	0.000341153
9140	0.000337598
9150	0.00033408
9160	0.000330604
9170	0.000327162
9180	0.000323757
9190	0.000320387
9200	0.000317057
9210	0.00031376
9220	0.000310499
9230	0.000307273
9240	0.000304082
9250	0.000300924
9260	0.0002978
9270	0.000294709
9280	0.000291653
9290	0.000288628
9300	0.000285637
9310	0.000282675
9320	0.000279746
9330	0.00027685
9340	0.000273983
9350	0.000271146
9360	0.000268342
9370	0.000265563
9380	0.000262818
9390	0.000260099
9400	0.000257412
9410	0.000254753
9420	0.00025212
9430	0.000249517
9440	0.000246939
9450	0.000244392
9460	0.00024187
9470	0.000239376
9480	0.000236908
9490	0.000234467
9500	0.00023205
9510	0.00022966
9520	0.000227294
9530	0.000224955
9540	0.000222639
9550	0.000220348
9560	0.000218082
9570	0.00021584
9580	0.00021362
9590	0.000211425
9600	0.000209253
9610	0.000207104
9620	0.000204978
9630	0.000202873
9640	0.000200793
9650	0.000198733
9660	0.000196696
9670	0.000194678
9680	0.000192683
9690	0.000190709
9700	0.000188755
9710	0.000186822
9720	0.000184909
9730	0.000183018
9740	0.000181146
9750	0.000179292
9760	0.00017746
9770	0.000175646
9780	0.00017385
9790	0.000172074
9800	0.000170317
9810	0.000168578
9820	0.000166858
9830	0.000165155
9840	0.00016347
9850	0.000161803
9860	0.000160153
9870	0.000158521
9880	0.000156906
9890	0.000155307
9900	0.000153727
9910	0.000152162
9920	0.000150613
9930	0.00014908
9940	0.000147564
9950	0.000146064
9960	0.000144578
9970	0.00014311
9980	0.000141655
9990	0.000140216
10000	0.000138792
10010	0.000137384
10020	0.00013599
10030	0.000134611
10040	0.000133245
10050	0.000131894
10060	0.000130558
10070	0.000129234
10080	0.000127925
10090	0.000126629
10100	0.000125347
10110	0.000124079
10120	0.000122822
10130	0.000121581
10140	0.00012035
10150	0.000119134
10160	0.00011793
10170	0.000116739
10180	0.00011556
10190	0.000114392
10200	0.000113238
10210	0.000112094
10220	0.000110963
10230	0.000109845
10240	0.000108736
10250	0.00010764
10260	0.000106554
10270	0.000105481
10280	0.000104418
10290	0.000103367
10300	0.000102327
10310	0.000101297
10320	0.000100278
10330	9.92691e-05
10340	9.82702e-05
10350	9.72825e-05
10360	9.63047e-05
10370	9.53368e-05
10380	9.4379e-05
10390	9.34318e-05
10400	9.2493e-05
10410	9.15652e-05
10420	9.06456e-05
10430	8.97368e-05
10440	8.88372e-05
10450	8.7946e-05
10460	8.70647e-05
10470	8.61923e-05
10480	8.53289e-05
10490	8.4474e-05
10500	8.36288e-05
10510	8.27919e-05
10520	8.1963e-05
10530	8.11433e-05
10540	8.03314e-05
10550	7.95283e-05
10560	7.87334e-05
10570	7.79464e-05
10580	7.71682e-05
10590	7.6397e-05
10600	7.56344e-05
10610	7.48794e-05
10620	7.4132e-05
10630	7.33924e-05
10640	7.26605e-05
10650	7.19356e-05
10660	7.12187e-05
10670	7.05086e-05
10680	6.98062e-05
10690	6.91109e-05
10700	6.84231e-05
10710	6.77418e-05
10720	6.70676e-05
10730	6.64004e-05
10740	6.57396e-05
10750	6.50859e-05
10760	6.44388e-05
10770	6.37982e-05
10780	6.31647e-05
10790	6.25367e-05
10800	6.1916e-05
10810	6.1301e-05
10820	6.06926e-05
10830	6.00903e-05
10840	5.94942e-05
10850	5.89046e-05
10860	5.832e-05
10870	5.77422e-05
10880	5.71696e-05
10890	5.66032e-05
10900	5.60425e-05
10910	5.54877e-05
10920	5.49381e-05
10930	5.43946e-05
10940	5.3856e-05
10950	5.33236e-05
10960	5.2796e-05
10970	5.22742e-05
10980	5.17575e-05
10990	5.1246e-05
11000	5.07399e-05
11010	5.02385e-05
11020	4.97427e-05
11030	4.92513e-05
11040	4.87653e-05
11050	4.82842e-05
11060	4.78079e-05
11070	4.73364e-05
11080	4.68699e-05
11090	4.64077e-05
11100	4.59506e-05
11110	4.54977e-05
11120	4.50498e-05
11130	4.46064e-05
11140	4.41671e-05
11150	4.37326e-05
11160	4.33019e-05
11170	4.28763e-05
11180	4.24549e-05
11190	4.20372e-05
11200	4.16243e-05
11210	4.12151e-05
11220	4.08104e-05
11230	4.04094e-05
11240	4.00129e-05
11250	3.96201e-05
11260	3.92313e-05
11270	3.88465e-05
11280	3.84653e-05
11290	3.80883e-05
11300	3.77147e-05
11310	3.7345e-05
11320	3.69791e-05
11330	3.66169e-05
11340	3.62582e-05
11350	3.59032e-05
11360	3.55517e-05
11370	3.52039e-05
11380	3.48593e-05
11390	3.45185e-05
11400	3.4181e-05
11410	3.38468e-05
11420	3.3516e-05
11430	3.31883e-05
11440	3.28642e-05
11450	3.2543e-05
11460	3.22255e-05
11470	3.19107e-05
11480	3.15994e-05
11490	3.12911e-05
11500	3.09859e-05
11510	3.06836e-05
11520	3.03845e-05
11530	3.00885e-05
11540	2.97951e-05
11550	2.9505e-05
11560	2.92174e-05
11570	2.89329e-05
11580	2.86512e-05
11590	2.83724e-05
11600	2.80963e-05
11610	2.78229e-05
11620	2.75524e-05
11630	2.72846e-05
11640	2.70192e-05
11650	2.67567e-05
11660	2.64968e-05
11670	2.62394e-05
11680	2.59845e-05
11690	2.57322e-05
11700	2.54825e-05
11710	2.5235e-05
11720	2.49903e-05
11730	2.47477e-05
11740	2.45079e-05
11750	2.42701e-05
11760	2.40351e-05
11770	2.38021e-05
11780	2.35715e-05
11790	2.33433e-05
11800	2.31173e-05
11810	2.28935e-05
11820	2.26719e-05
11830	2.24525e-05
11840	2.22353e-05
11850	2.20201e-05
11860	2.18073e-05
11870	2.15963e-05
11880	2.13878e-05
11890	2.11809e-05
11900	2.09765e-05
11910	2.07737e-05
11920	2.05733e-05
11930	2.03745e-05
11940	2.01781e-05
11950	1.99834e-05
11960	1.97906e-05
11970	1.95997e-05
11980	1.94107e-05
11990	1.92236e-05
12000	1.90383e-05
12010	1.88549e-05
12020	1.86732e-05
12030	1.84934e-05
12040	1.83153e-05
12050	1.8139e-05
12060	1.79645e-05
12070	1.77916e-05
12080	1.76206e-05
12090	1.7451e-05
12100	1.72832e-05
12110	1.71171e-05
12120	1.69526e-05
12130	1.67897e-05
12140	1.66284e-05
12150	1.64687e-05
12160	1.63106e-05
12170	1.61541e-05
12180	1.59991e-05
12190	1.58456e-05
12200	1.56936e-05
12210	1.55431e-05
12220	1.53941e-05
12230	1.52464e-05
12240	1.51003e-05
12250	1.49556e-05
12260	1.48124e-05
12270	1.46705e-05
12280	1.45301e-05
12290	1.4391e-05
12300	1.42532e-05
12310	1.41169e-05
12320	1.39818e-05
12330	1.38481e-05
12340	1.37157e-05
12350	1.35846e-05
12360	1.34548e-05
12370	1.33262e-05
12380	1.31989e-05
12390	1.30728e-05
12400	1.2948e-05
12410	1.28244e-05
12420	1.2702e-05
12430	1.25808e-05
12440	1.24608e-05
12450	1.23419e-05
12460	1.22243e-05
12470	1.21077e-05
12480	1.19923e-05
12490	1.18781e-05
12500	1.17649e-05
12510	1.16528e-05
12520	1.15419e-05
12530	1.14319e-05
12540	1.13232e-05
12550	1.12154e-05
12560	1.11087e-05
12570	1.1003e-05
12580	1.08984e-05
12590	1.07948e-05
12600	1.06922e-05
12610	1.05905e-05
12620	1.04899e-05
12630	1.03903e-05
12640	1.02916e-05
12650	1.01939e-05
12660	1.00971e-05
12670	1.00013e-05
12680	9.90634e-06
12690	9.81243e-06
12700	9.71933e-06
12710	9.62717e-06
12720	9.53589e-06
12730	9.44551e-06
12740	9.356e-06
12750	9.2674e-06
12760	9.17958e-06
12770	9.09269e-06
12780	9.00657e-06
12790	8.92129e-06
12800	8.83692e-06
12810	8.75325e-06
12820	8.67047e-06
12830	8.58845e-06
12840	8.50729e-06
12850	8.42681e-06
12860	8.3472e-06
12870	8.26829e-06
12880	8.19021e-06
12890	8.11282e-06
12900	8.03627e-06
12910	7.96034e-06
12920	7.8852e-06
12930	7.81079e-06
12940	7.7371e-06
12950	7.66414e-06
12960	7.59188e-06
12970	7.52025e-06
12980	7.4494e-06
12990	7.37917e-06
13000	7.30966e-06
13010	7.24077e-06
13020	7.17257e-06
13030	7.10503e-06
13040	7.03816e-06
13050	6.9719e-06
13060	6.90625e-06
13070	6.84131e-06
13080	6.77692e-06
13090	6.71322e-06
13100	6.65006e-06
13110	6.58756e-06
13120	6.52565e-06
13130	6.46433e-06
13140	6.40359e-06
13150	6.34345e-06
13160	6.28385e-06
13170	6.22489e-06
13180	6.16645e-06
13190	6.10855e-06
13200	6.05127e-06
13210	5.99446e-06
13220	5.93825e-06
13230	5.88257e-06
13240	5.82742e-06
13250	5.7728e-06
13260	5.7187e-06
13270	5.6651e-06
13280	5.61207e-06
13290	5.55947e-06
13300	5.50745e-06
13310	5.45587e-06
13320	5.4048e-06
13330	5.35423e-06
13340	5.30413e-06
13350	5.25453e-06
13360	5.20536e-06
13370	5.15673e-06
13380	5.10849e-06
13390	5.06077e-06
13400	5.01346e-06
13410	4.96663e-06
13420	4.92024e-06
13430	4.87429e-06
13440	4.82879e-06
13450	4.78369e-06
13460	4.73905e-06
13470	4.69483e-06
13480	4.65105e-06
13490	4.60765e-06
13500	4.56472e-06
13510	4.52213e-06
13520	4.47999e-06
13530	4.43824e-06
13540	4.39689e-06
13550	4.35592e-06
13560	4.31536e-06
13570	4.27515e-06
13580	4.23535e-06
13590	4.19593e-06
13600	4.15688e-06
13610	4.11821e-06
13620	4.07988e-06
13630	4.04196e-06
13640	4.00437e-06
13650	3.96715e-06
13660	3.93028e-06
13670	3.89375e-06
13680	3.85758e-06
13690	3.82174e-06
13700	3.78626e-06
13710	3.75108e-06
13720	3.71625e-06
13730	3.68176e-06
13740	3.64759e-06
13750	3.61375e-06
13760	3.58021e-06
13770	3.54703e-06
13780	3.51412e-06
13790	3.48156e-06
13800	3.44927e-06
13810	3.41731e-06
13820	3.38565e-06
13830	3.35429e-06
13840	3.32322e-06
13850	3.29243e-06
13860	3.26196e-06
13870	3.23176e-06
13880	3.20187e-06
13890	3.17222e-06
13900	3.14288e-06
13910	3.11381e-06
13920	3.08502e-06
13930	3.0565e-06
13940	3.02825e-06
13950	3.00024e-06
13960	2.97254e-06
13970	2.94506e-06
13980	2.91788e-06
13990	2.89092e-06
14000	2.86421e-06
14010	2.83779e-06
14020	2.81158e-06
14030	2.78565e-06
14040	2.75994e-06
14050	2.73449e-06
14060	2.70927e-06
14070	2.68429e-06
14080	2.65955e-06
14090	2.63504e-06
14100	2.61075e-06
14110	2.5867e-06
14120	2.56287e-06
14130	2.53927e-06
14140	2.51589e-06
14150	2.49273e-06
14160	2.46977e-06
14170	2.44706e-06
14180	2.42453e-06
14190	2.40224e-06
14200	2.38013e-06
14210	2.35825e-06
14220	2.33657e-06
14230	2.31509e-06
14240	2.29381e-06
14250	2.27274e-06
14260	2.25185e-06
14270	2.23116e-06
14280	2.21068e-06
14290	2.19038e-06
14300	2.17027e-06
14310	2.15034e-06
14320	2.13062e-06
14330	2.11106e-06
14340	2.09171e-06
14350	2.07252e-06
14360	2.05351e-06
14370	2.03469e-06
14380	2.01604e-06
14390	1.99756e-06
14400	1.97926e-06
14410	1.96112e-06
14420	1.94316e-06
14430	1.92536e-06
14440	1.90774e-06
14450	1.89027e-06
14460	1.87297e-06
14470	1.85583e-06
14480	1.83886e-06
14490	1.82203e-06
14500	1.80537e-06
14510	1.78886e-06
14520	1.7725e-06
14530	1.75631e-06
14540	1.74024e-06
14550	1.72435e-06
14560	1.70859e-06
14570	1.69298e-06
14580	1.67753e-06
14590	1.66221e-06
14600	1.64703e-06
14610	1.632e-06
14620	1.61711e-06
14630	1.60235e-06
14640	1.58774e-06
14650	1.57325e-06
14660	1.5589e-06
14670	1.54469e-06
14680	1.53061e-06
14690	1.51666e-06
14700	1.50283e-06
14710	1.48915e-06
14720	1.47558e-06
14730	1.46214e-06
14740	1.44883e-06
14750	1.43563e-06
14760	1.42257e-06
14770	1.40962e-06
14780	1.3968e-06
14790	1.38409e-06
14800	1.37149e-06
14810	1.35903e-06
14820	1.34666e-06
14830	1.33443e-06
14840	1.3223e-06
14850	1.31027e-06
14860	1.29837e-06
14870	1.28657e-06
14880	1.2749e-06
14890	1.26331e-06
14900	1.25184e-06
14910	1.24048e-06
14920	1.22922e-06
14930	1.21806e-06
14940	1.20701e-06
14950	1.19605e-06
14960	1.18521e-06
14970	1.17446e-06
14980	1.16382e-06
14990	1.15326e-06
15000	1.14281e-06
15010	1.13245e-06
15020	1.1222e-06
15030	1.11203e-06
15040	1.10196e-06
15050	1.09198e-06
15060	1.08209e-06
15070	1.07229e-06
15080	1.06259e-06
15090	1.05297e-06
15100	1.04344e-06
15110	1.034e-06
15120	1.02465e-06
15130	1.01539e-06
15140	1.00621e-06
15150	9.97109e-07
15160	9.88092e-07
15170	9.79168e-07
15180	9.70316e-07
15190	9.61548e-07
15200	9.52866e-07
15210	9.44259e-07
15220	9.35734e-07
15230	9.27286e-07
15240	9.18912e-07
15250	9.10622e-07
15260	9.02406e-07
15270	8.94266e-07
15280	8.86199e-07
15290	8.78203e-07
15300	8.70289e-07
15310	8.62439e-07
15320	8.54668e-07
15330	8.46964e-07
15340	8.3933e-07
15350	8.31769e-07
15360	8.24276e-07
15370	8.16854e-07
15380	8.09496e-07
15390	8.02208e-07
15400	7.94988e-07
15410	7.8783e-07
15420	7.80744e-07
15430	7.7372e-07
15440	7.66757e-07
15450	7.59862e-07
15460	7.53029e-07
15470	7.46259e-07
15480	7.39548e-07
15490	7.32899e-07
15500	7.26316e-07
15510	7.19786e-07
15520	7.13324e-07
15530	7.06915e-07
15540	7.00563e-07
15550	6.94277e-07
15560	6.8804e-07
15570	6.81866e-07
15580	6.75747e-07
15590	6.6968e-07
15600	6.63673e-07
15610	6.57719e-07
15620	6.51824e-07
15630	6.45976e-07
15640	6.40182e-07
15650	6.34447e-07
15660	6.28758e-07
15670	6.23125e-07
15680	6.17542e-07
15690	6.12007e-07
15700	6.06527e-07
15710	6.01094e-07
15720	5.95713e-07
15730	5.90377e-07
15740	5.85093e-07
15750	5.79857e-07
15760	5.74666e-07
15770	5.69529e-07
15780	5.64431e-07
15790	5.59381e-07
15800	5.54382e-07
15810	5.49424e-07
15820	5.44515e-07
15830	5.39649e-07
15840	5.34826e-07
15850	5.30045e-07
15860	5.25311e-07
15870	5.20618e-07
15880	5.1597e-07
15890	5.1136e-07
15900	5.06794e-07
15910	5.02271e-07
15920	4.97786e-07
15930	4.93347e-07
15940	4.88943e-07
15950	4.8458e-07
15960	4.8026e-07
15970	4.75975e-07
15980	4.71732e-07
15990	4.67526e-07
16000	4.63357e-07
16010	4.59228e-07
16020	4.55136e-07
16030	4.51081e-07
16040	4.47063e-07
16050	4.43079e-07
16060	4.39136e-07
16070	4.35224e-07
16080	4.3135e-07
16090	4.2751e-07
16100	4.23704e-07
16110	4.19935e-07
16120	4.16198e-07
16130	4.12497e-07
16140	4.08826e-07
16150	4.0519e-07
16160	4.01588e-07
16170	3.98017e-07
16180	3.94481e-07
16190	3.90974e-07
16200	3.87499e-07
16210	3.84057e-07
16220	3.80644e-07
16230	3.77265e-07
16240	3.73914e-07
16250	3.70592e-07
16260	3.67304e-07
16270	3.64043e-07
16280	3.60812e-07
16290	3.57611e-07
16300	3.54436e-07
16310	3.51293e-07
16320	3.48177e-07
16330	3.4509e-07
16340	3.42029e-07
16350	3.38999e-07
16360	3.35994e-07
16370	3.33016e-07
16380	3.30064e-07
16390	3.2714e-07
16400	3.24242e-07
16410	3.21369e-07
16420	3.18525e-07
16430	3.15703e-07
16440	3.12907e-07
16450	3.10139e-07
16460	3.07393e-07
16470	3.04673e-07
16480	3.01977e-07
16490	2.99305e-07
16500	2.96658e-07
16510	2.94034e-07
16520	2.91435e-07
16530	2.88857e-07
16540	2.86303e-07
16550	2.83774e-07
16560	2.81265e-07
16570	2.78781e-07
16580	2.76317e-07
16590	2.73875e-07
16600	2.71458e-07
16610	2.6906e-07
16620	2.66684e-07
16630	2.6433e-07
16640	2.61996e-07
16650	2.59685e-07
16660	2.57394e-07
16670	2.55122e-07
16680	2.52872e-07
16690	2.50642e-07
16700	2.48431e-07
16710	2.46241e-07
16720	2.44069e-07
16730	2.41917e-07
16740	2.39786e-07
16750	2.37672e-07
16760	2.35579e-07
16770	2.33503e-07
16780	2.31447e-07
16790	2.29409e-07
16800	2.27387e-07
16810	2.25387e-07
16820	2.23402e-07
16830	2.21434e-07
16840	2.19487e-07
16850	2.17555e-07
16860	2.15641e-07
16870	2.13744e-07
16880	2.11863e-07
16890	2.1e-07
16900	2.08155e-07
16910	2.06324e-07
16920	2.04511e-07
16930	2.02714e-07
16940	2.00931e-07
16950	1.99166e-07
16960	1.97416e-07
16970	1.95682e-07
16980	1.93963e-07
16990	1.9226e-07
17000	1.90572e-07
17010	1.88898e-07
17020	1.87241e-07
17030	1.85597e-07
17040	1.83968e-07
17050	1.82355e-07
17060	1.80755e-07
17070	1.7917e-07
17080	1.77598e-07
17090	1.7604e-07
17100	1.74497e-07
17110	1.72967e-07
17120	1.71451e-07
17130	1.69948e-07
17140	1.68459e-07
17150	1.66983e-07
17160	1.65521e-07
17170	1.6407e-07
17180	1.62633e-07
17190	1.6121e-07
17200	1.59798e-07
17210	1.58399e-07
17220	1.57013e-07
17230	1.55638e-07
17240	1.54276e-07
17250	1.52927e-07
17260	1.51589e-07
17270	1.50263e-07
17280	1.48949e-07
17290	1.47646e-07
17300	1.46355e-07
17310	1.45076e-07
17320	1.43808e-07
17330	1.4255e-07
17340	1.41305e-07
17350	1.4007e-07
17360	1.38847e-07
17370	1.37634e-07
17380	1.36432e-07
17390	1.35241e-07
17400	1.3406e-07
17410	1.3289e-07
17420	1.3173e-07
17430	1.3058e-07
17440	1.29441e-07
17450	1.28311e-07
17460	1.27192e-07
17470	1.26083e-07
17480	1.24983e-07
17490	1.23892e-07
17500	1.22813e-07
17510	1.21742e-07
17520	1.20681e-07
17530	1.19629e-07
17540	1.18586e-07
17550	1.17553e-07
17560	1.16529e-07
17570	1.15514e-07
17580	1.14508e-07
17590	1.13511e-07
17600	1.12522e-07
17610	1.11543e-07
17620	1.10572e-07
17630	1.09609e-07
17640	1.08655e-07
17650	1.0771e-07
17660	1.06772e-07
17670	1.05844e-07
17680	1.04923e-07
17690	1.04011e-07
17700	1.03106e-07
17710	1.0221e-07
17720	1.01321e-07
17730	1.0044e-07
17740	9.95675e-08
17750	9.87019e-08
17760	9.78447e-08
17770	9.69947e-08
17780	9.61518e-08
17790	9.53168e-08
17800	9.4489e-08
17810	9.36683e-08
17820	9.28555e-08
17830	9.20491e-08
17840	9.12507e-08
17850	9.04584e-08
17860	8.96734e-08
17870	8.88957e-08
17880	8.81242e-08
17890	8.73598e-08
17900	8.66025e-08
17910	8.58512e-08
17920	8.51068e-08
17930	8.43692e-08
17940	8.36377e-08
17950	8.29125e-08
17960	8.21945e-08
17970	8.1482e-08
17980	8.07757e-08
17990	8.00764e-08
18000	7.93827e-08
18010	7.8695e-08
18020	7.80138e-08
18030	7.73382e-08
18040	7.66684e-08
18050	7.60051e-08
18060	7.53473e-08
18070	7.4695e-08
18080	7.40488e-08
18090	7.34082e-08
18100	7.2773e-08
18110	7.21439e-08
18120	7.15197e-08
18130	7.09015e-08
18140	7.02885e-08
18150	6.96806e-08
18160	6.90786e-08
18170	6.84813e-08
18180	6.78895e-08
18190	6.73031e-08
18200	6.67215e-08
18210	6.6145e-08
18220	6.55738e-08
18230	6.50074e-08
18240	6.4446e-08
18250	6.38898e-08
18260	6.33381e-08
18270	6.27911e-08
18280	6.22496e-08
18290	6.17121e-08
18300	6.11795e-08
18310	6.0652e-08
18320	6.01286e-08
18330	5.96099e-08
18340	5.9096e-08
18350	5.85866e-08
18360	5.80815e-08
18370	5.75806e-08
18380	5.70843e-08
18390	5.65923e-08
18400	5.61045e-08
18410	5.56212e-08
18420	5.51418e-08
18430	5.46667e-08
18440	5.4196e-08
18450	5.37291e-08
18460	5.32664e-08
18470	5.28079e-08
18480	5.23531e-08
18490	5.19023e-08
18500	5.14558e-08
18510	5.10128e-08
18520	5.05737e-08
18530	5.01388e-08
18540	4.97074e-08
18550	4.92796e-08
18560	4.8856e-08
18570	4.84357e-08
18580	4.80194e-08
18590	4.76064e-08
18600	4.71971e-08
18610	4.67916e-08
18620	4.63893e-08
18630	4.59906e-08
18640	4.55955e-08
18650	4.52037e-08
18660	4.48153e-08
18670	4.44305e-08
18680	4.40489e-08
18690	4.36705e-08
18700	4.32956e-08
18710	4.29239e-08
18720	4.25553e-08
18730	4.21901e-08
18740	4.18279e-08
18750	4.1469e-08
18760	4.11133e-08
18770	4.07605e-08
18780	4.04108e-08
18790	4.00643e-08
18800	3.97206e-08
18810	3.93799e-08
18820	3.90424e-08
18830	3.87076e-08
18840	3.83757e-08
18850	3.8047e-08
18860	3.77208e-08
18870	3.73977e-08
18880	3.70772e-08
18890	3.67595e-08
18900	3.64447e-08
18910	3.61324e-08
18920	3.5823e-08
18930	3.55163e-08
18940	3.52121e-08
18950	3.49109e-08
18960	3.46119e-08
18970	3.43157e-08
18980	3.40221e-08
18990	3.37309e-08
19000	3.34423e-08
19010	3.31563e-08
19020	3.28726e-08
19030	3.25916e-08
19040	3.23127e-08
19050	3.20364e-08
19060	3.17625e-08
19070	3.1491e-08
19080	3.12217e-08
19090	3.09549e-08
19100	3.06904e-08
19110	3.0428e-08
19120	3.01681e-08
19130	2.99104e-08
19140	2.96548e-08
19150	2.94016e-08
19160	2.91504e-08
19170	2.89015e-08
19180	2.86548e-08
19190	2.84101e-08
19200	2.81676e-08
19210	2.79272e-08
19220	2.76888e-08
19230	2.74525e-08
19240	2.72184e-08
19250	2.69861e-08
19260	2.67558e-08
19270	2.65277e-08
19280	2.63014e-08
19290	2.60771e-08
19300	2.58549e-08
19310	2.56345e-08
19320	2.54159e-08
19330	2.51992e-08
19340	2.49846e-08
19350	2.47716e-08
19360	2.45604e-08
19370	2.43513e-08
19380	2.41438e-08
19390	2.39381e-08
19400	2.37343e-08
19410	2.35321e-08
19420	2.33317e-08
19430	2.31331e-08
19440	2.29362e-08
19450	2.27409e-08
19460	2.25474e-08
19470	2.23555e-08
19480	2.21653e-08
19490	2.19767e-08
19500	2.17897e-08
19510	2.16044e-08
19520	2.14206e-08
19530	2.12384e-08
19540	2.10578e-08
19550	2.08787e-08
19560	2.07012e-08
19570	2.05253e-08
19580	2.03508e-08
19590	2.01779e-08
19600	2.00064e-08
19610	1.98364e-08
19620	1.96679e-08
19630	1.95008e-08
19640	1.93352e-08
19650	1.91709e-08
19660	1.90081e-08
19670	1.88467e-08
19680	1.86867e-08
19690	1.8528e-08
19700	1.83708e-08
19710	1.82148e-08
19720	1.80602e-08
19730	1.7907e-08
19740	1.7755e-08
19750	1.76043e-08
19760	1.74551e-08
19770	1.7307e-08
19780	1.71602e-08
19790	1.70147e-08
19800	1.68705e-08
19810	1.67274e-08
19820	1.65856e-08
19830	1.6445e-08
19840	1.63056e-08
19850	1.61673e-08
19860	1.60304e-08
19870	1.58945e-08
19880	1.57598e-08
19890	1.56264e-08
19900	1.5494e-08
19910	1.53627e-08
19920	1.52326e-08
19930	1.51037e-08
19940	1.49758e-08
19950	1.4849e-08
19960	1.47234e-08
19970	1.45987e-08
19980	1.44751e-08
19990	1.43527e-08
