10	0
20	0
30	0
40	0
50	0
60	0
70	0
80	0
90	0
100	0
110	0
120	0
130	0
140	0
150	0
160	0
170	0
180	0
190	0
200	0
210	0
220	0
230	0
240	0
250	0
260	0
270	0
280	0
290	0
300	0
310	0
320	0
330	0
340	0
350	0
360	0
370	0
380	0
390	0
400	0
410	0
420	0
430	0
440	0
450	0
460	0
470	0
480	0
490	0
500	0
510	0
520	0
530	0
540	0
550	0
560	0
570	0
580	0
590	0
600	0
610	0
620	0
630	0
640	0
650	0
660	0
670	0
680	0
690	0
700	0
710	0
720	0
730	0
740	0
750	0
760	0
770	0
780	0
790	0
800	0
810	0
820	0
830	0
840	0
850	0
860	0
870	0
880	0
890	0
900	0
910	0
920	0
930	0
940	0
950	0
960	0
970	0
980	0
990	0
1000	0
1010	12424.1
1020	23121.2
1030	32276.4
1040	40059.7
1050	46620.8
1060	52095.2
1070	56604.3
1080	60257.7
1090	63153.6
1100	65380.5
1110	67019.1
1120	68140.6
1130	68812
1140	69089.4
1150	69027.1
1160	68668
1170	68054.8
1180	67226.5
1190	66211.2
1200	65042.7
1210	63741.6
1220	62333.5
1230	60838.4
1240	59276.5
1250	57659.2
1260	56004.1
1270	54320.8
1280	52622.2
1290	50916.9
1300	49214.2
1310	47521.7
1320	45845.7
1330	44191.2
1340	42562.8
1350	40964.1
1360	39398.1
1370	37866.1
1380	36372.5
1390	34917.7
1400	33502.9
1410	32128.7
1420	30795.8
1430	29504.3
1440	28253.5
1450	27046
1460	25878.1
1470	24752.2
1480	23666
1490	22619.7
1500	21612.4
1510	20643.8
1520	19712.9
1530	18819.1
1540	17960.9
1550	17138.1
1560	16349.2
1570	15592.7
1580	14868.1
1590	14174.7
1600	13510.5
1610	12875.5
1620	12267.8
1630	11687.1
1640	11131.6
1650	10601.2
1660	10094.1
1670	9610.13
1680	9147.71
1690	8706.52
1700	8285.42
1710	7883.47
1720	7500.14
1730	7134.5
1740	6785.92
1750	6453.72
1760	6137.14
1770	5835.53
1780	5548.24
1790	5274.65
1800	5014.22
1810	4766.2
1820	4530.09
1830	4305.37
1840	4091.5
1850	3887.99
1860	3694.49
1870	3510.28
1880	3335.05
1890	3168.38
1900	3009.86
1910	2859.11
1920	2715.76
1930	2579.45
1940	2449.93
1950	2326.72
1960	2209.58
1970	2098.24
1980	1992.43
1990	1891.84
2000	1796.24
2010	1705.41
2020	1619.1
2030	1537.11
2040	1459.22
2050	1385.24
2060	1314.97
2070	1248.24
2080	1184.86
2090	1124.65
2100	1067.5
2110	1013.23
2120	961.697
2130	912.769
2140	866.314
2150	822.209
2160	780.313
2170	740.56
2180	702.82
2190	666.994
2200	632.983
2210	600.678
2220	570.031
2230	540.939
2240	513.323
2250	487.11
2260	462.227
2270	438.608
2280	416.189
2290	394.909
2300	374.706
2310	355.54
2320	337.345
2330	320.076
2340	303.689
2350	288.138
2360	273.383
2370	259.382
2380	246.096
2390	233.491
2400	221.531
2410	210.181
2420	199.415
2430	189.2
2440	179.505
2450	170.31
2460	161.582
2470	153.305
2480	145.452
2490	137.998
2500	130.929
2510	124.219
2520	117.856
2530	111.82
2540	106.089
2550	100.655
2560	95.497
2570	90.6058
2580	85.9626
2590	81.5597
2600	77.3822
2610	73.4166
2620	69.6561
2630	66.0879
2640	62.7011
2650	59.489
2660	56.4411
2670	53.5487
2680	50.8049
2690	48.2016
2700	45.7314
2710	43.3879
2720	41.1647
2730	39.0554
2740	37.0545
2750	35.1562
2760	33.3554
2770	31.6468
2780	30.0258
2790	28.4883
2800	27.0294
2810	25.6456
2820	24.3325
2830	23.0867
2840	21.9052
2850	20.7839
2860	19.7205
2870	18.7113
2880	17.7538
2890	16.8457
2900	15.9839
2910	15.1662
2920	14.3908
2930	13.6548
2940	12.9568
2950	12.2942
2960	11.6656
2970	11.0695
2980	10.5036
2990	9.96674
3000	9.45756
3010	8.97422
3020	8.51562
3030	8.08067
3040	7.66779
3050	7.27618
3060	6.90446
3070	6.55185
3080	6.21717
3090	5.89961
3100	5.59834
3110	5.31243
3120	5.04115
3130	4.78372
3140	4.53945
3150	4.30769
3160	4.08776
3170	3.87909
3180	3.68109
3190	3.49321
3200	3.31496
3210	3.14581
3220	2.9853
3230	2.833
3240	2.68851
3250	2.55138
3260	2.42126
3270	2.29779
3280	2.18063
3290	2.06947
3300	1.96397
3310	1.86386
3320	1.76886
3330	1.67872
3340	1.5932
3350	1.51202
3360	1.43499
3370	1.36189
3380	1.29252
3390	1.22669
3400	1.16424
3410	1.10495
3420	1.04869
3430	0.995303
3440	0.944635
3450	0.89655
3460	0.850934
3470	0.807627
3480	0.766527
3490	0.727521
3500	0.690503
3510	0.655384
3520	0.622041
3530	0.590396
3540	0.560363
3550	0.53186
3560	0.504815
3570	0.479139
3580	0.454771
3590	0.431646
3600	0.409695
3610	0.388861
3620	0.369088
3630	0.350321
3640	0.332509
3650	0.315603
3660	0.299559
3670	0.284331
3680	0.269878
3690	0.256161
3700	0.243142
3710	0.230785
3720	0.219058
3730	0.207927
3740	0.197362
3750	0.187335
3760	0.177818
3770	0.168785
3780	0.160211
3790	0.152074
3800	0.14435
3810	0.137019
3820	0.130061
3830	0.123457
3840	0.117188
3850	0.111238
3860	0.105591
3870	0.100231
3880	0.0951427
3890	0.0903133
3900	0.0857293
3910	0.0813782
3920	0.0772492
3930	0.073329
3940	0.069608
3950	0.066076
3960	0.0627234
3970	0.059541
3980	0.0565203
3990	0.0536521
4000	0.0509312
4010	0.0483477
4020	0.0458953
4030	0.0435674
4040	0.0413576
4050	0.0392601
4060	0.0372689
4070	0.0353788
4080	0.0335847
4090	0.0318815
4100	0.0302648
4110	0.0287301
4120	0.0272732
4130	0.0258903
4140	0.0245774
4150	0.0233312
4160	0.0221484
4170	0.0210253
4180	0.0199592
4190	0.0189472
4200	0.0179865
4210	0.0170745
4220	0.0162087
4230	0.0153869
4240	0.0146068
4250	0.0138662
4260	0.0131632
4270	0.0124959
4280	0.0118624
4290	0.011261
4300	0.0106902
4310	0.0101483
4320	0.00963387
4330	0.00914551
4340	0.00868195
4350	0.00824189
4360	0.00782414
4370	0.00742758
4380	0.00705112
4390	0.00669376
4400	0.00635451
4410	0.00603246
4420	0.00572674
4430	0.0054365
4440	0.00516099
4450	0.00489945
4460	0.00465117
4470	0.00441548
4480	0.00419173
4490	0.00397932
4500	0.00377769
4510	0.00358627
4520	0.00340452
4530	0.00323202
4540	0.00306826
4550	0.0029128
4560	0.00276521
4570	0.00262511
4580	0.00249211
4590	0.00236584
4600	0.00224596
4610	0.00213217
4620	0.00202414
4630	0.00192159
4640	0.00182424
4650	0.00173182
4660	0.00164408
4670	0.00156077
4680	0.0014817
4690	0.00140663
4700	0.00133537
4710	0.00126772
4720	0.00120349
4730	0.00114252
4740	0.00108464
4750	0.00102968
4760	0.000977517
4770	0.000927991
4780	0.000880974
4790	0.000836331
4800	0.000793957
4810	0.00075373
4820	0.000715539
4830	0.000679283
4840	0.000644863
4850	0.000612187
4860	0.000581165
4870	0.000551715
4880	0.000523757
4890	0.000497214
4900	0.000472017
4910	0.000448096
4920	0.000425387
4930	0.000403829
4940	0.000383363
4950	0.000363935
4960	0.00034549
4970	0.000327981
4980	0.000311358
4990	0.000295578
5000	0.000280598
5010	0.000266376
5020	0.000252875
5030	0.000240059
5040	0.000227891
5050	0.000216341
5060	0.000205376
5070	0.000194966
5080	0.000185084
5090	0.000175702
5100	0.000166796
5110	0.000158342
5120	0.000150315
5130	0.000142696
5140	0.000135463
5150	0.000128596
5160	0.000122077
5170	0.000115888
5180	0.000110014
5190	0.000104437
5200	9.9142e-05
5210	9.4116e-05
5220	8.93447e-05
5230	8.48152e-05
5240	8.0515e-05
5250	7.6433e-05
5260	7.2558e-05
5270	6.88793e-05
5280	6.53871e-05
5290	6.20715e-05
5300	5.89244e-05
5310	5.59368e-05
5320	5.31006e-05
5330	5.04078e-05
5340	4.78519e-05
5350	4.54255e-05
5360	4.31217e-05
5370	4.09351e-05
5380	3.88593e-05
5390	3.68888e-05
5400	3.50178e-05
5410	3.3242e-05
5420	3.15562e-05
5430	2.99559e-05
5440	2.84366e-05
5450	2.69942e-05
5460	2.56251e-05
5470	2.43254e-05
5480	2.30917e-05
5490	2.19204e-05
5500	2.08084e-05
5510	1.97529e-05
5520	1.87509e-05
5530	1.77997e-05
5540	1.68967e-05
5550	1.60394e-05
5560	1.52257e-05
5570	1.44533e-05
5580	1.372e-05
5590	1.30238e-05
5600	1.2363e-05
5610	1.17356e-05
5620	1.11401e-05
5630	1.05748e-05
5640	1.00382e-05
5650	9.52873e-06
5660	9.04514e-06
5670	8.58607e-06
5680	8.15029e-06
5690	7.73661e-06
5700	7.34392e-06
5710	6.97115e-06
5720	6.61729e-06
5730	6.28139e-06
5740	5.96252e-06
5750	5.65984e-06
5760	5.37251e-06
5770	5.09976e-06
5780	4.84085e-06
5790	4.59508e-06
5800	4.36178e-06
5810	4.14032e-06
5820	3.9301e-06
5830	3.73054e-06
5840	3.54111e-06
5850	3.3613e-06
5860	3.19061e-06
5870	3.02859e-06
5880	2.87479e-06
5890	2.72879e-06
5900	2.5902e-06
5910	2.45865e-06
5920	2.33378e-06
5930	2.21525e-06
5940	2.10273e-06
5950	1.99592e-06
5960	1.89454e-06
5970	1.7983e-06
5980	1.70695e-06
5990	1.62024e-06
6000	1.53793e-06
6010	1.4598e-06
6020	1.38563e-06
6030	1.31524e-06
6040	1.24841e-06
6050	1.18498e-06
6060	1.12477e-06
6070	1.06762e-06
6080	1.01337e-06
6090	9.61879e-07
6100	9.12997e-07
6110	8.66602e-07
6120	8.22563e-07
6130	7.80757e-07
6140	7.41078e-07
6150	7.03412e-07
6160	6.67661e-07
6170	6.33727e-07
6180	6.01514e-07
6190	5.7094e-07
6200	5.41919e-07
6210	5.1437e-07
6220	4.88223e-07
6230	4.63404e-07
6240	4.39844e-07
6250	4.17483e-07
6260	3.96259e-07
6270	3.76111e-07
6280	3.56988e-07
6290	3.38838e-07
6300	3.21607e-07
6310	3.05255e-07
6320	2.89731e-07
6330	2.74998e-07
6340	2.61014e-07
6350	2.4774e-07
6360	2.3514e-07
6370	2.23182e-07
6380	2.11831e-07
6390	2.01056e-07
6400	1.9083e-07
6410	1.81123e-07
6420	1.71909e-07
6430	1.63165e-07
6440	1.54864e-07
6450	1.46986e-07
6460	1.39508e-07
6470	1.3241e-07
6480	1.25674e-07
6490	1.19279e-07
6500	1.1321e-07
6510	1.07449e-07
6520	1.01981e-07
6530	9.67918e-08
6540	9.1866e-08
6550	8.71907e-08
6560	8.27532e-08
6570	7.85414e-08
6580	7.45438e-08
6590	7.07495e-08
6600	6.71482e-08
6610	6.37302e-08
6620	6.0486e-08
6630	5.74068e-08
6640	5.44843e-08
6650	5.17105e-08
6660	4.90779e-08
6670	4.65791e-08
6680	4.42076e-08
6690	4.19567e-08
6700	3.98203e-08
6710	3.77926e-08
6720	3.58682e-08
6730	3.40416e-08
6740	3.23081e-08
6750	3.06627e-08
6760	2.91011e-08
6770	2.7619e-08
6780	2.62123e-08
6790	2.48772e-08
6800	2.36101e-08
6810	2.24074e-08
6820	2.1266e-08
6830	2.01828e-08
6840	1.91546e-08
6850	1.81788e-08
6860	1.72527e-08
6870	1.63737e-08
6880	1.55395e-08
6890	1.47477e-08
6900	1.39963e-08
6910	1.32831e-08
6920	1.26063e-08
6930	1.19639e-08
6940	1.13543e-08
6950	1.07756e-08
6960	1.02265e-08
6970	9.70531e-09
6980	9.21068e-09
6990	8.74125e-09
7000	8.29571e-09
7010	7.87288e-09
7020	7.47158e-09
7030	7.09074e-09
7040	6.72928e-09
7050	6.38625e-09
7060	6.06069e-09
7070	5.75171e-09
7080	5.45848e-09
7090	5.18019e-09
7100	4.91608e-09
7110	4.66542e-09
7120	4.42754e-09
7130	4.20179e-09
7140	3.98753e-09
7150	3.7842e-09
7160	3.59122e-09
7170	3.40808e-09
7180	3.23427e-09
7190	3.06933e-09
7200	2.91279e-09
7210	2.76423e-09
7220	2.62324e-09
7230	2.48944e-09
7240	2.36247e-09
7250	2.24195e-09
7260	2.12759e-09
7270	2.01906e-09
7280	1.91606e-09
7290	1.81831e-09
7300	1.72555e-09
7310	1.63751e-09
7320	1.55396e-09
7330	1.47468e-09
7340	1.39943e-09
7350	1.32803e-09
7360	1.26027e-09
7370	1.19595e-09
7380	1.13493e-09
7390	1.07701e-09
7400	1.02205e-09
7410	9.69884e-10
7420	9.20386e-10
7430	8.73413e-10
7440	8.28832e-10
7450	7.86529e-10
7460	7.46383e-10
7470	7.08282e-10
7480	6.72128e-10
7490	6.37816e-10
7500	6.05256e-10
7510	5.74357e-10
7520	5.45033e-10
7530	5.17207e-10
7540	4.908e-10
7550	4.6574e-10
7560	4.4196e-10
7570	4.19392e-10
7580	3.97976e-10
7590	3.77653e-10
7600	3.58368e-10
7610	3.40066e-10
7620	3.22699e-10
7630	3.06218e-10
7640	2.90578e-10
7650	2.75736e-10
7660	2.61652e-10
7670	2.48287e-10
7680	2.35605e-10
7690	2.2357e-10
7700	2.12149e-10
7710	2.01311e-10
7720	1.91027e-10
7730	1.81268e-10
7740	1.72007e-10
7750	1.63219e-10
7760	1.54879e-10
7770	1.46966e-10
7780	1.39456e-10
7790	1.32331e-10
7800	1.25569e-10
7810	1.19152e-10
7820	1.13063e-10
7830	1.07285e-10
7840	1.01802e-10
7850	9.65994e-11
7860	9.16624e-11
7870	8.69775e-11
7880	8.2532e-11
7890	7.83135e-11
7900	7.43105e-11
7910	7.05121e-11
7920	6.69077e-11
7930	6.34874e-11
7940	6.02419e-11
7950	5.71622e-11
7960	5.42399e-11
7970	5.14668e-11
7980	4.88355e-11
7990	4.63386e-11
8000	4.39694e-11
8010	4.17212e-11
8020	3.95879e-11
8030	3.75636e-11
8040	3.56427e-11
8050	3.38201e-11
8060	3.20906e-11
8070	3.04494e-11
8080	2.88922e-11
8090	2.74146e-11
8100	2.60125e-11
8110	2.4682e-11
8120	2.34196e-11
8130	2.22217e-11
8140	2.10851e-11
8150	2.00065e-11
8160	1.89831e-11
8170	1.80121e-11
8180	1.70906e-11
8190	1.62163e-11
8200	1.53867e-11
8210	1.45995e-11
8220	1.38526e-11
8230	1.31438e-11
8240	1.24713e-11
8250	1.18332e-11
8260	1.12277e-11
8270	1.06532e-11
8280	1.01081e-11
8290	9.59086e-12
8300	9.10006e-12
8310	8.63437e-12
8320	8.19249e-12
8330	7.77323e-12
8340	7.37539e-12
8350	6.99793e-12
8360	6.63975e-12
8370	6.29992e-12
8380	5.97745e-12
8390	5.6715e-12
8400	5.38118e-12
8410	5.10572e-12
8420	4.84437e-12
8430	4.59637e-12
8440	4.36108e-12
8450	4.13781e-12
8460	3.92598e-12
8470	3.72497e-12
8480	3.53427e-12
8490	3.35331e-12
8500	3.18162e-12
8510	3.01872e-12
8520	2.86414e-12
8530	2.71749e-12
8540	2.57833e-12
8550	2.44631e-12
8560	2.32103e-12
8570	2.20217e-12
8580	2.08939e-12
8590	1.98239e-12
8600	1.88086e-12
8610	1.78453e-12
8620	1.69313e-12
8630	1.60641e-12
8640	1.52413e-12
8650	1.44606e-12
8660	1.37199e-12
8670	1.30171e-12
8680	1.23503e-12
8690	1.17176e-12
8700	1.11173e-12
8710	1.05478e-12
8720	1.00074e-12
8730	9.49472e-13
8740	9.00826e-13
8750	8.54672e-13
8760	8.10881e-13
8770	7.69333e-13
8780	7.29912e-13
8790	6.92511e-13
8800	6.57025e-13
8810	6.23356e-13
8820	5.91412e-13
8830	5.61104e-13
8840	5.32348e-13
8850	5.05066e-13
8860	4.79181e-13
8870	4.54622e-13
8880	4.31321e-13
8890	4.09213e-13
8900	3.88239e-13
8910	3.68338e-13
8920	3.49458e-13
8930	3.31545e-13
8940	3.14549e-13
8950	2.98425e-13
8960	2.83126e-13
8970	2.68612e-13
8980	2.54841e-13
8990	2.41776e-13
9000	2.2938e-13
9010	2.1762e-13
9020	2.06462e-13
9030	1.95876e-13
9040	1.85833e-13
9050	1.76304e-13
9060	1.67264e-13
9070	1.58687e-13
9080	1.5055e-13
9090	1.42829e-13
9100	1.35505e-13
9110	1.28556e-13
9120	1.21963e-13
9130	1.15708e-13
9140	1.09774e-13
9150	1.04144e-13
9160	9.88023e-14
9170	9.37347e-14
9180	8.89269e-14
9190	8.43656e-14
9200	8.00382e-14
9210	7.59326e-14
9220	7.20375e-14
9230	6.83422e-14
9240	6.48363e-14
9250	6.15102e-14
9260	5.83546e-14
9270	5.53609e-14
9280	5.25207e-14
9290	4.98261e-14
9300	4.72697e-14
9310	4.48445e-14
9320	4.25436e-14
9330	4.03607e-14
9340	3.82897e-14
9350	3.6325e-14
9360	3.4461e-14
9370	3.26927e-14
9380	3.1015e-14
9390	2.94234e-14
9400	2.79135e-14
9410	2.6481e-14
9420	2.5122e-14
9430	2.38327e-14
9440	2.26095e-14
9450	2.14491e-14
9460	2.03482e-14
9470	1.93038e-14
9480	1.8313e-14
9490	1.7373e-14
9500	1.64813e-14
9510	1.56353e-14
9520	1.48327e-14
9530	1.40713e-14
9540	1.3349e-14
9550	1.26637e-14
9560	1.20136e-14
9570	1.13968e-14
9580	1.08117e-14
9590	1.02566e-14
9600	9.73006e-15
9610	9.2305e-15
9620	8.75657e-15
9630	8.30698e-15
9640	7.88045e-15
9650	7.47582e-15
9660	7.09195e-15
9670	6.72778e-15
9680	6.38231e-15
9690	6.05457e-15
9700	5.74365e-15
9710	5.4487e-15
9720	5.16888e-15
9730	4.90343e-15
9740	4.65161e-15
9750	4.41272e-15
9760	4.18608e-15
9770	3.97108e-15
9780	3.76713e-15
9790	3.57364e-15
9800	3.39009e-15
9810	3.21596e-15
9820	3.05077e-15
9830	2.89406e-15
9840	2.7454e-15
9850	2.60437e-15
9860	2.47059e-15
9870	2.34367e-15
9880	2.22327e-15
9890	2.10906e-15
9900	2.00071e-15
9910	1.89792e-15
9920	1.80041e-15
9930	1.70791e-15
9940	1.62016e-15
9950	1.53692e-15
9960	1.45796e-15
9970	1.38304e-15
9980	1.31198e-15
9990	1.24456e-15
10000	1.18061e-15
10010	1.11995e-15
10020	1.0624e-15
10030	1.0078e-15
10040	9.56012e-16
10050	9.06884e-16
10060	8.60278e-16
10070	8.16067e-16
10080	7.74127e-16
10090	7.34342e-16
10100	6.966e-16
10110	6.60797e-16
10120	6.26834e-16
10130	5.94615e-16
10140	5.64053e-16
10150	5.3506e-16
10160	5.07557e-16
10170	4.81467e-16
10180	4.56718e-16
10190	4.33241e-16
10200	4.1097e-16
10210	3.89843e-16
10220	3.69802e-16
10230	3.50791e-16
10240	3.32757e-16
10250	3.15649e-16
10260	2.99421e-16
10270	2.84027e-16
10280	2.69424e-16
10290	2.55571e-16
10300	2.42431e-16
10310	2.29966e-16
10320	2.18141e-16
10330	2.06925e-16
10340	1.96285e-16
10350	1.86191e-16
10360	1.76617e-16
10370	1.67535e-16
10380	1.58919e-16
10390	1.50747e-16
10400	1.42995e-16
10410	1.35641e-16
10420	1.28665e-16
10430	1.22048e-16
10440	1.15771e-16
10450	1.09817e-16
10460	1.04169e-16
10470	9.88111e-17
10480	9.37288e-17
10490	8.89079e-17
10500	8.43349e-17
10510	7.9997e-17
10520	7.58821e-17
10530	7.19788e-17
10540	6.82763e-17
10550	6.47641e-17
10560	6.14325e-17
10570	5.82723e-17
10580	5.52746e-17
10590	5.2431e-17
10600	4.97337e-17
10610	4.71751e-17
10620	4.4748e-17
10630	4.24458e-17
10640	4.0262e-17
10650	3.81906e-17
10660	3.62256e-17
10670	3.43618e-17
10680	3.25937e-17
10690	3.09167e-17
10700	2.93259e-17
10710	2.78169e-17
10720	2.63855e-17
10730	2.50278e-17
10740	2.37399e-17
10750	2.25183e-17
10760	2.13595e-17
10770	2.02603e-17
10780	1.92177e-17
10790	1.82287e-17
10800	1.72906e-17
10810	1.64007e-17
10820	1.55566e-17
10830	1.4756e-17
10840	1.39965e-17
10850	1.32762e-17
10860	1.25928e-17
10870	1.19447e-17
10880	1.13299e-17
10890	1.07467e-17
10900	1.01936e-17
10910	9.66885e-18
10920	9.17115e-18
10930	8.69906e-18
10940	8.25127e-18
10950	7.82652e-18
10960	7.42362e-18
10970	7.04146e-18
10980	6.67897e-18
10990	6.33513e-18
11000	6.00899e-18
11010	5.69963e-18
11020	5.4062e-18
11030	5.12786e-18
11040	4.86385e-18
11050	4.61344e-18
11060	4.3759e-18
11070	4.1506e-18
11080	3.93689e-18
11090	3.73418e-18
11100	3.54191e-18
11110	3.35953e-18
11120	3.18654e-18
11130	3.02246e-18
11140	2.86682e-18
11150	2.7192e-18
11160	2.57917e-18
11170	2.44636e-18
11180	2.32038e-18
11190	2.20088e-18
11200	2.08754e-18
11210	1.98003e-18
11220	1.87806e-18
11230	1.78134e-18
11240	1.6896e-18
11250	1.60258e-18
11260	1.52004e-18
11270	1.44175e-18
11280	1.36749e-18
11290	1.29706e-18
11300	1.23025e-18
11310	1.16688e-18
11320	1.10678e-18
11330	1.04977e-18
11340	9.95696e-19
11350	9.44406e-19
11360	8.95759e-19
11370	8.49616e-19
11380	8.05849e-19
11390	7.64337e-19
11400	7.24962e-19
11410	6.87615e-19
11420	6.52191e-19
11430	6.18592e-19
11440	5.86724e-19
11450	5.56496e-19
11460	5.27826e-19
11470	5.00632e-19
11480	4.74839e-19
11490	4.50374e-19
11500	4.27169e-19
11510	4.0516e-19
11520	3.84285e-19
11530	3.64484e-19
11540	3.45703e-19
11550	3.27891e-19
11560	3.10995e-19
11570	2.9497e-19
11580	2.79771e-19
11590	2.65354e-19
11600	2.5168e-19
11610	2.38711e-19
11620	2.2641e-19
11630	2.14742e-19
11640	2.03675e-19
11650	1.93179e-19
11660	1.83224e-19
11670	1.73781e-19
11680	1.64825e-19
11690	1.5633e-19
11700	1.48273e-19
11710	1.40631e-19
11720	1.33383e-19
11730	1.26508e-19
11740	1.19988e-19
11750	1.13804e-19
11760	1.07938e-19
11770	1.02374e-19
11780	9.70973e-20
11790	9.20924e-20
11800	8.73454e-20
11810	8.2843e-20
11820	7.85726e-20
11830	7.45223e-20
11840	7.06807e-20
11850	6.70371e-20
11860	6.35813e-20
11870	6.03036e-20
11880	5.71948e-20
11890	5.42462e-20
11900	5.14496e-20
11910	4.87971e-20
11920	4.62813e-20
11930	4.38953e-20
11940	4.16322e-20
11950	3.94857e-20
11960	3.74499e-20
11970	3.5519e-20
11980	3.36876e-20
11990	3.19507e-20
12000	3.03033e-20
12010	2.87408e-20
12020	2.72588e-20
12030	2.58533e-20
12040	2.45202e-20
12050	2.32558e-20
12060	2.20566e-20
12070	2.09192e-20
12080	1.98405e-20
12090	1.88173e-20
12100	1.78469e-20
12110	1.69266e-20
12120	1.60537e-20
12130	1.52258e-20
12140	1.44406e-20
12150	1.36959e-20
12160	1.29895e-20
12170	1.23196e-20
12180	1.16842e-20
12190	1.10816e-20
12200	1.05101e-20
12210	9.96801e-21
12220	9.45389e-21
12230	8.96628e-21
12240	8.50381e-21
12250	8.0652e-21
12260	7.6492e-21
12270	7.25465e-21
12280	6.88044e-21
12290	6.52554e-21
12300	6.18894e-21
12310	5.86969e-21
12320	5.56691e-21
12330	5.27974e-21
12340	5.00739e-21
12350	4.74908e-21
12360	4.50409e-21
12370	4.27174e-21
12380	4.05137e-21
12390	3.84236e-21
12400	3.64414e-21
12410	3.45614e-21
12420	3.27783e-21
12430	3.10872e-21
12440	2.94834e-21
12450	2.79623e-21
12460	2.65196e-21
12470	2.51514e-21
12480	2.38537e-21
12490	2.26229e-21
12500	2.14557e-21
12510	2.03487e-21
12520	1.92987e-21
12530	1.83029e-21
12540	1.73585e-21
12550	1.64629e-21
12560	1.56134e-21
12570	1.48077e-21
12580	1.40436e-21
12590	1.33189e-21
12600	1.26317e-21
12610	1.19798e-21
12620	1.13616e-21
12630	1.07753e-21
12640	1.02192e-21
12650	9.69188e-22
12660	9.19171e-22
12670	8.71736e-22
12680	8.26748e-22
12690	7.84081e-22
12700	7.43615e-22
12710	7.05237e-22
12720	6.6884e-22
12730	6.34321e-22
12740	6.01582e-22
12750	5.70534e-22
12760	5.41087e-22
12770	5.1316e-22
12780	4.86673e-22
12790	4.61554e-22
12800	4.37731e-22
12810	4.15137e-22
12820	3.93709e-22
12830	3.73387e-22
12840	3.54114e-22
12850	3.35835e-22
12860	3.18499e-22
12870	3.02059e-22
12880	2.86466e-22
12890	2.71679e-22
12900	2.57654e-22
12910	2.44354e-22
12920	2.31739e-22
12930	2.19776e-22
12940	2.08431e-22
12950	1.9767e-22
12960	1.87466e-22
12970	1.77788e-22
12980	1.68609e-22
12990	1.59904e-22
13000	1.51649e-22
13010	1.4382e-22
13020	1.36394e-22
13030	1.29352e-22
13040	1.22674e-22
13050	1.1634e-22
13060	1.10334e-22
13070	1.04637e-22
13080	9.92342e-23
13090	9.41104e-23
13100	8.92512e-23
13110	8.46428e-23
13120	8.02723e-23
13130	7.61275e-23
13140	7.21965e-23
13150	6.84686e-23
13160	6.49331e-23
13170	6.15801e-23
13180	5.84002e-23
13190	5.53845e-23
13200	5.25245e-23
13210	4.98121e-23
13220	4.72398e-23
13230	4.48003e-23
13240	4.24867e-23
13250	4.02927e-23
13260	3.82118e-23
13270	3.62384e-23
13280	3.43669e-23
13290	3.25921e-23
13300	3.09089e-23
13310	2.93126e-23
13320	2.77987e-23
13330	2.6363e-23
13340	2.50014e-23
13350	2.37101e-23
13360	2.24855e-23
13370	2.13242e-23
13380	2.02228e-23
13390	1.91783e-23
13400	1.81877e-23
13410	1.72483e-23
13420	1.63574e-23
13430	1.55125e-23
13440	1.47112e-23
13450	1.39514e-23
13460	1.32307e-23
13470	1.25473e-23
13480	1.18992e-23
13490	1.12845e-23
13500	1.07016e-23
13510	1.01488e-23
13520	9.62451e-24
13530	9.12734e-24
13540	8.65583e-24
13550	8.20868e-24
13560	7.78463e-24
13570	7.38247e-24
13580	7.00109e-24
13590	6.6394e-24
13600	6.2964e-24
13610	5.97111e-24
13620	5.66263e-24
13630	5.37008e-24
13640	5.09264e-24
13650	4.82953e-24
13660	4.58001e-24
13670	4.34338e-24
13680	4.11898e-24
13690	3.90616e-24
13700	3.70434e-24
13710	3.51295e-24
13720	3.33144e-24
13730	3.15931e-24
13740	2.99607e-24
13750	2.84126e-24
13760	2.69445e-24
13770	2.55523e-24
13780	2.42319e-24
13790	2.29798e-24
13800	2.17924e-24
13810	2.06663e-24
13820	1.95984e-24
13830	1.85857e-24
13840	1.76253e-24
13850	1.67145e-24
13860	1.58507e-24
13870	1.50316e-24
13880	1.42548e-24
13890	1.35182e-24
13900	1.28196e-24
13910	1.21571e-24
13920	1.15288e-24
13930	1.0933e-24
13940	1.0368e-24
13950	9.83219e-25
13960	9.32406e-25
13970	8.84217e-25
13980	8.38519e-25
13990	7.95183e-25
14000	7.54085e-25
14010	7.15111e-25
14020	6.78152e-25
14030	6.43102e-25
14040	6.09863e-25
14050	5.78342e-25
14060	5.4845e-25
14070	5.20102e-25
14080	4.9322e-25
14090	4.67726e-25
14100	4.4355e-25
14110	4.20624e-25
14120	3.98882e-25
14130	3.78264e-25
14140	3.58712e-25
14150	3.4017e-25
14160	3.22586e-25
14170	3.05911e-25
14180	2.90098e-25
14190	2.75102e-25
14200	2.60881e-25
14210	2.47395e-25
14220	2.34607e-25
14230	2.22479e-25
14240	2.10978e-25
14250	2.00071e-25
14260	1.89728e-25
14270	1.7992e-25
14280	1.70619e-25
14290	1.61798e-25
14300	1.53433e-25
14310	1.45501e-25
14320	1.37979e-25
14330	1.30846e-25
14340	1.24081e-25
14350	1.17666e-25
14360	1.11582e-25
14370	1.05814e-25
14380	1.00343e-25
14390	9.51548e-26
14400	9.02351e-26
14410	8.55696e-26
14420	8.11454e-26
14430	7.69498e-26
14440	7.29712e-26
14450	6.91982e-26
14460	6.56203e-26
14470	6.22273e-26
14480	5.90098e-26
14490	5.59586e-26
14500	5.30651e-26
14510	5.03212e-26
14520	4.77192e-26
14530	4.52517e-26
14540	4.29118e-26
14550	4.06928e-26
14560	3.85886e-26
14570	3.65931e-26
14580	3.47009e-26
14590	3.29064e-26
14600	3.12048e-26
14610	2.95911e-26
14620	2.80609e-26
14630	2.66097e-26
14640	2.52337e-26
14650	2.39287e-26
14660	2.26912e-26
14670	2.15178e-26
14680	2.0405e-26
14690	1.93497e-26
14700	1.8349e-26
14710	1.74e-26
14720	1.65002e-26
14730	1.56468e-26
14740	1.48376e-26
14750	1.40702e-26
14760	1.33425e-26
14770	1.26524e-26
14780	1.1998e-26
14790	1.13775e-26
14800	1.0789e-26
14810	1.0231e-26
14820	9.70185e-27
14830	9.20005e-27
14840	8.72419e-27
14850	8.27295e-27
14860	7.84504e-27
14870	7.43927e-27
14880	7.05447e-27
14890	6.68958e-27
14900	6.34356e-27
14910	6.01543e-27
14920	5.70428e-27
14930	5.40921e-27
14940	5.12941e-27
14950	4.86408e-27
14960	4.61247e-27
14970	4.37387e-27
14980	4.14762e-27
14990	3.93307e-27
15000	3.72961e-27
15010	3.53668e-27
15020	3.35372e-27
15030	3.18023e-27
15040	3.01571e-27
15050	2.8597e-27
15060	2.71176e-27
15070	2.57148e-27
15080	2.43845e-27
15090	2.3123e-27
15100	2.19267e-27
15110	2.07924e-27
15120	1.97167e-27
15130	1.86966e-27
15140	1.77293e-27
15150	1.68121e-27
15160	1.59423e-27
15170	1.51175e-27
15180	1.43354e-27
15190	1.35937e-27
15200	1.28904e-27
15210	1.22234e-27
15220	1.1591e-27
15230	1.09913e-27
15240	1.04226e-27
15250	9.88334e-28
15260	9.37197e-28
15270	8.88706e-28
15280	8.42723e-28
15290	7.99119e-28
15300	7.57771e-28
15310	7.18561e-28
15320	6.81381e-28
15330	6.46124e-28
15340	6.12691e-28
15350	5.80988e-28
15360	5.50925e-28
15370	5.22417e-28
15380	4.95384e-28
15390	4.6975e-28
15400	4.45442e-28
15410	4.22392e-28
15420	4.00535e-28
15430	3.79808e-28
15440	3.60154e-28
15450	3.41516e-28
15460	3.23843e-28
15470	3.07085e-28
15480	2.91193e-28
15490	2.76124e-28
15500	2.61835e-28
15510	2.48285e-28
15520	2.35435e-28
15530	2.23251e-28
15540	2.11698e-28
15550	2.00742e-28
15560	1.90353e-28
15570	1.80502e-28
15580	1.7116e-28
15590	1.62302e-28
15600	1.53902e-28
15610	1.45937e-28
15620	1.38384e-28
15630	1.31222e-28
15640	1.2443e-28
15650	1.1799e-28
15660	1.11884e-28
15670	1.06093e-28
15680	1.00602e-28
15690	9.53949e-29
15700	9.04574e-29
15710	8.57755e-29
15720	8.13359e-29
15730	7.7126e-29
15740	7.3134e-29
15750	6.93486e-29
15760	6.57591e-29
15770	6.23553e-29
15780	5.91277e-29
15790	5.60672e-29
15800	5.31651e-29
15810	5.04131e-29
15820	4.78036e-29
15830	4.53292e-29
15840	4.29828e-29
15850	4.07578e-29
15860	3.8648e-29
15870	3.66474e-29
15880	3.47504e-29
15890	3.29515e-29
15900	3.12457e-29
15910	2.96283e-29
15920	2.80945e-29
15930	2.66402e-29
15940	2.52611e-29
15950	2.39534e-29
15960	2.27134e-29
15970	2.15375e-29
15980	2.04225e-29
15990	1.93653e-29
16000	1.83628e-29
16010	1.74121e-29
16020	1.65107e-29
16030	1.56559e-29
16040	1.48454e-29
16050	1.40768e-29
16060	1.33481e-29
16070	1.2657e-29
16080	1.20017e-29
16090	1.13804e-29
16100	1.07912e-29
16110	1.02325e-29
16120	9.70269e-30
16130	9.20034e-30
16140	8.724e-30
16150	8.27232e-30
16160	7.84401e-30
16170	7.43789e-30
16180	7.05278e-30
16190	6.68762e-30
16200	6.34135e-30
16210	6.01302e-30
16220	5.70168e-30
16230	5.40646e-30
16240	5.12652e-30
16250	4.86108e-30
16260	4.60938e-30
16270	4.37071e-30
16280	4.1444e-30
16290	3.9298e-30
16300	3.72631e-30
16310	3.53336e-30
16320	3.3504e-30
16330	3.17691e-30
16340	3.01241e-30
16350	2.85642e-30
16360	2.70851e-30
16370	2.56825e-30
16380	2.43526e-30
16390	2.30916e-30
16400	2.18958e-30
16410	2.0762e-30
16420	1.96868e-30
16430	1.86673e-30
16440	1.77006e-30
16450	1.6784e-30
16460	1.59148e-30
16470	1.50907e-30
16480	1.43092e-30
16490	1.35682e-30
16500	1.28655e-30
16510	1.21992e-30
16520	1.15675e-30
16530	1.09684e-30
16540	1.04004e-30
16550	9.86174e-31
16560	9.35101e-31
16570	8.86673e-31
16580	8.40752e-31
16590	7.97209e-31
16600	7.55922e-31
16610	7.16772e-31
16620	6.79649e-31
16630	6.44449e-31
16640	6.11072e-31
16650	5.79424e-31
16660	5.49414e-31
16670	5.20958e-31
16680	4.93976e-31
16690	4.68391e-31
16700	4.44132e-31
16710	4.21128e-31
16720	3.99316e-31
16730	3.78634e-31
16740	3.59022e-31
16750	3.40427e-31
16760	3.22794e-31
16770	3.06075e-31
16780	2.90221e-31
16790	2.75188e-31
16800	2.60935e-31
16810	2.47419e-31
16820	2.34603e-31
16830	2.22451e-31
16840	2.10929e-31
16850	2.00003e-31
16860	1.89643e-31
16870	1.79819e-31
16880	1.70505e-31
16890	1.61673e-31
16900	1.53298e-31
16910	1.45357e-31
16920	1.37828e-31
16930	1.30688e-31
16940	1.23918e-31
16950	1.17499e-31
16960	1.11412e-31
16970	1.05641e-31
16980	1.00168e-31
16990	9.49792e-32
17000	9.0059e-32
17010	8.53936e-32
17020	8.09699e-32
17030	7.67753e-32
17040	7.2798e-32
17050	6.90267e-32
17060	6.54507e-32
17070	6.206e-32
17080	5.88449e-32
17090	5.57964e-32
17100	5.29058e-32
17110	5.01649e-32
17120	4.7566e-32
17130	4.51017e-32
17140	4.27651e-32
17150	4.05495e-32
17160	3.84487e-32
17170	3.64568e-32
17180	3.4568e-32
17190	3.2777e-32
17200	3.10789e-32
17210	2.94687e-32
17220	2.79419e-32
17230	2.64942e-32
17240	2.51215e-32
17250	2.38199e-32
17260	2.25858e-32
17270	2.14156e-32
17280	2.0306e-32
17290	1.92539e-32
17300	1.82563e-32
17310	1.73104e-32
17320	1.64135e-32
17330	1.5563e-32
17340	1.47567e-32
17350	1.39921e-32
17360	1.32671e-32
17370	1.25796e-32
17380	1.19278e-32
17390	1.13098e-32
17400	1.07238e-32
17410	1.01681e-32
17420	9.64123e-33
17430	9.14166e-33
17440	8.66796e-33
17450	8.21882e-33
17460	7.79294e-33
17470	7.38913e-33
17480	7.00624e-33
17490	6.64319e-33
17500	6.29895e-33
17510	5.97254e-33
17520	5.66305e-33
17530	5.36959e-33
17540	5.09134e-33
17550	4.82751e-33
17560	4.57735e-33
17570	4.34015e-33
17580	4.11524e-33
17590	3.90198e-33
17600	3.69977e-33
17610	3.50805e-33
17620	3.32625e-33
17630	3.15388e-33
17640	2.99044e-33
17650	2.83546e-33
17660	2.68852e-33
17670	2.54919e-33
17680	2.41708e-33
17690	2.29182e-33
17700	2.17305e-33
17710	2.06043e-33
17720	1.95365e-33
17730	1.8524e-33
17740	1.7564e-33
17750	1.66537e-33
17760	1.57906e-33
17770	1.49723e-33
17780	1.41963e-33
17790	1.34606e-33
17800	1.27629e-33
17810	1.21015e-33
17820	1.14743e-33
17830	1.08796e-33
17840	1.03157e-33
17850	9.78108e-34
17860	9.27413e-34
17870	8.79347e-34
17880	8.33771e-34
17890	7.90557e-34
17900	7.49582e-34
17910	7.10731e-34
17920	6.73894e-34
17930	6.38965e-34
17940	6.05847e-34
17950	5.74446e-34
17960	5.44671e-34
17970	5.1644e-34
17980	4.89672e-34
17990	4.64291e-34
18000	4.40226e-34
18010	4.17407e-34
18020	3.95772e-34
18030	3.75258e-34
18040	3.55807e-34
18050	3.37364e-34
18060	3.19877e-34
18070	3.03296e-34
18080	2.87575e-34
18090	2.72669e-34
18100	2.58535e-34
18110	2.45134e-34
18120	2.32427e-34
18130	2.20379e-34
18140	2.08955e-34
18150	1.98124e-34
18160	1.87854e-34
18170	1.78116e-34
18180	1.68883e-34
18190	1.60128e-34
18200	1.51828e-34
18210	1.43957e-34
18220	1.36495e-34
18230	1.29419e-34
18240	1.2271e-34
18250	1.16349e-34
18260	1.10317e-34
18270	1.04599e-34
18280	9.91761e-35
18290	9.40348e-35
18300	8.916e-35
18310	8.45379e-35
18320	8.01554e-35
18330	7.6e-35
18340	7.20601e-35
18350	6.83243e-35
18360	6.47822e-35
18370	6.14238e-35
18380	5.82394e-35
18390	5.52201e-35
18400	5.23573e-35
18410	4.9643e-35
18420	4.70693e-35
18430	4.4629e-35
18440	4.23153e-35
18450	4.01215e-35
18460	3.80414e-35
18470	3.60691e-35
18480	3.41991e-35
18490	3.24261e-35
18500	3.07449e-35
18510	2.91509e-35
18520	2.76395e-35
18530	2.62065e-35
18540	2.48478e-35
18550	2.35595e-35
18560	2.2338e-35
18570	2.11799e-35
18580	2.00817e-35
18590	1.90405e-35
18600	1.80533e-35
18610	1.71173e-35
18620	1.62298e-35
18630	1.53883e-35
18640	1.45904e-35
18650	1.38339e-35
18660	1.31166e-35
18670	1.24365e-35
18680	1.17917e-35
18690	1.11803e-35
18700	1.06006e-35
18710	1.00509e-35
18720	9.52977e-36
18730	9.03564e-36
18740	8.56712e-36
18750	8.1229e-36
18760	7.70171e-36
18770	7.30236e-36
18780	6.92371e-36
18790	6.5647e-36
18800	6.2243e-36
18810	5.90155e-36
18820	5.59553e-36
18830	5.30538e-36
18840	5.03028e-36
18850	4.76943e-36
18860	4.52212e-36
18870	4.28762e-36
18880	4.06529e-36
18890	3.85448e-36
18900	3.65461e-36
18910	3.46509e-36
18920	3.28541e-36
18930	3.11504e-36
18940	2.9535e-36
18950	2.80034e-36
18960	2.65513e-36
18970	2.51744e-36
18980	2.38689e-36
18990	2.26311e-36
19000	2.14575e-36
19010	2.03448e-36
19020	1.92897e-36
19030	1.82894e-36
19040	1.73409e-36
19050	1.64416e-36
19060	1.5589e-36
19070	1.47805e-36
19080	1.4014e-36
19090	1.32873e-36
19100	1.25982e-36
19110	1.19448e-36
19120	1.13254e-36
19130	1.0738e-36
19140	1.01811e-36
19150	9.65313e-37
19160	9.1525e-37
19170	8.67784e-37
19180	8.22778e-37
19190	7.80107e-37
19200	7.39649e-37
19210	7.01289e-37
19220	6.64918e-37
19230	6.30433e-37
19240	5.97736e-37
19250	5.66736e-37
19260	5.37343e-37
19270	5.09474e-37
19280	4.8305e-37
19290	4.57997e-37
19300	4.34243e-37
19310	4.11721e-37
19320	3.90367e-37
19330	3.7012e-37
19340	3.50924e-37
19350	3.32723e-37
19360	3.15466e-37
19370	2.99104e-37
19380	2.8359e-37
19390	2.68881e-37
19400	2.54935e-37
19410	2.41712e-37
19420	2.29175e-37
19430	2.17288e-37
19440	2.06018e-37
19450	1.95332e-37
19460	1.85201e-37
19470	1.75595e-37
19480	1.66487e-37
19490	1.57851e-37
19500	1.49664e-37
19510	1.41901e-37
19520	1.3454e-37
19530	1.27562e-37
19540	1.20945e-37
19550	1.14672e-37
19560	1.08724e-37
19570	1.03084e-37
19580	9.77369e-38
19590	9.26671e-38
19600	8.78603e-38
19610	8.33029e-38
19620	7.89818e-38
19630	7.48848e-38
19640	7.10004e-38
19650	6.73174e-38
19660	6.38255e-38
19670	6.05147e-38
19680	5.73756e-38
19690	5.43993e-38
19700	5.15774e-38
19710	4.89019e-38
19720	4.63651e-38
19730	4.396e-38
19740	4.16796e-38
19750	3.95175e-38
19760	3.74675e-38
19770	3.55239e-38
19780	3.36811e-38
19790	3.19338e-38
19800	3.02772e-38
19810	2.87066e-38
19820	2.72174e-38
19830	2.58055e-38
19840	2.44668e-38
19850	2.31975e-38
19860	2.19941e-38
19870	2.08531e-38
19880	1.97713e-38
19890	1.87456e-38
19900	1.77731e-38
19910	1.68511e-38
19920	1.59769e-38
19930	1.5148e-38
19940	1.43622e-38
19950	1.36171e-38
19960	1.29106e-38
19970	1.22408e-38
19980	1.16058e-38
19990	1.10037e-38
