10	8.6913e+14
20	1.53768e+16
30	1.45909e+16
40	1.38013e+16
50	1.30418e+16
60	1.2321e+16
70	1.16378e+16
80	1.09904e+16
90	1.03785e+16
100	9.80071e+15
110	9.25042e+15
120	8.73243e+15
130	8.24241e+15
140	7.77889e+15
150	7.34176e+15
160	6.92852e+15
170	6.53725e+15
180	6.16985e+15
190	5.82063e+15
200	5.49237e+15
210	5.18287e+15
220	4.889e+15
230	4.61279e+15
240	4.35278e+15
250	4.10619e+15
260	3.87324e+15
270	3.65453e+15
280	3.44808e+15
290	3.25261e+15
300	3.06796e+15
310	2.89445e+15
320	2.73087e+15
330	2.57633e+15
340	2.43005e+15
350	2.29215e+15
360	2.16256e+15
370	2.04025e+15
380	1.9248e+15
390	1.81561e+15
400	1.71255e+15
410	1.61554e+15
420	1.52414e+15
430	1.43796e+15
440	1.35662e+15
450	1.2797e+15
460	1.20709e+15
470	1.13866e+15
480	1.07426e+15
490	1.01353e+15
500	9.56246e+14
510	9.02153e+14
520	8.51055e+14
530	8.02824e+14
540	7.57333e+14
550	7.14479e+14
560	6.74098e+14
570	6.36027e+14
580	6.0011e+14
590	5.66204e+14
600	5.34187e+14
610	5.03958e+14
620	4.75435e+14
630	4.48547e+14
640	4.23223e+14
650	3.99338e+14
660	3.76814e+14
670	3.55565e+14
680	3.35511e+14
690	3.16578e+14
700	2.98703e+14
710	2.81834e+14
720	2.65918e+14
730	2.5091e+14
740	2.3677e+14
750	2.2343e+14
760	2.1085e+14
770	1.98983e+14
780	1.87785e+14
790	1.77218e+14
800	1.67247e+14
810	1.57829e+14
820	1.48941e+14
830	1.40554e+14
840	1.3264e+14
850	1.2518e+14
860	1.18146e+14
870	1.11508e+14
880	1.0525e+14
890	9.93426e+13
900	9.37718e+13
910	8.85105e+13
920	8.35445e+13
930	7.88591e+13
940	7.44352e+13
950	7.02581e+13
960	6.63163e+13
970	6.25968e+13
980	5.90882e+13
990	5.57785e+13
1000	5.26562e+13
1010	4.97106e+13
1020	4.69312e+13
1030	4.43066e+13
1040	4.18313e+13
1050	3.9495e+13
1060	3.72894e+13
1070	3.52072e+13
1080	3.32411e+13
1090	3.13848e+13
1100	2.9632e+13
1110	2.79776e+13
1120	2.64156e+13
1130	2.49421e+13
1140	2.35511e+13
1150	2.22391e+13
1160	2.10003e+13
1170	1.98311e+13
1180	1.87283e+13
1190	1.76866e+13
1200	1.6704e+13
1210	1.57756e+13
1220	1.48991e+13
1230	1.40716e+13
1240	1.32905e+13
1250	1.25525e+13
1260	1.18559e+13
1270	1.11977e+13
1280	1.05763e+13
1290	9.98949e+12
1300	9.43542e+12
1310	8.91236e+12
1320	8.41857e+12
1330	7.95241e+12
1340	7.51231e+12
1350	7.09679e+12
1360	6.70447e+12
1370	6.3338e+12
1380	5.98399e+12
1390	5.65365e+12
1400	5.34168e+12
1410	5.04702e+12
1420	4.76871e+12
1430	4.50582e+12
1440	4.25735e+12
1450	4.02286e+12
1460	3.80114e+12
1470	3.59183e+12
1480	3.394e+12
1490	3.20713e+12
1500	3.03058e+12
1510	2.86385e+12
1520	2.70634e+12
1530	2.55762e+12
1540	2.41709e+12
1550	2.28441e+12
1560	2.15908e+12
1570	2.04063e+12
1580	1.92873e+12
1590	1.82308e+12
1600	1.7232e+12
1610	1.6289e+12
1620	1.53974e+12
1630	1.45555e+12
1640	1.37594e+12
1650	1.30076e+12
1660	1.22967e+12
1670	1.16252e+12
1680	1.09903e+12
1690	1.03904e+12
1700	9.82341e+11
1710	9.28733e+11
1720	8.78074e+11
1730	8.30187e+11
1740	7.84929e+11
1750	7.42164e+11
1760	7.01742e+11
1770	6.63539e+11
1780	6.27434e+11
1790	5.93311e+11
1800	5.61071e+11
1810	5.30587e+11
1820	5.01773e+11
1830	4.74537e+11
1840	4.48792e+11
1850	4.24454e+11
1860	4.01461e+11
1870	3.7971e+11
1880	3.59146e+11
1890	3.39704e+11
1900	3.21322e+11
1910	3.03942e+11
1920	2.87508e+11
1930	2.71968e+11
1940	2.57279e+11
1950	2.43382e+11
1960	2.30239e+11
1970	2.1781e+11
1980	2.06058e+11
1990	1.94941e+11
2000	1.84427e+11
2010	1.74484e+11
2020	1.6508e+11
2030	1.56187e+11
2040	1.47777e+11
2050	1.39823e+11
2060	1.32301e+11
2070	1.25187e+11
2080	1.18459e+11
2090	1.12093e+11
2100	1.06074e+11
2110	1.00381e+11
2120	9.49958e+10
2130	8.99019e+10
2140	8.50833e+10
2150	8.0525e+10
2160	7.62104e+10
2170	7.21309e+10
2180	6.82714e+10
2190	6.46199e+10
2200	6.1165e+10
2210	5.78943e+10
2220	5.48013e+10
2230	5.18746e+10
2240	4.91051e+10
2250	4.64844e+10
2260	4.40042e+10
2270	4.16571e+10
2280	3.94358e+10
2290	3.73336e+10
2300	3.53435e+10
2310	3.34609e+10
2320	3.16787e+10
2330	2.99918e+10
2340	2.83955e+10
2350	2.68846e+10
2360	2.54547e+10
2370	2.41015e+10
2380	2.28206e+10
2390	2.16084e+10
2400	2.04611e+10
2410	1.93749e+10
2420	1.83471e+10
2430	1.73741e+10
2440	1.64529e+10
2450	1.55811e+10
2460	1.47556e+10
2470	1.39743e+10
2480	1.32348e+10
2490	1.25344e+10
2500	1.18715e+10
2510	1.12437e+10
2520	1.06496e+10
2530	1.0087e+10
2540	9.55414e+09
2550	9.04982e+09
2560	8.57206e+09
2570	8.11989e+09
2580	7.6915e+09
2590	7.28603e+09
2600	6.90205e+09
2610	6.53826e+09
2620	6.19388e+09
2630	5.86773e+09
2640	5.55873e+09
2650	5.26617e+09
2660	4.98906e+09
2670	4.72657e+09
2680	4.47798e+09
2690	4.24253e+09
2700	4.0195e+09
2710	3.80826e+09
2720	3.60819e+09
2730	3.41868e+09
2740	3.2392e+09
2750	3.06918e+09
2760	2.90816e+09
2770	2.75562e+09
2780	2.61112e+09
2790	2.47427e+09
2800	2.34461e+09
2810	2.22181e+09
2820	2.10545e+09
2830	1.99522e+09
2840	1.89082e+09
2850	1.79189e+09
2860	1.69819e+09
2870	1.60939e+09
2880	1.52526e+09
2890	1.44558e+09
2900	1.37006e+09
2910	1.2985e+09
2920	1.23073e+09
2930	1.16649e+09
2940	1.10564e+09
2950	1.04796e+09
2960	9.933e+08
2970	9.4153e+08
2980	8.92449e+08
2990	8.4594e+08
3000	8.01883e+08
3010	7.60114e+08
3020	7.20531e+08
3030	6.83031e+08
3040	6.47478e+08
3050	6.13794e+08
3060	5.8186e+08
3070	5.51601e+08
3080	5.22914e+08
3090	4.95725e+08
3100	4.6996e+08
3110	4.45535e+08
3120	4.22386e+08
3130	4.00442e+08
3140	3.79644e+08
3150	3.5993e+08
3160	3.41244e+08
3170	3.23532e+08
3180	3.06743e+08
3190	2.9083e+08
3200	2.75746e+08
3210	2.61448e+08
3220	2.47893e+08
3230	2.35044e+08
3240	2.22866e+08
3250	2.1132e+08
3260	2.00374e+08
3270	1.89998e+08
3280	1.80161e+08
3290	1.70837e+08
3300	1.61996e+08
3310	1.53615e+08
3320	1.45668e+08
3330	1.38135e+08
3340	1.30994e+08
3350	1.24222e+08
3360	1.17802e+08
3370	1.11714e+08
3380	1.05942e+08
3390	1.0047e+08
3400	9.5283e+07
3410	9.03631e+07
3420	8.56981e+07
3430	8.12747e+07
3440	7.70804e+07
3450	7.31033e+07
3460	6.93334e+07
3470	6.57572e+07
3480	6.23661e+07
3490	5.91504e+07
3500	5.6101e+07
3510	5.32102e+07
3520	5.04678e+07
3530	4.78672e+07
3540	4.54009e+07
3550	4.30621e+07
3560	4.08445e+07
3570	3.87409e+07
3580	3.6746e+07
3590	3.48542e+07
3600	3.30599e+07
3610	3.13581e+07
3620	2.97441e+07
3630	2.82135e+07
3640	2.67617e+07
3650	2.53848e+07
3660	2.4079e+07
3670	2.28406e+07
3680	2.1666e+07
3690	2.05519e+07
3700	1.94953e+07
3710	1.84932e+07
3720	1.75427e+07
3730	1.66412e+07
3740	1.57861e+07
3750	1.49751e+07
3760	1.42058e+07
3770	1.34762e+07
3780	1.27841e+07
3790	1.21277e+07
3800	1.1505e+07
3810	1.09144e+07
3820	1.03542e+07
3830	9.8228e+06
3840	9.31874e+06
3850	8.8406e+06
3860	8.38706e+06
3870	7.95683e+06
3880	7.54872e+06
3890	7.16158e+06
3900	6.79435e+06
3910	6.44598e+06
3920	6.1156e+06
3930	5.80211e+06
3940	5.50472e+06
3950	5.22261e+06
3960	4.95498e+06
3970	4.70109e+06
3980	4.46023e+06
3990	4.23168e+06
4000	4.01498e+06
4010	3.80933e+06
4020	3.61424e+06
4030	3.42916e+06
4040	3.25357e+06
4050	3.08699e+06
4060	2.92894e+06
4070	2.779e+06
4080	2.63675e+06
4090	2.50179e+06
4100	2.37374e+06
4110	2.25226e+06
4120	2.137e+06
4130	2.02765e+06
4140	1.9239e+06
4150	1.82547e+06
4160	1.73208e+06
4170	1.64347e+06
4180	1.5594e+06
4190	1.47963e+06
4200	1.40394e+06
4210	1.33213e+06
4220	1.264e+06
4230	1.19936e+06
4240	1.13803e+06
4250	1.07983e+06
4260	1.02462e+06
4270	972233
4280	922529
4290	875368
4300	830621
4310	788165
4320	747881
4330	709657
4340	673390
4350	638979
4360	606328
4370	575348
4380	545952
4390	518060
4400	491594
4410	466482
4420	442654
4430	420042
4440	398588
4450	378231
4460	358915
4470	340587
4480	323195
4490	306692
4500	291033
4510	276174
4520	262072
4530	248692
4540	235997
4550	223950
4560	212518
4570	201671
4580	191378
4590	181610
4600	172340
4610	163544
4620	155198
4630	147279
4640	139763
4650	132631
4660	125864
4670	119441
4680	113346
4690	107563
4700	102076
4710	96868
4720	91926.2
4730	87236.5
4740	82786.2
4750	78563
4760	74555.2
4770	70752
4780	67142.8
4790	63717.3
4800	60467.1
4810	57382.7
4820	54455.7
4830	51678
4840	49041.9
4850	46540.4
4860	44166.4
4870	41913.6
4880	39775.7
4890	37746.8
4900	35821.5
4910	33994.4
4920	32260.5
4930	30615
4940	29053.5
4950	27571.7
4960	26165.5
4970	24831
4980	23564.6
4990	22362.8
5000	21222.3
5010	20140
5020	19112.9
5030	18138.2
5040	17213.2
5050	16335.4
5060	15502.4
5070	14711.8
5080	13961.6
5090	13249.6
5100	12574
5110	11932.8
5120	11324.3
5130	10746.8
5140	10198.8
5150	9678.77
5160	9185.21
5170	8716.85
5180	8272.37
5190	7850.57
5200	7450.23
5210	7070.35
5220	6709.84
5230	6367.71
5240	6043
5250	5734.88
5260	5442.47
5270	5164.97
5280	4901.62
5290	4651.66
5300	4414.49
5310	4189.4
5320	3975.8
5330	3773.05
5340	3580.68
5350	3398.11
5360	3224.82
5370	3060.4
5380	2904.35
5390	2756.27
5400	2615.71
5410	2482.34
5420	2355.77
5430	2235.65
5440	2121.66
5450	2013.46
5460	1910.8
5470	1813.36
5480	1720.9
5490	1633.15
5500	1549.86
5510	1470.83
5520	1395.83
5530	1324.65
5540	1257.1
5550	1192.99
5560	1132.15
5570	1074.41
5580	1019.62
5590	967.62
5600	918.268
5610	871.435
5620	826.99
5630	784.811
5640	744.782
5650	706.793
5660	670.742
5670	636.529
5680	604.061
5690	573.248
5700	544.007
5710	516.257
5720	489.922
5730	464.931
5740	441.213
5750	418.706
5760	397.346
5770	377.076
5780	357.839
5790	339.584
5800	322.259
5810	305.819
5820	290.216
5830	275.41
5840	261.359
5850	248.024
5860	235.37
5870	223.361
5880	211.964
5890	201.149
5900	190.886
5910	181.146
5920	171.902
5930	163.131
5940	154.807
5950	146.907
5960	139.411
5970	132.297
5980	125.545
5990	119.139
6000	113.059
6010	107.289
6020	101.814
6030	96.6176
6040	91.6864
6050	87.0071
6060	82.5665
6070	78.3523
6080	74.3533
6090	70.5584
6100	66.9568
6110	63.5393
6120	60.2961
6130	57.2182
6140	54.2975
6150	51.5257
6160	48.8956
6170	46.3996
6180	44.0308
6190	41.7831
6200	39.6501
6210	37.6258
6220	35.7049
6230	33.8821
6240	32.1522
6250	30.5107
6260	28.953
6270	27.4746
6280	26.0718
6290	24.7406
6300	23.4772
6310	22.2785
6320	21.1408
6330	20.0613
6340	19.0369
6350	18.0648
6360	17.1422
6370	16.2668
6380	15.4361
6390	14.6477
6400	13.8996
6410	13.1897
6420	12.516
6430	11.8767
6440	11.2701
6450	10.6944
6460	10.1482
6470	9.62979
6480	9.13788
6490	8.67105
6500	8.22809
6510	7.80774
6520	7.40884
6530	7.03033
6540	6.67114
6550	6.33029
6560	6.00684
6570	5.69992
6580	5.40867
6590	5.13229
6600	4.87003
6610	4.62117
6620	4.38502
6630	4.16093
6640	3.94829
6650	3.74651
6660	3.55503
6670	3.37334
6680	3.20093
6690	3.03733
6700	2.88209
6710	2.73477
6720	2.59499
6730	2.46234
6740	2.33648
6750	2.21704
6760	2.10371
6770	1.99616
6780	1.89412
6790	1.79728
6800	1.7054
6810	1.61821
6820	1.53548
6830	1.45697
6840	1.38248
6850	1.31179
6860	1.24472
6870	1.18107
6880	1.12068
6890	1.06337
6900	1.00899
6910	0.957396
6920	0.908436
6930	0.861977
6940	0.817895
6950	0.776065
6960	0.736374
6970	0.698712
6980	0.662975
6990	0.629066
7000	0.59689
7010	0.566359
7020	0.537388
7030	0.5099
7040	0.483816
7050	0.459067
7060	0.435583
7070	0.413299
7080	0.392155
7090	0.372092
7100	0.353056
7110	0.334992
7120	0.317853
7130	0.30159
7140	0.286159
7150	0.271517
7160	0.257623
7170	0.244441
7180	0.231932
7190	0.220064
7200	0.208802
7210	0.198117
7220	0.187978
7230	0.178358
7240	0.16923
7250	0.160569
7260	0.152351
7270	0.144553
7280	0.137154
7290	0.130134
7300	0.123473
7310	0.117153
7320	0.111156
7330	0.105466
7340	0.100067
7350	0.0949442
7360	0.0900838
7370	0.0854718
7380	0.0810961
7390	0.076944
7400	0.0730047
7410	0.0692667
7420	0.0657202
7430	0.0623553
7440	0.0591623
7450	0.056133
7460	0.0532586
7470	0.0505313
7480	0.0479437
7490	0.0454883
7500	0.0431588
7510	0.0409486
7520	0.0388513
7530	0.0368615
7540	0.0349735
7550	0.0331822
7560	0.0314826
7570	0.02987
7580	0.02834
7590	0.0268882
7600	0.0255109
7610	0.024204
7620	0.0229641
7630	0.0217876
7640	0.0206714
7650	0.0196123
7660	0.0186075
7670	0.0176541
7680	0.0167496
7690	0.0158914
7700	0.0150771
7710	0.0143046
7720	0.0135716
7730	0.0128761
7740	0.0122163
7750	0.0115903
7760	0.0109963
7770	0.0104328
7780	0.00989811
7790	0.00939082
7800	0.00890953
7810	0.00845289
7820	0.00801964
7830	0.00760859
7840	0.0072186
7850	0.00684859
7860	0.00649754
7870	0.00616447
7880	0.00584847
7890	0.00554866
7900	0.00526422
7910	0.00499435
7920	0.0047383
7930	0.00449538
7940	0.00426491
7950	0.00404625
7960	0.00383879
7970	0.00364196
7980	0.00345523
7990	0.00327806
8000	0.00310997
8010	0.0029505
8020	0.00279921
8030	0.00265566
8040	0.00251948
8050	0.00239027
8060	0.00226769
8070	0.00215139
8080	0.00204106
8090	0.00193638
8100	0.00183706
8110	0.00174284
8120	0.00165345
8130	0.00156864
8140	0.00148818
8150	0.00141185
8160	0.00133942
8170	0.00127072
8180	0.00120553
8190	0.00114369
8200	0.00108502
8210	0.00102936
8220	0.000976547
8230	0.000926447
8240	0.000878915
8250	0.000833822
8260	0.000791041
8270	0.000750454
8280	0.000711948
8290	0.000675418
8300	0.000640761
8310	0.000607882
8320	0.000576689
8330	0.000547096
8340	0.000519021
8350	0.000492387
8360	0.000467118
8370	0.000443146
8380	0.000420403
8390	0.000398827
8400	0.000378358
8410	0.000358938
8420	0.000340516
8430	0.000323038
8440	0.000306458
8450	0.000290727
8460	0.000275804
8470	0.000261647
8480	0.000248216
8490	0.000235474
8500	0.000223386
8510	0.000211919
8520	0.00020104
8530	0.000190719
8540	0.000180927
8550	0.000171639
8560	0.000162826
8570	0.000154467
8580	0.000146536
8590	0.000139012
8600	0.000131874
8610	0.000125103
8620	0.000118679
8630	0.000112585
8640	0.000106804
8650	0.000101319
8660	9.6116e-05
8670	9.11802e-05
8680	8.64975e-05
8690	8.20554e-05
8700	7.78412e-05
8710	7.38434e-05
8720	7.00508e-05
8730	6.64529e-05
8740	6.30397e-05
8750	5.98018e-05
8760	5.67301e-05
8770	5.38162e-05
8780	5.10518e-05
8790	4.84294e-05
8800	4.59416e-05
8810	4.35815e-05
8820	4.13427e-05
8830	3.92188e-05
8840	3.7204e-05
8850	3.52926e-05
8860	3.34794e-05
8870	3.17593e-05
8880	3.01276e-05
8890	2.85797e-05
8900	2.71112e-05
8910	2.57182e-05
8920	2.43967e-05
8930	2.31431e-05
8940	2.19539e-05
8950	2.08258e-05
8960	1.97556e-05
8970	1.87404e-05
8980	1.77774e-05
8990	1.68638e-05
9000	1.59971e-05
9010	1.5175e-05
9020	1.43951e-05
9030	1.36553e-05
9040	1.29535e-05
9050	1.22877e-05
9060	1.16562e-05
9070	1.1057e-05
9080	1.04887e-05
9090	9.94959e-06
9100	9.43816e-06
9110	8.95302e-06
9120	8.4928e-06
9130	8.05623e-06
9140	7.64209e-06
9150	7.24923e-06
9160	6.87656e-06
9170	6.52305e-06
9180	6.1877e-06
9190	5.86958e-06
9200	5.56781e-06
9210	5.28155e-06
9220	5.01001e-06
9230	4.75242e-06
9240	4.50807e-06
9250	4.27627e-06
9260	4.0564e-06
9270	3.84782e-06
9280	3.64996e-06
9290	3.46228e-06
9300	3.28424e-06
9310	3.11535e-06
9320	2.95515e-06
9330	2.80318e-06
9340	2.65902e-06
9350	2.52228e-06
9360	2.39256e-06
9370	2.26951e-06
9380	2.15279e-06
9390	2.04207e-06
9400	1.93704e-06
9410	1.83741e-06
9420	1.74291e-06
9430	1.65326e-06
9440	1.56822e-06
9450	1.48756e-06
9460	1.41104e-06
9470	1.33846e-06
9480	1.26961e-06
9490	1.2043e-06
9500	1.14235e-06
9510	1.08358e-06
9520	1.02784e-06
9530	9.74959e-07
9540	9.24802e-07
9550	8.77223e-07
9560	8.32092e-07
9570	7.89282e-07
9580	7.48674e-07
9590	7.10154e-07
9600	6.73615e-07
9610	6.38956e-07
9620	6.06079e-07
9630	5.74894e-07
9640	5.45313e-07
9650	5.17253e-07
9660	4.90636e-07
9670	4.65389e-07
9680	4.41441e-07
9690	4.18724e-07
9700	3.97176e-07
9710	3.76737e-07
9720	3.57348e-07
9730	3.38958e-07
9740	3.21514e-07
9750	3.04967e-07
9760	2.89271e-07
9770	2.74383e-07
9780	2.60261e-07
9790	2.46865e-07
9800	2.34159e-07
9810	2.22107e-07
9820	2.10675e-07
9830	1.99831e-07
9840	1.89544e-07
9850	1.79788e-07
9860	1.70533e-07
9870	1.61755e-07
9880	1.53428e-07
9890	1.4553e-07
9900	1.38038e-07
9910	1.30932e-07
9920	1.24191e-07
9930	1.17797e-07
9940	1.11733e-07
9950	1.0598e-07
9960	1.00524e-07
9970	9.53486e-08
9980	9.04393e-08
9990	8.5783e-08
10000	8.13662e-08
10010	7.71767e-08
10020	7.32028e-08
10030	6.94336e-08
10040	6.58582e-08
10050	6.24671e-08
10060	5.92504e-08
10070	5.61993e-08
10080	5.33053e-08
10090	5.05603e-08
10100	4.79565e-08
10110	4.54868e-08
10120	4.31443e-08
10130	4.09224e-08
10140	3.88149e-08
10150	3.68158e-08
10160	3.49197e-08
10170	3.31212e-08
10180	3.14153e-08
10190	2.97972e-08
10200	2.82625e-08
10210	2.68067e-08
10220	2.5426e-08
10230	2.41163e-08
10240	2.28741e-08
10250	2.16958e-08
10260	2.05782e-08
10270	1.95182e-08
10280	1.85127e-08
10290	1.7559e-08
10300	1.66545e-08
10310	1.57965e-08
10320	1.49827e-08
10330	1.42108e-08
10340	1.34787e-08
10350	1.27843e-08
10360	1.21257e-08
10370	1.15009e-08
10380	1.09084e-08
10390	1.03463e-08
10400	9.81326e-09
10410	9.30764e-09
10420	8.82806e-09
10430	8.37318e-09
10440	7.94173e-09
10450	7.53251e-09
10460	7.14437e-09
10470	6.77623e-09
10480	6.42705e-09
10490	6.09585e-09
10500	5.78172e-09
10510	5.48377e-09
10520	5.20118e-09
10530	4.93314e-09
10540	4.67891e-09
10550	4.43777e-09
10560	4.20906e-09
10570	3.99214e-09
10580	3.78639e-09
10590	3.59124e-09
10600	3.40615e-09
10610	3.23059e-09
10620	3.06408e-09
10630	2.90615e-09
10640	2.75636e-09
10650	2.61429e-09
10660	2.47953e-09
10670	2.35172e-09
10680	2.2305e-09
10690	2.11553e-09
10700	2.00647e-09
10710	1.90304e-09
10720	1.80494e-09
10730	1.7119e-09
10740	1.62365e-09
10750	1.53994e-09
10760	1.46056e-09
10770	1.38526e-09
10780	1.31384e-09
10790	1.24611e-09
10800	1.18186e-09
10810	1.12093e-09
10820	1.06314e-09
10830	1.00833e-09
10840	9.56337e-10
10850	9.07029e-10
10860	8.60262e-10
10870	8.15906e-10
10880	7.73836e-10
10890	7.33935e-10
10900	6.96091e-10
10910	6.60198e-10
10920	6.26155e-10
10930	5.93866e-10
10940	5.63243e-10
10950	5.34198e-10
10960	5.0665e-10
10970	4.80523e-10
10980	4.55743e-10
10990	4.3224e-10
11000	4.09949e-10
11010	3.88807e-10
11020	3.68756e-10
11030	3.49738e-10
11040	3.317e-10
11050	3.14593e-10
11060	2.98368e-10
11070	2.82979e-10
11080	2.68384e-10
11090	2.54541e-10
11100	2.41412e-10
11110	2.28961e-10
11120	2.17151e-10
11130	2.0595e-10
11140	1.95327e-10
11150	1.85252e-10
11160	1.75696e-10
11170	1.66633e-10
11180	1.58037e-10
11190	1.49885e-10
11200	1.42153e-10
11210	1.3482e-10
11220	1.27865e-10
11230	1.21269e-10
11240	1.15013e-10
11250	1.09079e-10
11260	1.03452e-10
11270	9.81148e-11
11280	9.3053e-11
11290	8.82522e-11
11300	8.36991e-11
11310	7.93807e-11
11320	7.52851e-11
11330	7.14009e-11
11340	6.77169e-11
11350	6.42229e-11
11360	6.09093e-11
11370	5.77665e-11
11380	5.47858e-11
11390	5.1959e-11
11400	4.92779e-11
11410	4.67352e-11
11420	4.43236e-11
11430	4.20364e-11
11440	3.98673e-11
11450	3.781e-11
11460	3.58589e-11
11470	3.40084e-11
11480	3.22534e-11
11490	3.0589e-11
11500	2.90104e-11
11510	2.75132e-11
11520	2.60934e-11
11530	2.47467e-11
11540	2.34695e-11
11550	2.22583e-11
11560	2.11095e-11
11570	2.00201e-11
11580	1.89868e-11
11590	1.80068e-11
11600	1.70775e-11
11610	1.6196e-11
11620	1.53601e-11
11630	1.45673e-11
11640	1.38154e-11
11650	1.31023e-11
11660	1.2426e-11
11670	1.17846e-11
11680	1.11763e-11
11690	1.05994e-11
11700	1.00522e-11
11710	9.53333e-12
11720	9.04121e-12
11730	8.57449e-12
11740	8.13185e-12
11750	7.71207e-12
11760	7.31394e-12
11770	6.93636e-12
11780	6.57827e-12
11790	6.23866e-12
11800	5.91659e-12
11810	5.61113e-12
11820	5.32144e-12
11830	5.0467e-12
11840	4.78615e-12
11850	4.53904e-12
11860	4.30469e-12
11870	4.08243e-12
11880	3.87165e-12
11890	3.67175e-12
11900	3.48216e-12
11910	3.30237e-12
11920	3.13185e-12
11930	2.97014e-12
11940	2.81677e-12
11950	2.67133e-12
11960	2.53339e-12
11970	2.40257e-12
11980	2.27851e-12
11990	2.16085e-12
12000	2.04926e-12
12010	1.94344e-12
12020	1.84308e-12
12030	1.7479e-12
12040	1.65764e-12
12050	1.57203e-12
12060	1.49085e-12
12070	1.41385e-12
12080	1.34084e-12
12090	1.27159e-12
12100	1.20592e-12
12110	1.14364e-12
12120	1.08457e-12
12130	1.02856e-12
12140	9.75434e-13
12150	9.25054e-13
12160	8.77276e-13
12170	8.31965e-13
12180	7.88994e-13
12190	7.48242e-13
12200	7.09594e-13
12210	6.72942e-13
12220	6.38183e-13
12230	6.05218e-13
12240	5.73957e-13
12250	5.44309e-13
12260	5.16193e-13
12270	4.89529e-13
12280	4.64241e-13
12290	4.4026e-13
12300	4.17517e-13
12310	3.95949e-13
12320	3.75495e-13
12330	3.56097e-13
12340	3.37701e-13
12350	3.20256e-13
12360	3.03711e-13
12370	2.88021e-13
12380	2.73141e-13
12390	2.5903e-13
12400	2.45648e-13
12410	2.32956e-13
12420	2.20921e-13
12430	2.09507e-13
12440	1.98683e-13
12450	1.88418e-13
12460	1.78683e-13
12470	1.69451e-13
12480	1.60695e-13
12490	1.52393e-13
12500	1.44519e-13
12510	1.37051e-13
12520	1.2997e-13
12530	1.23254e-13
12540	1.16886e-13
12550	1.10846e-13
12560	1.05118e-13
12570	9.96865e-14
12580	9.45353e-14
12590	8.96503e-14
12600	8.50177e-14
12610	8.06244e-14
12620	7.6458e-14
12630	7.2507e-14
12640	6.876e-14
12650	6.52067e-14
12660	6.1837e-14
12670	5.86413e-14
12680	5.56108e-14
12690	5.27369e-14
12700	5.00114e-14
12710	4.74268e-14
12720	4.49757e-14
12730	4.26513e-14
12740	4.0447e-14
12750	3.83566e-14
12760	3.63742e-14
12770	3.44942e-14
12780	3.27114e-14
12790	3.10207e-14
12800	2.94174e-14
12810	2.78969e-14
12820	2.6455e-14
12830	2.50876e-14
12840	2.37909e-14
12850	2.25612e-14
12860	2.1395e-14
12870	2.02891e-14
12880	1.92404e-14
12890	1.82459e-14
12900	1.73027e-14
12910	1.64083e-14
12920	1.55601e-14
12930	1.47558e-14
12940	1.3993e-14
12950	1.32697e-14
12960	1.25837e-14
12970	1.19332e-14
12980	1.13163e-14
12990	1.07313e-14
13000	1.01765e-14
13010	9.65045e-15
13020	9.15155e-15
13030	8.67843e-15
13040	8.22978e-15
13050	7.80431e-15
13060	7.40083e-15
13070	7.01821e-15
13080	6.65537e-15
13090	6.31128e-15
13100	5.98498e-15
13110	5.67555e-15
13120	5.38211e-15
13130	5.10384e-15
13140	4.83995e-15
13150	4.58971e-15
13160	4.3524e-15
13170	4.12736e-15
13180	3.91396e-15
13190	3.71158e-15
13200	3.51967e-15
13210	3.33768e-15
13220	3.1651e-15
13230	3.00144e-15
13240	2.84624e-15
13250	2.69906e-15
13260	2.5595e-15
13270	2.42715e-15
13280	2.30164e-15
13290	2.18262e-15
13300	2.06975e-15
13310	1.96272e-15
13320	1.86123e-15
13330	1.76498e-15
13340	1.6737e-15
13350	1.58715e-15
13360	1.50507e-15
13370	1.42724e-15
13380	1.35343e-15
13390	1.28344e-15
13400	1.21706e-15
13410	1.15412e-15
13420	1.09443e-15
13430	1.03783e-15
13440	9.84157e-16
13450	9.33258e-16
13460	8.8499e-16
13470	8.3922e-16
13480	7.95815e-16
13490	7.54655e-16
13500	7.15624e-16
13510	6.78611e-16
13520	6.43512e-16
13530	6.10228e-16
13540	5.78665e-16
13550	5.48735e-16
13560	5.20353e-16
13570	4.93438e-16
13580	4.67915e-16
13590	4.43712e-16
13600	4.20761e-16
13610	3.98996e-16
13620	3.78358e-16
13630	3.58786e-16
13640	3.40227e-16
13650	3.22628e-16
13660	3.05939e-16
13670	2.90113e-16
13680	2.75106e-16
13690	2.60874e-16
13700	2.47379e-16
13710	2.34582e-16
13720	2.22447e-16
13730	2.10939e-16
13740	2.00027e-16
13750	1.89679e-16
13760	1.79866e-16
13770	1.70561e-16
13780	1.61737e-16
13790	1.5337e-16
13800	1.45435e-16
13810	1.37911e-16
13820	1.30776e-16
13830	1.2401e-16
13840	1.17594e-16
13850	1.1151e-16
13860	1.05741e-16
13870	1.0027e-16
13880	9.50824e-17
13890	9.01629e-17
13900	8.54979e-17
13910	8.10743e-17
13920	7.68795e-17
13930	7.29016e-17
13940	6.91296e-17
13950	6.55527e-17
13960	6.21609e-17
13970	5.89445e-17
13980	5.58945e-17
13990	5.30024e-17
14000	5.02598e-17
14010	4.76592e-17
14020	4.5193e-17
14030	4.28545e-17
14040	4.0637e-17
14050	3.85342e-17
14060	3.65402e-17
14070	3.46493e-17
14080	3.28563e-17
14090	3.11561e-17
14100	2.95438e-17
14110	2.80149e-17
14120	2.65652e-17
14130	2.51904e-17
14140	2.38868e-17
14150	2.26507e-17
14160	2.14785e-17
14170	2.0367e-17
14180	1.93129e-17
14190	1.83134e-17
14200	1.73657e-17
14210	1.64669e-17
14220	1.56147e-17
14230	1.48066e-17
14240	1.40403e-17
14250	1.33137e-17
14260	1.26246e-17
14270	1.19712e-17
14280	1.13516e-17
14290	1.07641e-17
14300	1.0207e-17
14310	9.67871e-18
14320	9.17776e-18
14330	8.70274e-18
14340	8.2523e-18
14350	7.82517e-18
14360	7.42014e-18
14370	7.03608e-18
14380	6.67189e-18
14390	6.32655e-18
14400	5.99908e-18
14410	5.68856e-18
14420	5.39411e-18
14430	5.1149e-18
14440	4.85014e-18
14450	4.59909e-18
14460	4.36102e-18
14470	4.13528e-18
14480	3.92122e-18
14490	3.71824e-18
14500	3.52576e-18
14510	3.34325e-18
14520	3.17019e-18
14530	3.00608e-18
14540	2.85046e-18
14550	2.7029e-18
14560	2.56298e-18
14570	2.4303e-18
14580	2.30449e-18
14590	2.18519e-18
14600	2.07206e-18
14610	1.9648e-18
14620	1.86308e-18
14630	1.76663e-18
14640	1.67517e-18
14650	1.58844e-18
14660	1.50621e-18
14670	1.42823e-18
14680	1.35429e-18
14690	1.28417e-18
14700	1.21769e-18
14710	1.15464e-18
14720	1.09486e-18
14730	1.03818e-18
14740	9.84426e-19
14750	9.33457e-19
14760	8.85127e-19
14770	8.39299e-19
14780	7.95844e-19
14790	7.54638e-19
14800	7.15565e-19
14810	6.78515e-19
14820	6.43383e-19
14830	6.1007e-19
14840	5.78482e-19
14850	5.48529e-19
14860	5.20127e-19
14870	4.93195e-19
14880	4.67657e-19
14890	4.43442e-19
14900	4.2048e-19
14910	3.98707e-19
14920	3.78062e-19
14930	3.58485e-19
14940	3.39922e-19
14950	3.2232e-19
14960	3.0563e-19
14970	2.89803e-19
14980	2.74796e-19
14990	2.60566e-19
15000	2.47073e-19
15010	2.34278e-19
15020	2.22146e-19
15030	2.10642e-19
15040	1.99734e-19
15050	1.89391e-19
15060	1.79583e-19
15070	1.70283e-19
15080	1.61464e-19
15090	1.53102e-19
15100	1.45173e-19
15110	1.37655e-19
15120	1.30526e-19
15130	1.23766e-19
15140	1.17357e-19
15150	1.11279e-19
15160	1.05516e-19
15170	1.00051e-19
15180	9.48692e-20
15190	8.99558e-20
15200	8.52969e-20
15210	8.08792e-20
15220	7.66903e-20
15230	7.27183e-20
15240	6.8952e-20
15250	6.53807e-20
15260	6.19944e-20
15270	5.87835e-20
15280	5.57388e-20
15290	5.28518e-20
15300	5.01144e-20
15310	4.75187e-20
15320	4.50574e-20
15330	4.27236e-20
15340	4.05107e-20
15350	3.84124e-20
15360	3.64227e-20
15370	3.45361e-20
15380	3.27472e-20
15390	3.1051e-20
15400	2.94426e-20
15410	2.79175e-20
15420	2.64714e-20
15430	2.51002e-20
15440	2.38e-20
15450	2.25671e-20
15460	2.13981e-20
15470	2.02897e-20
15480	1.92387e-20
15490	1.82421e-20
15500	1.72971e-20
15510	1.64011e-20
15520	1.55515e-20
15530	1.47458e-20
15540	1.3982e-20
15550	1.32576e-20
15560	1.25708e-20
15570	1.19196e-20
15580	1.13021e-20
15590	1.07166e-20
15600	1.01614e-20
15610	9.63503e-21
15620	9.13587e-21
15630	8.66257e-21
15640	8.21379e-21
15650	7.78826e-21
15660	7.38477e-21
15670	7.00218e-21
15680	6.63941e-21
15690	6.29544e-21
15700	5.96928e-21
15710	5.66002e-21
15720	5.36678e-21
15730	5.08873e-21
15740	4.82508e-21
15750	4.57509e-21
15760	4.33805e-21
15770	4.11329e-21
15780	3.90018e-21
15790	3.6981e-21
15800	3.5065e-21
15810	3.32482e-21
15820	3.15255e-21
15830	2.98921e-21
15840	2.83433e-21
15850	2.68747e-21
15860	2.54822e-21
15870	2.41619e-21
15880	2.29099e-21
15890	2.17228e-21
15900	2.05973e-21
15910	1.953e-21
15920	1.8518e-21
15930	1.75585e-21
15940	1.66487e-21
15950	1.5786e-21
15960	1.4968e-21
15970	1.41924e-21
15980	1.3457e-21
15990	1.27597e-21
16000	1.20985e-21
16010	1.14715e-21
16020	1.08771e-21
16030	1.03135e-21
16040	9.77902e-22
16050	9.27227e-22
16060	8.79177e-22
16070	8.33618e-22
16080	7.90419e-22
16090	7.49458e-22
16100	7.1062e-22
16110	6.73794e-22
16120	6.38876e-22
16130	6.05768e-22
16140	5.74376e-22
16150	5.4461e-22
16160	5.16386e-22
16170	4.89625e-22
16180	4.6425e-22
16190	4.40191e-22
16200	4.17378e-22
16210	3.95747e-22
16220	3.75238e-22
16230	3.55791e-22
16240	3.37351e-22
16250	3.19868e-22
16260	3.0329e-22
16270	2.87571e-22
16280	2.72667e-22
16290	2.58536e-22
16300	2.45136e-22
16310	2.32431e-22
16320	2.20385e-22
16330	2.08963e-22
16340	1.98132e-22
16350	1.87863e-22
16360	1.78126e-22
16370	1.68894e-22
16380	1.6014e-22
16390	1.5184e-22
16400	1.4397e-22
16410	1.36508e-22
16420	1.29433e-22
16430	1.22724e-22
16440	1.16363e-22
16450	1.10331e-22
16460	1.04613e-22
16470	9.91903e-23
16480	9.4049e-23
16490	8.91741e-23
16500	8.45518e-23
16510	8.01692e-23
16520	7.60137e-23
16530	7.20735e-23
16540	6.83376e-23
16550	6.47953e-23
16560	6.14366e-23
16570	5.8252e-23
16580	5.52324e-23
16590	5.23694e-23
16600	4.96547e-23
16610	4.70808e-23
16620	4.46402e-23
16630	4.23262e-23
16640	4.01321e-23
16650	3.80517e-23
16660	3.60792e-23
16670	3.42089e-23
16680	3.24355e-23
16690	3.07541e-23
16700	2.91598e-23
16710	2.76482e-23
16720	2.62149e-23
16730	2.48559e-23
16740	2.35673e-23
16750	2.23456e-23
16760	2.11872e-23
16770	2.00888e-23
16780	1.90474e-23
16790	1.80599e-23
16800	1.71236e-23
16810	1.62359e-23
16820	1.53942e-23
16830	1.45961e-23
16840	1.38394e-23
16850	1.31219e-23
16860	1.24416e-23
16870	1.17966e-23
16880	1.1185e-23
16890	1.06051e-23
16900	1.00553e-23
16910	9.53396e-24
16920	9.03967e-24
16930	8.571e-24
16940	8.12662e-24
16950	7.70529e-24
16960	7.30579e-24
16970	6.92701e-24
16980	6.56786e-24
16990	6.22733e-24
17000	5.90446e-24
17010	5.59832e-24
17020	5.30806e-24
17030	5.03284e-24
17040	4.7719e-24
17050	4.52448e-24
17060	4.28988e-24
17070	4.06746e-24
17080	3.85656e-24
17090	3.65659e-24
17100	3.467e-24
17110	3.28723e-24
17120	3.11678e-24
17130	2.95517e-24
17140	2.80194e-24
17150	2.65666e-24
17160	2.5189e-24
17170	2.38829e-24
17180	2.26445e-24
17190	2.14703e-24
17200	2.0357e-24
17210	1.93015e-24
17220	1.83006e-24
17230	1.73516e-24
17240	1.64519e-24
17250	1.55988e-24
17260	1.47899e-24
17270	1.4023e-24
17280	1.32958e-24
17290	1.26064e-24
17300	1.19526e-24
17310	1.13328e-24
17320	1.07451e-24
17330	1.01879e-24
17340	9.65962e-25
17350	9.1587e-25
17360	8.68375e-25
17370	8.23343e-25
17380	7.80647e-25
17390	7.40164e-25
17400	7.0178e-25
17410	6.65387e-25
17420	6.3088e-25
17430	5.98163e-25
17440	5.67143e-25
17450	5.37731e-25
17460	5.09844e-25
17470	4.83404e-25
17480	4.58334e-25
17490	4.34565e-25
17500	4.12028e-25
17510	3.9066e-25
17520	3.70399e-25
17530	3.5119e-25
17540	3.32976e-25
17550	3.15708e-25
17560	2.99334e-25
17570	2.8381e-25
17580	2.69091e-25
17590	2.55135e-25
17600	2.41903e-25
17610	2.29357e-25
17620	2.17461e-25
17630	2.06183e-25
17640	1.95489e-25
17650	1.8535e-25
17660	1.75737e-25
17670	1.66622e-25
17680	1.57981e-25
17690	1.49787e-25
17700	1.42018e-25
17710	1.34652e-25
17720	1.27668e-25
17730	1.21046e-25
17740	1.14768e-25
17750	1.08815e-25
17760	1.03171e-25
17770	9.78202e-26
17780	9.27465e-26
17790	8.79359e-26
17800	8.33748e-26
17810	7.90503e-26
17820	7.495e-26
17830	7.10624e-26
17840	6.73765e-26
17850	6.38817e-26
17860	6.05682e-26
17870	5.74265e-26
17880	5.44478e-26
17890	5.16235e-26
17900	4.89458e-26
17910	4.64069e-26
17920	4.39997e-26
17930	4.17174e-26
17940	3.95535e-26
17950	3.75017e-26
17960	3.55564e-26
17970	3.37121e-26
17980	3.19633e-26
17990	3.03053e-26
18000	2.87333e-26
18010	2.72428e-26
18020	2.58296e-26
18030	2.44897e-26
18040	2.32193e-26
18050	2.20149e-26
18060	2.08729e-26
18070	1.97901e-26
18080	1.87635e-26
18090	1.77901e-26
18100	1.68672e-26
18110	1.59922e-26
18120	1.51626e-26
18130	1.43761e-26
18140	1.36303e-26
18150	1.29232e-26
18160	1.22528e-26
18170	1.16171e-26
18180	1.10145e-26
18190	1.04431e-26
18200	9.90131e-27
18210	9.38765e-27
18220	8.90064e-27
18230	8.43889e-27
18240	8.00109e-27
18250	7.586e-27
18260	7.19245e-27
18270	6.81931e-27
18280	6.46553e-27
18290	6.1301e-27
18300	5.81207e-27
18310	5.51054e-27
18320	5.22465e-27
18330	4.95359e-27
18340	4.6966e-27
18350	4.45293e-27
18360	4.22191e-27
18370	4.00287e-27
18380	3.79519e-27
18390	3.59829e-27
18400	3.4116e-27
18410	3.2346e-27
18420	3.06678e-27
18430	2.90767e-27
18440	2.75681e-27
18450	2.61378e-27
18460	2.47817e-27
18470	2.34959e-27
18480	2.22768e-27
18490	2.1121e-27
18500	2.00252e-27
18510	1.89862e-27
18520	1.80011e-27
18530	1.70671e-27
18540	1.61816e-27
18550	1.5342e-27
18560	1.45459e-27
18570	1.37912e-27
18580	1.30756e-27
18590	1.23972e-27
18600	1.17539e-27
18610	1.11441e-27
18620	1.05658e-27
18630	1.00176e-27
18640	9.49781e-28
18650	9.00499e-28
18660	8.53774e-28
18670	8.09473e-28
18680	7.67471e-28
18690	7.27648e-28
18700	6.89892e-28
18710	6.54094e-28
18720	6.20153e-28
18730	5.87974e-28
18740	5.57464e-28
18750	5.28538e-28
18760	5.01112e-28
18770	4.75109e-28
18780	4.50455e-28
18790	4.27081e-28
18800	4.04919e-28
18810	3.83908e-28
18820	3.63986e-28
18830	3.45098e-28
18840	3.27191e-28
18850	3.10212e-28
18860	2.94115e-28
18870	2.78852e-28
18880	2.64382e-28
18890	2.50662e-28
18900	2.37655e-28
18910	2.25322e-28
18920	2.13629e-28
18930	2.02544e-28
18940	1.92033e-28
18950	1.82067e-28
18960	1.72619e-28
18970	1.63661e-28
18980	1.55168e-28
18990	1.47116e-28
19000	1.39481e-28
19010	1.32243e-28
19020	1.2538e-28
19030	1.18873e-28
19040	1.12704e-28
19050	1.06855e-28
19060	1.0131e-28
19070	9.60523e-29
19080	9.10676e-29
19090	8.63414e-29
19100	8.18606e-29
19110	7.76122e-29
19120	7.35844e-29
19130	6.97655e-29
19140	6.61448e-29
19150	6.27121e-29
19160	5.94574e-29
19170	5.63717e-29
19180	5.34461e-29
19190	5.06723e-29
19200	4.80424e-29
19210	4.55491e-29
19220	4.31851e-29
19230	4.09438e-29
19240	3.88188e-29
19250	3.68041e-29
19260	3.4894e-29
19270	3.3083e-29
19280	3.1366e-29
19290	2.9738e-29
19300	2.81946e-29
19310	2.67313e-29
19320	2.53439e-29
19330	2.40285e-29
19340	2.27814e-29
19350	2.1599e-29
19360	2.0478e-29
19370	1.94151e-29
19380	1.84074e-29
19390	1.7452e-29
19400	1.65462e-29
19410	1.56874e-29
19420	1.48732e-29
19430	1.41012e-29
19440	1.33693e-29
19450	1.26754e-29
19460	1.20175e-29
19470	1.13937e-29
19480	1.08023e-29
19490	1.02416e-29
19500	9.71006e-30
19510	9.20606e-30
19520	8.72822e-30
19530	8.27517e-30
19540	7.84565e-30
19550	7.43841e-30
19560	7.05231e-30
19570	6.68626e-30
19580	6.3392e-30
19590	6.01015e-30
19600	5.69818e-30
19610	5.40241e-30
19620	5.12199e-30
19630	4.85612e-30
19640	4.60405e-30
19650	4.36506e-30
19660	4.13848e-30
19670	3.92366e-30
19680	3.71999e-30
19690	3.52689e-30
19700	3.34382e-30
19710	3.17024e-30
19720	3.00568e-30
19730	2.84966e-30
19740	2.70173e-30
19750	2.56149e-30
19760	2.42852e-30
19770	2.30246e-30
19780	2.18294e-30
19790	2.06962e-30
19800	1.96219e-30
19810	1.86033e-30
19820	1.76376e-30
19830	1.6722e-30
19840	1.58539e-30
19850	1.50309e-30
19860	1.42507e-30
19870	1.35109e-30
19880	1.28095e-30
19890	1.21445e-30
19900	1.15141e-30
19910	1.09164e-30
19920	1.03497e-30
19930	9.81239e-31
19940	9.303e-31
19950	8.82005e-31
19960	8.36218e-31
19970	7.92807e-31
19980	7.51649e-31
19990	7.12628e-31
