5.29056e+12	2.3305e-23
7.05408e+12	1.30931e-22
8.8176e+12	4.99403e-22
1.05811e+13	1.49101e-21
1.23446e+13	3.75912e-21
1.41082e+13	8.37445e-21
1.58717e+13	1.69655e-20
1.76352e+13	3.1916e-20
1.93987e+13	5.65256e-20
2.11622e+13	9.52465e-20
2.29258e+13	1.53915e-19
2.46893e+13	2.40015e-19
2.64528e+13	3.62784e-19
2.82163e+13	5.34131e-19
2.99798e+13	7.68135e-19
3.17434e+13	1.0819e-18
3.35069e+13	1.49505e-18
3.52704e+13	2.03281e-18
3.70339e+13	2.72271e-18
3.87974e+13	3.59561e-18
4.0561e+13	4.6952e-18
4.23245e+13	6.05466e-18
4.4088e+13	7.73019e-18
4.58515e+13	9.77473e-18
4.7615e+13	1.22446e-17
4.93785e+13	1.52196e-17
5.11421e+13	1.87638e-17
5.29056e+13	2.29791e-17
5.46691e+13	2.79399e-17
5.64326e+13	3.37996e-17
5.81961e+13	4.06e-17
5.99597e+13	4.85224e-17
6.17232e+13	5.76617e-17
6.34867e+13	6.82185e-17
6.52502e+13	8.02944e-17
6.70137e+13	9.40918e-17
6.87773e+13	1.09854e-16
7.05408e+13	1.27776e-16
7.23043e+13	1.48028e-16
7.40678e+13	1.70795e-16
7.58313e+13	1.96386e-16
7.75949e+13	2.25183e-16
7.93584e+13	2.57274e-16
8.11219e+13	2.9327e-16
8.28854e+13	3.33109e-16
8.46489e+13	3.77511e-16
8.64125e+13	4.26498e-16
8.8176e+13	4.80629e-16
8.99395e+13	5.40312e-16
9.1703e+13	6.06434e-16
9.34665e+13	6.78964e-16
9.52301e+13	7.58158e-16
9.69936e+13	8.44836e-16
9.87571e+13	9.39532e-16
1.00521e+14	1.04356e-15
1.02284e+14	1.15611e-15
1.04048e+14	1.2785e-15
1.05811e+14	1.41206e-15
1.07575e+14	1.55617e-15
1.09338e+14	1.71342e-15
1.11102e+14	1.88223e-15
1.12865e+14	2.06449e-15
1.14629e+14	2.26105e-15
1.16392e+14	2.4745e-15
1.18156e+14	2.70241e-15
1.19919e+14	2.94728e-15
1.21683e+14	3.21008e-15
1.23446e+14	3.49184e-15
1.2521e+14	3.79635e-15
1.26973e+14	4.1174e-15
1.28737e+14	4.46251e-15
1.305e+14	4.83454e-15
1.32264e+14	5.22789e-15
1.34027e+14	5.64712e-15
1.35791e+14	6.09354e-15
1.37555e+14	6.56835e-15
1.39318e+14	7.07825e-15
1.41082e+14	7.61091e-15
1.42845e+14	8.17991e-15
1.44609e+14	8.78958e-15
1.46372e+14	9.42912e-15
1.48136e+14	1.01063e-14
1.49899e+14	1.08172e-14
1.51663e+14	1.15825e-14
1.53426e+14	1.23826e-14
1.5519e+14	1.32272e-14
1.56953e+14	1.41213e-14
1.58717e+14	1.50607e-14
1.6048e+14	1.60505e-14
1.62244e+14	1.70841e-14
1.64007e+14	1.8193e-14
1.65771e+14	1.93461e-14
1.67534e+14	2.05478e-14
1.69298e+14	2.18358e-14
1.71061e+14	2.31722e-14
1.72825e+14	2.4562e-14
1.74588e+14	2.60503e-14
1.76352e+14	2.75908e-14
1.78115e+14	2.91901e-14
1.79879e+14	3.08786e-14
1.81643e+14	3.2653e-14
1.83406e+14	3.45012e-14
1.8517e+14	3.64147e-14
1.86933e+14	3.84602e-14
1.88697e+14	4.05682e-14
1.9046e+14	4.2747e-14
1.92224e+14	4.50748e-14
1.93987e+14	4.74452e-14
1.95751e+14	4.99404e-14
1.97514e+14	5.2552e-14
1.99278e+14	5.52596e-14
2.01041e+14	5.8049e-14
2.02805e+14	6.0996e-14
2.04568e+14	6.40463e-14
2.06332e+14	6.71837e-14
2.08095e+14	7.05313e-14
2.09859e+14	7.39195e-14
2.11622e+14	7.74757e-14
2.13386e+14	8.11868e-14
2.15149e+14	8.5019e-14
2.16913e+14	8.89488e-14
2.18676e+14	9.3092e-14
2.2044e+14	9.73652e-14
2.22203e+14	1.01819e-13
2.23967e+14	1.06352e-13
2.25731e+14	1.11102e-13
2.27494e+14	1.16047e-13
2.29258e+14	1.21138e-13
2.31021e+14	1.26338e-13
2.32785e+14	1.31814e-13
2.34548e+14	1.37444e-13
2.36312e+14	1.43192e-13
2.38075e+14	1.49238e-13
2.39839e+14	1.55448e-13
2.41602e+14	1.61777e-13
2.43366e+14	1.68436e-13
2.45129e+14	1.75176e-13
2.46893e+14	1.82363e-13
2.48656e+14	1.89536e-13
2.5042e+14	1.96932e-13
2.52183e+14	2.04815e-13
2.53947e+14	2.12671e-13
2.5571e+14	2.20762e-13
2.57474e+14	2.29267e-13
2.59237e+14	2.3797e-13
2.61001e+14	2.46992e-13
2.62764e+14	2.57874e-13
2.64528e+14	2.67289e-13
2.66291e+14	2.77331e-13
2.68055e+14	2.87298e-13
2.69819e+14	2.97769e-13
2.71582e+14	3.08299e-13
2.73346e+14	3.19113e-13
2.75109e+14	3.30652e-13
2.76873e+14	3.42071e-13
2.78636e+14	3.5379e-13
2.804e+14	3.66105e-13
2.82163e+14	3.78455e-13
2.83927e+14	3.91432e-13
2.8569e+14	4.04651e-13
2.87454e+14	4.17989e-13
2.89217e+14	4.32006e-13
2.90981e+14	4.46031e-13
2.92744e+14	4.60405e-13
2.94508e+14	4.75504e-13
2.96271e+14	4.90864e-13
2.98035e+14	5.06732e-13
2.99798e+14	5.22577e-13
3.01562e+14	5.388e-13
3.03325e+14	5.55848e-13
3.05089e+14	5.72853e-13
3.06852e+14	5.90718e-13
3.08616e+14	6.08859e-13
3.10379e+14	6.27078e-13
3.12143e+14	6.4623e-13
3.13906e+14	6.65293e-13
3.1567e+14	6.85329e-13
3.17434e+14	7.05255e-13
3.19197e+14	7.25618e-13
3.20961e+14	7.47023e-13
3.22724e+14	7.68284e-13
3.24488e+14	7.90641e-13
3.26251e+14	8.13277e-13
3.28015e+14	8.35941e-13
3.29778e+14	8.59776e-13
3.31542e+14	8.83401e-13
3.33305e+14	9.08256e-13
3.35069e+14	9.32869e-13
3.36832e+14	9.57975e-13
3.38596e+14	9.84392e-13
3.40359e+14	1.01053e-12
3.42123e+14	1.03803e-12
3.43886e+14	1.06521e-12
3.4565e+14	1.09291e-12
3.47413e+14	1.12207e-12
3.49177e+14	1.1515e-12
3.5094e+14	1.18183e-12
3.52704e+14	1.21174e-12
3.54467e+14	1.24222e-12
3.56231e+14	1.2743e-12
3.57994e+14	1.30592e-12
3.59758e+14	1.33921e-12
3.61522e+14	1.37201e-12
3.63285e+14	1.40536e-12
3.65049e+14	1.44053e-12
3.66812e+14	1.4751e-12
3.68576e+14	1.51154e-12
3.70339e+14	1.54733e-12
3.72103e+14	1.58374e-12
3.73866e+14	1.62214e-12
3.7563e+14	1.6598e-12
3.77393e+14	1.69954e-12
3.79157e+14	1.73849e-12
3.8092e+14	1.77808e-12
3.82684e+14	1.81986e-12
3.84447e+14	1.86077e-12
3.86211e+14	1.90506e-12
3.87974e+14	1.94734e-12
3.89738e+14	1.99027e-12
3.91501e+14	2.04972e-12
3.93265e+14	2.09433e-12
3.95028e+14	2.14148e-12
3.96792e+14	2.18749e-12
3.98555e+14	2.23419e-12
4.00319e+14	2.28358e-12
4.02082e+14	2.33173e-12
4.03846e+14	2.38264e-12
4.0561e+14	2.43224e-12
4.07373e+14	2.48254e-12
4.09137e+14	2.53578e-12
4.109e+14	2.58757e-12
4.12664e+14	2.64239e-12
4.14427e+14	2.69569e-12
4.16191e+14	2.74971e-12
4.17954e+14	2.80693e-12
4.19718e+14	2.86249e-12
4.21481e+14	2.92136e-12
4.23245e+14	2.97845e-12
4.25008e+14	3.03628e-12
4.26772e+14	3.09764e-12
4.28535e+14	3.15704e-12
4.30299e+14	3.22008e-12
4.32062e+14	3.28106e-12
4.33826e+14	3.34582e-12
4.35589e+14	3.4084e-12
4.37353e+14	3.47174e-12
4.39116e+14	3.53907e-12
4.4088e+14	3.60404e-12
4.42643e+14	3.67312e-12
4.44407e+14	3.74198e-12
4.4617e+14	3.80942e-12
4.47934e+14	3.88115e-12
4.49698e+14	3.95022e-12
4.51461e+14	4.02375e-12
4.53225e+14	4.09448e-12
4.54988e+14	4.166e-12
4.56752e+14	4.24222e-12
4.58515e+14	4.31539e-12
4.60279e+14	4.39342e-12
4.62042e+14	4.46828e-12
4.63806e+14	4.54397e-12
4.65569e+14	4.62471e-12
4.67333e+14	4.70207e-12
4.69096e+14	4.78465e-12
4.7086e+14	4.86369e-12
4.72623e+14	4.94355e-12
4.74387e+14	5.02887e-12
4.7615e+14	5.11043e-12
4.77914e+14	5.19765e-12
4.79677e+14	5.28089e-12
4.81441e+14	5.36494e-12
4.83204e+14	5.45837e-12
4.84968e+14	5.54418e-12
4.86731e+14	5.63613e-12
4.88495e+14	5.72365e-12
4.90258e+14	5.81197e-12
4.92022e+14	5.90667e-12
4.93785e+14	5.9967e-12
4.95549e+14	6.0933e-12
4.97313e+14	6.18506e-12
4.99076e+14	6.27756e-12
5.0084e+14	6.37697e-12
5.02603e+14	6.51556e-12
5.04367e+14	6.61757e-12
5.0613e+14	6.71411e-12
5.07894e+14	6.81147e-12
5.09657e+14	6.92075e-12
5.11421e+14	7.01985e-12
5.13184e+14	7.12662e-12
5.14948e+14	7.22739e-12
5.16711e+14	7.33605e-12
5.18475e+14	7.43851e-12
5.20238e+14	7.54176e-12
5.22002e+14	7.65318e-12
5.23765e+14	7.75809e-12
5.25529e+14	7.8714e-12
5.27292e+14	7.97793e-12
5.29056e+14	8.09055e-12
5.30819e+14	8.20668e-12
5.32583e+14	8.31567e-12
5.34346e+14	8.43362e-12
5.3611e+14	8.54422e-12
5.37873e+14	8.65554e-12
5.39637e+14	8.77621e-12
5.41401e+14	8.88916e-12
5.43164e+14	9.01167e-12
5.44928e+14	9.13217e-12
5.46691e+14	9.24737e-12
5.48455e+14	9.37269e-12
5.50218e+14	9.48945e-12
5.51982e+14	9.60685e-12
5.53745e+14	9.73469e-12
5.55509e+14	9.85364e-12
5.57272e+14	9.99002e-12
5.59036e+14	1.01104e-11
5.60799e+14	1.02316e-11
5.62563e+14	1.03639e-11
5.64326e+14	1.04864e-11
5.6609e+14	1.06203e-11
5.67853e+14	1.07442e-11
5.69617e+14	1.08762e-11
5.7138e+14	1.10127e-11
5.73144e+14	1.11387e-11
5.74907e+14	1.12768e-11
5.76671e+14	1.14041e-11
5.78434e+14	1.1532e-11
5.80198e+14	1.16805e-11
5.81961e+14	1.18097e-11
5.83725e+14	1.19519e-11
5.85489e+14	1.20823e-11
5.87252e+14	1.22133e-11
5.89016e+14	1.23662e-11
5.90779e+14	1.24985e-11
5.92543e+14	1.26444e-11
5.94306e+14	1.27779e-11
5.9607e+14	1.29117e-11
5.97833e+14	1.30689e-11
5.99597e+14	1.32041e-11
6.0136e+14	1.33535e-11
6.03124e+14	1.34898e-11
6.04887e+14	1.36262e-11
6.06651e+14	1.37874e-11
6.08414e+14	1.39251e-11
6.10178e+14	1.41738e-11
6.11941e+14	1.43133e-11
6.13705e+14	1.44634e-11
6.15468e+14	1.46193e-11
6.17232e+14	1.47601e-11
6.18995e+14	1.49014e-11
6.20759e+14	1.50588e-11
6.22522e+14	1.52118e-11
6.24286e+14	1.53706e-11
6.26049e+14	1.55135e-11
6.27813e+14	1.56566e-11
6.29577e+14	1.58284e-11
6.3134e+14	1.59722e-11
6.33104e+14	1.61373e-11
6.34867e+14	1.62842e-11
6.36631e+14	1.64326e-11
6.38394e+14	1.65992e-11
6.40158e+14	1.67482e-11
6.41921e+14	1.69148e-11
6.43685e+14	1.70644e-11
6.45448e+14	1.72143e-11
6.47212e+14	1.73833e-11
6.48975e+14	1.75338e-11
6.50739e+14	1.76844e-11
6.52502e+14	1.78548e-11
6.54266e+14	1.8006e-11
6.56029e+14	1.81772e-11
6.57793e+14	1.83287e-11
6.59556e+14	1.84803e-11
6.6132e+14	1.86527e-11
6.63083e+14	1.8806e-11
6.64847e+14	1.89792e-11
6.6661e+14	1.91313e-11
6.68374e+14	1.92835e-11
6.70137e+14	1.9459e-11
6.71901e+14	1.96115e-11
6.73664e+14	1.97653e-11
6.75428e+14	1.99401e-11
6.77192e+14	2.00927e-11
6.78955e+14	2.02697e-11
6.80719e+14	2.04221e-11
6.82482e+14	2.05762e-11
6.84246e+14	2.07535e-11
6.86009e+14	2.0906e-11
6.87773e+14	2.10599e-11
6.89536e+14	2.12377e-11
6.913e+14	2.139e-11
6.93063e+14	2.15681e-11
6.94827e+14	2.17218e-11
6.9659e+14	2.18752e-11
6.98354e+14	2.20521e-11
7.00117e+14	2.22051e-11
7.01881e+14	2.23579e-11
7.03644e+14	2.25367e-11
7.05408e+14	2.26892e-11
7.07171e+14	2.28679e-11
7.08935e+14	2.30198e-11
7.10698e+14	2.31717e-11
7.12462e+14	2.33504e-11
7.14225e+14	2.35014e-11
7.15989e+14	2.38139e-11
7.17752e+14	2.39934e-11
7.19516e+14	2.41448e-11
7.2128e+14	2.4324e-11
7.23043e+14	2.44765e-11
7.24807e+14	2.46267e-11
7.2657e+14	2.48054e-11
7.28334e+14	2.49567e-11
7.30097e+14	2.51055e-11
7.31861e+14	2.52859e-11
7.33624e+14	2.54335e-11
7.35388e+14	2.56134e-11
7.37151e+14	2.57605e-11
7.38915e+14	2.59088e-11
7.40678e+14	2.60858e-11
7.42442e+14	2.62332e-11
7.44205e+14	2.63799e-11
7.45969e+14	2.65557e-11
7.47732e+14	2.67012e-11
7.49496e+14	2.68463e-11
7.51259e+14	2.70231e-11
7.53023e+14	2.71668e-11
7.54786e+14	2.73429e-11
7.5655e+14	2.7483e-11
7.58313e+14	2.76246e-11
7.60077e+14	2.77994e-11
7.6184e+14	2.79397e-11
7.63604e+14	2.80792e-11
7.65368e+14	2.82547e-11
7.67131e+14	2.83925e-11
7.68895e+14	2.85296e-11
7.70658e+14	2.87013e-11
7.72422e+14	2.88366e-11
7.74185e+14	2.90072e-11
7.75949e+14	2.91438e-11
7.77712e+14	2.92762e-11
7.79476e+14	2.94451e-11
7.81239e+14	2.95785e-11
7.83003e+14	2.97086e-11
7.84766e+14	2.98779e-11
7.8653e+14	3.00059e-11
7.88293e+14	3.01332e-11
7.90057e+14	3.03e-11
7.9182e+14	3.0428e-11
7.93584e+14	3.05522e-11
7.95347e+14	3.07167e-11
7.97111e+14	3.08389e-11
7.98874e+14	3.09626e-11
8.00638e+14	3.11249e-11
8.02401e+14	3.12464e-11
8.04165e+14	3.13642e-11
8.05928e+14	3.15238e-11
8.07692e+14	3.16419e-11
8.09456e+14	3.17997e-11
8.11219e+14	3.19161e-11
8.12983e+14	3.20308e-11
8.14746e+14	3.21857e-11
8.1651e+14	3.22984e-11
8.18273e+14	3.24095e-11
8.20037e+14	3.25619e-11
8.218e+14	3.26708e-11
8.23564e+14	3.2998e-11
8.25327e+14	3.31482e-11
8.27091e+14	3.32542e-11
8.28854e+14	3.33585e-11
8.30618e+14	3.3508e-11
8.32381e+14	3.36099e-11
8.34145e+14	3.37103e-11
8.35908e+14	3.38567e-11
8.37672e+14	3.39544e-11
8.39435e+14	3.4051e-11
8.41199e+14	3.41938e-11
8.42962e+14	3.42875e-11
8.44726e+14	3.43827e-11
8.46489e+14	3.45191e-11
8.48253e+14	3.46113e-11
8.50016e+14	3.46991e-11
8.5178e+14	3.48351e-11
8.53543e+14	3.4923e-11
8.55307e+14	3.50064e-11
8.57071e+14	3.51386e-11
8.58834e+14	3.52223e-11
8.60598e+14	3.53011e-11
8.62361e+14	3.54293e-11
8.64125e+14	3.55087e-11
8.65888e+14	3.55859e-11
8.67652e+14	3.57102e-11
8.69415e+14	3.57844e-11
8.71179e+14	3.58575e-11
8.72942e+14	3.59776e-11
8.74706e+14	3.60474e-11
8.76469e+14	3.61152e-11
8.78233e+14	3.62316e-11
8.79996e+14	3.62964e-11
8.8176e+14	3.63597e-11
8.83523e+14	3.64713e-11
8.85287e+14	3.65315e-11
8.8705e+14	3.65897e-11
8.88814e+14	3.66969e-11
8.90577e+14	3.67558e-11
8.92341e+14	3.68092e-11
8.94104e+14	3.69122e-11
8.95868e+14	3.69656e-11
8.97631e+14	3.7014e-11
8.99395e+14	3.71123e-11
9.01159e+14	3.7161e-11
9.02922e+14	3.72043e-11
9.04686e+14	3.72491e-11
9.06449e+14	3.73415e-11
9.08213e+14	3.73827e-11
9.09976e+14	3.74194e-11
9.1174e+14	3.75099e-11
9.13503e+14	3.7547e-11
9.15267e+14	3.7578e-11
9.1703e+14	3.76641e-11
9.18794e+14	3.76954e-11
9.20557e+14	3.77215e-11
9.22321e+14	3.78027e-11
9.24084e+14	3.78285e-11
9.25848e+14	3.78527e-11
9.27611e+14	3.79295e-11
9.29375e+14	3.79465e-11
9.31138e+14	3.79655e-11
9.32902e+14	3.79825e-11
9.34665e+14	3.80524e-11
9.36429e+14	3.83197e-11
9.38192e+14	3.83316e-11
9.39956e+14	3.83971e-11
9.41719e+14	3.84056e-11
9.43483e+14	3.84116e-11
9.45247e+14	3.84758e-11
9.4701e+14	3.84785e-11
9.48774e+14	3.84798e-11
9.50537e+14	3.84785e-11
9.52301e+14	3.85322e-11
9.54064e+14	3.85278e-11
9.55828e+14	3.8525e-11
9.57591e+14	3.85735e-11
9.59355e+14	3.85637e-11
9.61118e+14	3.85555e-11
9.62882e+14	3.85988e-11
9.64645e+14	3.85872e-11
9.66409e+14	3.85702e-11
9.68172e+14	3.85508e-11
9.69936e+14	3.85909e-11
9.71699e+14	3.85687e-11
9.73463e+14	3.85481e-11
9.75226e+14	3.85831e-11
9.7699e+14	3.85549e-11
9.78753e+14	3.85289e-11
9.80517e+14	3.84975e-11
9.8228e+14	3.85254e-11
9.84044e+14	3.84941e-11
9.85807e+14	3.84568e-11
9.87571e+14	3.84803e-11
9.89335e+14	3.84433e-11
9.91098e+14	3.84051e-11
9.92862e+14	3.83647e-11
9.94625e+14	3.83806e-11
9.96389e+14	3.83334e-11
9.98152e+14	3.82876e-11
9.99916e+14	3.82989e-11
1.00168e+15	3.825e-11
1.00344e+15	3.81992e-11
1.00521e+15	3.81465e-11
1.00697e+15	3.81511e-11
1.00873e+15	3.80952e-11
1.0105e+15	3.80376e-11
1.01226e+15	3.80372e-11
1.01402e+15	3.79799e-11
1.01579e+15	3.79173e-11
1.01755e+15	3.78525e-11
1.01931e+15	3.78457e-11
1.02108e+15	3.77781e-11
1.02284e+15	3.77123e-11
1.0246e+15	3.76414e-11
1.02637e+15	3.76279e-11
1.02813e+15	3.75535e-11
1.0299e+15	3.74814e-11
1.03166e+15	3.7463e-11
1.03342e+15	3.73874e-11
1.03519e+15	3.73071e-11
1.03695e+15	3.72253e-11
1.03871e+15	3.72038e-11
1.04048e+15	3.71185e-11
1.04224e+15	3.70358e-11
1.044e+15	3.69508e-11
1.04577e+15	3.69197e-11
1.04753e+15	3.6832e-11
1.04929e+15	3.67391e-11
1.05106e+15	3.67071e-11
1.05282e+15	3.68576e-11
1.05458e+15	3.67598e-11
1.05635e+15	3.66643e-11
1.05811e+15	3.6626e-11
1.05988e+15	3.65237e-11
1.06164e+15	3.64237e-11
1.0634e+15	3.63217e-11
1.06517e+15	3.62778e-11
1.06693e+15	3.61734e-11
1.06869e+15	3.60674e-11
1.07046e+15	3.5961e-11
1.07222e+15	3.59073e-11
1.07398e+15	3.57973e-11
1.07575e+15	3.56865e-11
1.07751e+15	3.55736e-11
1.07927e+15	3.55185e-11
1.08104e+15	3.54034e-11
1.0828e+15	3.52867e-11
1.08456e+15	3.51729e-11
1.08633e+15	3.51118e-11
1.08809e+15	3.49918e-11
1.08986e+15	3.48702e-11
1.09162e+15	3.47477e-11
1.09338e+15	3.46816e-11
1.09515e+15	3.45602e-11
1.09691e+15	3.44339e-11
1.09867e+15	3.43065e-11
1.10044e+15	3.42353e-11
1.1022e+15	3.41091e-11
1.10396e+15	3.39783e-11
1.10573e+15	3.38466e-11
1.10749e+15	3.37739e-11
1.10925e+15	3.36401e-11
1.11102e+15	3.35049e-11
1.11278e+15	3.33718e-11
1.11454e+15	3.32911e-11
1.11631e+15	3.31564e-11
1.11807e+15	3.30173e-11
1.11983e+15	3.28806e-11
1.1216e+15	3.27952e-11
1.12336e+15	3.26566e-11
1.12513e+15	3.25168e-11
1.12689e+15	3.23729e-11
1.12865e+15	3.22313e-11
1.13042e+15	3.21406e-11
1.13218e+15	3.19973e-11
1.13394e+15	3.18532e-11
1.13571e+15	3.1705e-11
1.13747e+15	3.16135e-11
1.13923e+15	3.14664e-11
1.141e+15	3.13194e-11
1.14276e+15	3.11711e-11
1.14452e+15	3.10725e-11
1.14629e+15	3.09224e-11
1.14805e+15	3.07717e-11
1.14981e+15	3.06204e-11
1.15158e+15	3.04684e-11
1.15334e+15	3.03686e-11
1.15511e+15	3.02151e-11
1.15687e+15	3.0061e-11
1.15863e+15	2.99064e-11
1.1604e+15	2.97998e-11
1.16216e+15	2.96437e-11
1.16392e+15	2.94905e-11
1.16569e+15	2.9333e-11
1.16745e+15	2.91752e-11
1.16921e+15	2.90682e-11
1.17098e+15	2.89092e-11
1.17274e+15	2.87497e-11
1.1745e+15	2.87784e-11
1.17627e+15	2.86679e-11
1.17803e+15	2.85059e-11
1.17979e+15	2.83464e-11
1.18156e+15	2.81832e-11
1.18332e+15	2.80201e-11
1.18509e+15	2.79062e-11
1.18685e+15	2.77449e-11
1.18861e+15	2.758e-11
1.19038e+15	2.74151e-11
1.19214e+15	2.73022e-11
1.1939e+15	2.71362e-11
1.19567e+15	2.697e-11
1.19743e+15	2.68069e-11
1.19919e+15	2.66399e-11
1.20096e+15	2.65243e-11
1.20272e+15	2.63569e-11
1.20448e+15	2.61923e-11
1.20625e+15	2.60244e-11
1.20801e+15	2.58594e-11
1.20977e+15	2.57386e-11
1.21154e+15	2.55732e-11
1.2133e+15	2.54045e-11
1.21507e+15	2.52385e-11
1.21683e+15	2.50698e-11
1.21859e+15	2.49497e-11
1.22036e+15	2.47832e-11
1.22212e+15	2.46142e-11
1.22388e+15	2.44478e-11
1.22565e+15	2.42813e-11
1.22741e+15	2.41567e-11
1.22917e+15	2.39898e-11
1.23094e+15	2.38231e-11
1.2327e+15	2.36537e-11
1.23446e+15	2.3487e-11
1.23623e+15	2.33639e-11
1.23799e+15	2.31972e-11
1.23975e+15	2.30304e-11
1.24152e+15	2.28636e-11
1.24328e+15	2.26944e-11
1.24504e+15	2.25705e-11
1.24681e+15	2.2404e-11
1.24857e+15	2.22375e-11
1.25034e+15	2.20712e-11
1.2521e+15	2.1905e-11
1.25386e+15	2.17805e-11
1.25563e+15	2.16143e-11
1.25739e+15	2.14488e-11
1.25915e+15	2.12834e-11
1.26092e+15	2.11179e-11
1.26268e+15	2.0993e-11
1.26444e+15	2.08279e-11
1.26621e+15	2.06633e-11
1.26797e+15	2.04989e-11
1.26973e+15	2.03346e-11
1.2715e+15	2.02096e-11
1.27326e+15	2.00483e-11
1.27502e+15	1.98848e-11
1.27679e+15	1.97218e-11
1.27855e+15	1.95589e-11
1.28032e+15	1.93967e-11
1.28208e+15	1.9272e-11
1.28384e+15	1.91123e-11
1.28561e+15	1.89511e-11
1.28737e+15	1.87899e-11
1.28913e+15	1.86295e-11
1.2909e+15	1.85077e-11
1.29266e+15	1.83476e-11
1.29442e+15	1.81883e-11
1.29619e+15	1.80313e-11
1.29795e+15	1.7873e-11
1.29971e+15	1.77169e-11
1.30148e+15	1.75941e-11
1.30324e+15	1.74368e-11
1.305e+15	1.73956e-11
1.30677e+15	1.72382e-11
1.30853e+15	1.70835e-11
1.3103e+15	1.69274e-11
1.31206e+15	1.68074e-11
1.31382e+15	1.66521e-11
1.31559e+15	1.64994e-11
1.31735e+15	1.63454e-11
1.31911e+15	1.61936e-11
1.32088e+15	1.60728e-11
1.32264e+15	1.59223e-11
1.3244e+15	1.57703e-11
1.32617e+15	1.56211e-11
1.32793e+15	1.54722e-11
1.32969e+15	1.53223e-11
1.33146e+15	1.52054e-11
1.33322e+15	1.50584e-11
1.33498e+15	1.49101e-11
1.33675e+15	1.47643e-11
1.33851e+15	1.46191e-11
1.34027e+15	1.4473e-11
1.34204e+15	1.43585e-11
1.3438e+15	1.42151e-11
1.34557e+15	1.40725e-11
1.34733e+15	1.39291e-11
1.34909e+15	1.37878e-11
1.35086e+15	1.36473e-11
1.35262e+15	1.35354e-11
1.35438e+15	1.3396e-11
1.35615e+15	1.32575e-11
1.35791e+15	1.31181e-11
1.35967e+15	1.2981e-11
1.36144e+15	1.28447e-11
1.3632e+15	1.27357e-11
1.36496e+15	1.26006e-11
1.36673e+15	1.24663e-11
1.36849e+15	1.23329e-11
1.37025e+15	1.22002e-11
1.37202e+15	1.20683e-11
1.37378e+15	1.19371e-11
1.37555e+15	1.18314e-11
1.37731e+15	1.17016e-11
1.37907e+15	1.15727e-11
1.38084e+15	1.14444e-11
1.3826e+15	1.13171e-11
1.38436e+15	1.11906e-11
1.38613e+15	1.10881e-11
1.38789e+15	1.09631e-11
1.38965e+15	1.08387e-11
1.39142e+15	1.07152e-11
1.39318e+15	1.05937e-11
1.39494e+15	1.04719e-11
1.39671e+15	1.03508e-11
1.39847e+15	1.02525e-11
1.40023e+15	1.0133e-11
1.402e+15	1.00142e-11
1.40376e+15	9.89741e-12
1.40553e+15	9.78038e-12
1.40729e+15	9.6642e-12
1.40905e+15	9.5693e-12
1.41082e+15	9.45583e-12
1.41258e+15	9.34199e-12
1.41434e+15	9.2289e-12
1.41611e+15	9.11783e-12
1.41787e+15	9.00644e-12
1.41963e+15	8.89597e-12
1.4214e+15	8.80651e-12
1.42316e+15	8.69755e-12
1.42492e+15	8.58934e-12
1.42669e+15	8.4832e-12
1.42845e+15	8.37683e-12
1.43021e+15	8.27125e-12
1.43198e+15	8.16759e-12
1.43374e+15	8.08148e-12
1.4355e+15	7.97931e-12
1.43727e+15	7.877e-12
1.43903e+15	7.77654e-12
1.4408e+15	7.72607e-12
1.44256e+15	7.6266e-12
1.44432e+15	7.52709e-12
1.44609e+15	7.44577e-12
1.44785e+15	7.34779e-12
1.44961e+15	7.25163e-12
1.45138e+15	7.15536e-12
1.45314e+15	7.06079e-12
1.4549e+15	6.96619e-12
1.45667e+15	6.87338e-12
1.45843e+15	6.78145e-12
1.46019e+15	6.70442e-12
1.46196e+15	6.61387e-12
1.46372e+15	6.52421e-12
1.46548e+15	6.43462e-12
1.46725e+15	6.34665e-12
1.46901e+15	6.25952e-12
1.47078e+15	6.17242e-12
1.47254e+15	6.10073e-12
1.4743e+15	6.01583e-12
1.47607e+15	5.93103e-12
1.47783e+15	5.84792e-12
1.47959e+15	5.76553e-12
1.48136e+15	5.68398e-12
1.48312e+15	5.60256e-12
1.48488e+15	5.52264e-12
1.48665e+15	5.45598e-12
1.48841e+15	5.37754e-12
1.49017e+15	5.29986e-12
1.49194e+15	5.22243e-12
1.4937e+15	5.14635e-12
1.49546e+15	5.07109e-12
1.49723e+15	4.99663e-12
1.49899e+15	4.92298e-12
1.50076e+15	4.86127e-12
1.50252e+15	4.78897e-12
1.50428e+15	4.71688e-12
1.50605e+15	4.64625e-12
1.50781e+15	4.57635e-12
1.50957e+15	4.50719e-12
1.51134e+15	4.43881e-12
1.5131e+15	4.37121e-12
1.51486e+15	4.31439e-12
1.51663e+15	4.2481e-12
1.51839e+15	4.18263e-12
1.52015e+15	4.11787e-12
1.52192e+15	4.05388e-12
1.52368e+15	3.99059e-12
1.52544e+15	3.92808e-12
1.52721e+15	3.86624e-12
1.52897e+15	3.81413e-12
1.53074e+15	3.75366e-12
1.5325e+15	3.69388e-12
1.53426e+15	3.63531e-12
1.53603e+15	3.577e-12
1.53779e+15	3.51936e-12
1.53955e+15	3.46245e-12
1.54132e+15	3.40616e-12
1.54308e+15	3.35859e-12
1.54484e+15	3.30362e-12
1.54661e+15	3.24933e-12
1.54837e+15	3.19612e-12
1.55013e+15	3.14319e-12
1.5519e+15	3.0909e-12
1.55366e+15	3.0393e-12
1.55542e+15	2.98833e-12
1.55719e+15	2.93842e-12
1.55895e+15	2.89572e-12
1.56071e+15	2.84662e-12
1.56248e+15	2.79818e-12
1.56424e+15	2.7507e-12
1.56601e+15	2.70351e-12
1.56777e+15	2.65694e-12
1.56953e+15	2.61099e-12
1.5713e+15	2.56599e-12
1.57306e+15	2.52125e-12
1.57482e+15	2.48314e-12
1.57659e+15	2.43986e-12
1.57835e+15	2.39687e-12
1.58011e+15	2.35441e-12
1.58188e+15	2.32792e-12
1.58364e+15	2.2864e-12
1.5854e+15	2.24576e-12
1.58717e+15	2.2054e-12
1.58893e+15	2.16559e-12
1.59069e+15	2.13189e-12
1.59246e+15	2.09311e-12
1.59422e+15	2.05517e-12
1.59599e+15	2.01752e-12
1.59775e+15	1.98069e-12
1.59951e+15	1.94412e-12
1.60128e+15	1.90807e-12
1.60304e+15	1.87281e-12
1.6048e+15	1.83782e-12
1.60657e+15	1.80811e-12
1.60833e+15	1.77407e-12
1.61009e+15	1.74079e-12
1.61186e+15	1.70778e-12
1.61362e+15	1.67552e-12
1.61538e+15	1.64373e-12
1.61715e+15	1.61218e-12
1.61891e+15	1.58136e-12
1.62067e+15	1.55079e-12
1.62244e+15	1.52091e-12
1.6242e+15	1.49505e-12
1.62597e+15	1.46602e-12
1.62773e+15	1.43745e-12
1.62949e+15	1.40914e-12
1.63126e+15	1.38147e-12
1.63302e+15	1.35406e-12
1.63478e+15	1.32728e-12
1.63655e+15	1.3009e-12
1.63831e+15	1.27478e-12
1.64007e+15	1.24928e-12
1.64184e+15	1.22732e-12
1.6436e+15	1.20239e-12
1.64536e+15	1.17805e-12
1.64713e+15	1.15413e-12
1.64889e+15	1.13059e-12
1.65065e+15	1.10729e-12
1.65242e+15	1.08455e-12
1.65418e+15	1.06218e-12
1.65594e+15	1.04003e-12
1.65771e+15	1.01842e-12
1.65947e+15	9.99756e-13
1.66124e+15	9.78844e-13
1.663e+15	9.58134e-13
1.66476e+15	9.37912e-13
1.66653e+15	9.18052e-13
1.66829e+15	8.98547e-13
1.67005e+15	8.79378e-13
1.67182e+15	8.60424e-13
1.67358e+15	8.41928e-13
1.67534e+15	8.23761e-13
1.67711e+15	8.05923e-13
1.67887e+15	7.90474e-13
1.68063e+15	7.73227e-13
1.6824e+15	7.56301e-13
1.68416e+15	7.39563e-13
1.68592e+15	7.23242e-13
1.68769e+15	7.07231e-13
1.68945e+15	6.91507e-13
1.69122e+15	6.76071e-13
1.69298e+15	6.60926e-13
1.69474e+15	6.46068e-13
1.69651e+15	6.31485e-13
1.69827e+15	6.18838e-13
1.70003e+15	6.04771e-13
1.7018e+15	5.90968e-13
1.70356e+15	5.77433e-13
1.70532e+15	5.64156e-13
1.70709e+15	5.51135e-13
1.70885e+15	5.38366e-13
1.71061e+15	5.25854e-13
1.71238e+15	5.13584e-13
1.71414e+15	5.01553e-13
1.7159e+15	4.89762e-13
1.71767e+15	4.79494e-13
1.71943e+15	4.68139e-13
1.7212e+15	4.57007e-13
1.72296e+15	4.46097e-13
1.72472e+15	4.35411e-13
1.72649e+15	4.24942e-13
1.72825e+15	4.17373e-13
1.73001e+15	4.07258e-13
1.73178e+15	3.9736e-13
1.73354e+15	3.87663e-13
1.7353e+15	3.78162e-13
1.73707e+15	3.68863e-13
1.73883e+15	3.60747e-13
1.74059e+15	3.51863e-13
1.74236e+15	3.4312e-13
1.74412e+15	3.34558e-13
1.74588e+15	3.26176e-13
1.74765e+15	3.17974e-13
1.74941e+15	3.09947e-13
1.75117e+15	3.02094e-13
1.75294e+15	2.94459e-13
1.7547e+15	2.86943e-13
1.75647e+15	2.7959e-13
1.75823e+15	2.724e-13
1.75999e+15	2.66105e-13
1.76176e+15	2.59213e-13
1.76352e+15	2.52511e-13
1.76528e+15	2.45916e-13
1.76705e+15	2.39473e-13
1.76881e+15	2.33174e-13
1.77057e+15	2.27057e-13
1.77234e+15	2.21041e-13
1.7741e+15	2.1516e-13
1.77586e+15	2.09419e-13
1.77763e+15	2.0384e-13
1.77939e+15	1.98357e-13
1.78115e+15	1.93001e-13
1.78292e+15	1.88299e-13
1.78468e+15	1.83204e-13
1.78645e+15	1.78203e-13
1.78821e+15	1.7332e-13
1.78997e+15	1.68577e-13
1.79174e+15	1.63921e-13
1.7935e+15	1.59378e-13
1.79526e+15	1.54966e-13
1.79703e+15	1.50639e-13
1.79879e+15	1.46415e-13
1.80055e+15	1.42318e-13
1.80232e+15	1.38297e-13
1.80408e+15	1.34374e-13
1.80584e+15	1.30946e-13
1.80761e+15	1.27206e-13
1.80937e+15	1.23558e-13
1.81113e+15	1.20021e-13
1.8129e+15	1.16551e-13
1.81466e+15	1.13188e-13
1.81643e+15	1.09892e-13
1.81819e+15	1.0668e-13
1.81995e+15	1.03567e-13
1.82172e+15	1.00518e-13
1.82348e+15	9.75614e-14
1.82524e+15	9.46666e-14
1.82701e+15	9.18609e-14
1.82877e+15	8.91137e-14
1.83053e+15	8.66913e-14
1.8323e+15	8.40926e-14
1.83406e+15	8.15485e-14
1.83582e+15	7.90857e-14
1.83759e+15	7.66745e-14
1.83935e+15	7.43403e-14
1.84111e+15	7.20573e-14
1.84288e+15	6.9847e-14
1.84464e+15	6.76853e-14
1.84641e+15	6.55929e-14
1.84817e+15	6.35469e-14
1.84993e+15	6.15664e-14
1.8517e+15	5.96317e-14
1.85346e+15	5.77592e-14
1.85522e+15	5.60959e-14
1.85699e+15	5.43208e-14
1.85875e+15	5.25956e-14
1.86051e+15	5.09105e-14
1.86228e+15	4.9281e-14
1.86404e+15	4.76898e-14
1.8658e+15	4.61514e-14
1.86757e+15	4.4649e-14
1.86933e+15	4.3197e-14
1.87109e+15	4.17799e-14
1.87286e+15	4.04116e-14
1.87462e+15	3.90819e-14
1.87638e+15	3.77846e-14
1.87815e+15	3.67662e-14
1.87991e+15	3.55366e-14
1.88168e+15	3.44535e-14
1.88344e+15	3.32972e-14
1.8852e+15	3.21705e-14
1.88697e+15	3.10827e-14
1.88873e+15	3.00272e-14
1.89049e+15	2.8999e-14
1.89226e+15	2.80067e-14
1.89402e+15	2.70445e-14
1.89578e+15	2.61073e-14
1.89755e+15	2.5203e-14
1.89931e+15	2.43266e-14
1.90107e+15	2.34739e-14
1.90284e+15	2.2651e-14
1.9046e+15	2.18538e-14
1.90636e+15	2.10782e-14
1.90813e+15	2.03303e-14
1.90989e+15	1.9667e-14
1.91166e+15	1.89608e-14
1.91342e+15	1.828e-14
1.91518e+15	1.7621e-14
1.91695e+15	1.69805e-14
1.91871e+15	1.63637e-14
1.92047e+15	1.57666e-14
1.92224e+15	1.51889e-14
1.924e+15	1.46278e-14
1.92576e+15	1.40878e-14
1.92753e+15	1.35655e-14
1.92929e+15	1.30604e-14
1.93105e+15	1.25699e-14
1.93282e+15	1.2098e-14
1.93458e+15	1.1642e-14
1.93634e+15	1.12012e-14
1.93811e+15	1.08078e-14
1.93987e+15	1.03954e-14
1.94164e+15	9.9971e-15
1.9434e+15	9.6124e-15
1.94516e+15	9.24114e-15
1.94693e+15	8.88116e-15
1.94869e+15	8.5352e-15
1.95045e+15	8.20129e-15
1.95222e+15	7.87919e-15
1.95398e+15	7.56842e-15
1.95574e+15	7.26749e-15
1.95751e+15	6.97845e-15
1.95927e+15	6.69974e-15
1.96103e+15	6.43102e-15
1.9628e+15	6.17197e-15
1.96456e+15	5.92235e-15
1.96632e+15	5.68088e-15
1.96809e+15	5.46671e-15
1.96985e+15	5.24281e-15
1.97161e+15	5.02716e-15
1.97338e+15	4.81948e-15
1.97514e+15	4.61956e-15
1.97691e+15	4.42712e-15
1.97867e+15	4.2419e-15
1.98043e+15	4.06295e-15
1.9822e+15	3.89151e-15
1.98396e+15	3.72667e-15
1.98572e+15	3.56802e-15
1.98749e+15	3.41549e-15
1.98925e+15	3.26894e-15
1.99101e+15	3.12801e-15
1.99278e+15	2.9926e-15
1.99454e+15	2.86243e-15
1.9963e+15	2.73689e-15
1.99807e+15	2.6168e-15
1.99983e+15	2.50153e-15
2.00159e+15	2.39871e-15
2.00336e+15	2.29209e-15
2.00512e+15	2.18976e-15
2.00689e+15	2.09158e-15
2.00865e+15	1.99737e-15
2.01041e+15	1.90705e-15
2.01218e+15	1.82039e-15
2.01394e+15	1.73732e-15
2.0157e+15	1.65766e-15
2.01747e+15	1.58132e-15
2.01923e+15	1.50819e-15
2.02099e+15	1.43814e-15
2.02276e+15	1.37103e-15
2.02452e+15	1.30676e-15
2.02628e+15	1.24521e-15
2.02805e+15	1.1863e-15
2.02981e+15	1.13716e-15
2.03157e+15	1.08289e-15
2.03334e+15	1.03096e-15
2.0351e+15	9.84626e-16
2.03687e+15	9.36983e-16
2.03863e+15	8.9144e-16
2.04039e+15	8.47915e-16
2.04216e+15	8.06312e-16
2.04392e+15	7.66574e-16
2.04568e+15	7.28617e-16
2.04745e+15	6.92376e-16
2.04921e+15	6.57772e-16
2.05097e+15	6.24741e-16
2.05274e+15	5.93231e-16
2.0545e+15	5.63169e-16
2.05626e+15	5.3449e-16
2.05803e+15	5.07153e-16
2.05979e+15	4.81088e-16
2.06155e+15	4.56239e-16
2.06332e+15	4.32567e-16
2.06508e+15	4.10015e-16
2.06684e+15	3.88533e-16
2.06861e+15	3.68079e-16
2.07037e+15	3.49824e-16
2.07214e+15	3.31238e-16
2.0739e+15	3.13555e-16
2.07566e+15	2.96734e-16
2.07743e+15	2.80736e-16
2.07919e+15	2.65524e-16
2.08095e+15	2.51116e-16
2.08272e+15	2.37376e-16
2.08448e+15	2.2433e-16
2.08624e+15	2.11938e-16
2.08801e+15	2.0017e-16
2.08977e+15	1.89e-16
2.09153e+15	1.78404e-16
2.0933e+15	1.68351e-16
2.09506e+15	1.58817e-16
2.09682e+15	1.49778e-16
2.09859e+15	1.4121e-16
2.10035e+15	1.33118e-16
2.10212e+15	1.25426e-16
2.10388e+15	1.18143e-16
2.10564e+15	1.11247e-16
2.10741e+15	1.05094e-16
2.10917e+15	9.8897e-17
2.11093e+15	9.30374e-17
2.1127e+15	8.74954e-17
2.11446e+15	8.22714e-17
2.11622e+15	7.73196e-17
2.11799e+15	7.2642e-17
2.11975e+15	6.82242e-17
2.12151e+15	6.40541e-17
2.12328e+15	6.01176e-17
2.12504e+15	5.64033e-17
2.1268e+15	5.29006e-17
2.12857e+15	4.96077e-17
2.13033e+15	4.64943e-17
2.1321e+15	4.35602e-17
2.13386e+15	4.0797e-17
2.13562e+15	3.81954e-17
2.13739e+15	3.57465e-17
2.13915e+15	3.34483e-17
2.14091e+15	3.12801e-17
2.14268e+15	2.92414e-17
2.14444e+15	2.73251e-17
2.1462e+15	2.55243e-17
2.14797e+15	2.39208e-17
2.14973e+15	2.23275e-17
2.15149e+15	2.08359e-17
2.15326e+15	1.94325e-17
2.15502e+15	1.81164e-17
2.15678e+15	1.68822e-17
2.15855e+15	1.57259e-17
2.16031e+15	1.46455e-17
2.16208e+15	1.36309e-17
2.16384e+15	1.26815e-17
2.1656e+15	1.1793e-17
2.16737e+15	1.0962e-17
2.16913e+15	1.0185e-17
2.17089e+15	9.46076e-18
2.17266e+15	8.78242e-18
2.17442e+15	8.20105e-18
2.17618e+15	7.60611e-18
2.17795e+15	7.0511e-18
2.17971e+15	6.53488e-18
2.18147e+15	6.05231e-18
2.18324e+15	5.60282e-18
2.185e+15	5.1842e-18
2.18676e+15	4.79455e-18
2.18853e+15	4.43287e-18
2.19029e+15	4.09567e-18
2.19205e+15	3.7965e-18
2.19382e+15	3.50413e-18
2.19558e+15	3.23276e-18
2.19735e+15	2.98135e-18
2.19911e+15	2.74754e-18
2.20087e+15	2.53069e-18
2.20264e+15	2.3297e-18
2.2044e+15	2.14353e-18
2.20616e+15	1.97157e-18
2.20793e+15	1.81201e-18
2.20969e+15	1.66445e-18
2.21145e+15	1.52804e-18
2.21322e+15	1.40199e-18
2.21498e+15	1.28588e-18
2.21674e+15	1.17844e-18
2.21851e+15	1.07934e-18
2.22027e+15	9.87962e-19
2.22203e+15	9.03781e-19
2.2238e+15	8.26438e-19
2.22556e+15	7.55103e-19
2.22733e+15	6.89481e-19
2.22909e+15	6.29148e-19
2.23085e+15	5.73733e-19
2.23262e+15	5.22961e-19
2.23438e+15	4.76274e-19
2.23614e+15	4.33457e-19
2.23791e+15	3.95777e-19
2.23967e+15	3.59786e-19
2.24143e+15	3.26771e-19
2.2432e+15	2.96573e-19
2.24496e+15	2.68975e-19
2.24672e+15	2.43767e-19
2.24849e+15	2.20806e-19
2.25025e+15	1.9982e-19
2.25201e+15	1.80688e-19
2.25378e+15	1.63267e-19
2.25554e+15	1.47408e-19
2.25731e+15	1.33015e-19
2.25907e+15	1.19906e-19
2.26083e+15	1.08002e-19
2.2626e+15	9.71993e-20
2.26436e+15	8.74046e-20
2.26612e+15	7.85466e-20
2.26789e+15	7.05111e-20
2.26965e+15	6.32438e-20
2.27141e+15	5.66756e-20
2.27318e+15	5.07554e-20
2.27494e+15	4.54024e-20
2.2767e+15	4.05763e-20
2.27847e+15	3.62294e-20
2.28023e+15	3.23173e-20
2.28199e+15	2.88062e-20
2.28376e+15	2.56467e-20
2.28552e+15	2.28104e-20
2.28728e+15	2.035e-20
2.28905e+15	1.80633e-20
2.29081e+15	1.60199e-20
2.29258e+15	1.41898e-20
2.29434e+15	1.25553e-20
2.2961e+15	1.1097e-20
2.29787e+15	9.79719e-21
2.29963e+15	8.64166e-21
2.30139e+15	7.61216e-21
2.30316e+15	6.69735e-21
2.30492e+15	5.88555e-21
2.30668e+15	5.16603e-21
2.30845e+15	4.55739e-21
2.31021e+15	3.99116e-21
2.31197e+15	3.49005e-21
2.31374e+15	3.04796e-21
2.3155e+15	2.65836e-21
2.31726e+15	2.31544e-21
2.31903e+15	2.01401e-21
2.32079e+15	1.74979e-21
2.32256e+15	1.51774e-21
2.32432e+15	1.31456e-21
2.32608e+15	1.13693e-21
2.32785e+15	9.81824e-22
2.32961e+15	8.46581e-22
2.33137e+15	7.28988e-22
2.33314e+15	6.26596e-22
2.3349e+15	5.37715e-22
2.33666e+15	4.60677e-22
2.33843e+15	3.94019e-22
2.34019e+15	3.36426e-22
2.34195e+15	2.8797e-22
2.34372e+15	2.45011e-22
2.34548e+15	2.08122e-22
2.34724e+15	1.76419e-22
2.34901e+15	1.49261e-22
2.35077e+15	1.26036e-22
2.35254e+15	1.06217e-22
2.3543e+15	8.9329e-23
2.35606e+15	7.49693e-23
2.35783e+15	6.27845e-23
2.35959e+15	5.24659e-23
2.36135e+15	4.37453e-23
2.36312e+15	3.63986e-23
2.36488e+15	3.02081e-23
2.36664e+15	2.50104e-23
2.36841e+15	2.06562e-23
2.37017e+15	1.70173e-23
2.37193e+15	1.39831e-23
2.3737e+15	1.14598e-23
2.37546e+15	9.36603e-24
2.37722e+15	7.63381e-24
2.37899e+15	6.204e-24
2.38075e+15	5.02723e-24
2.38251e+15	4.0613e-24
2.38428e+15	3.27082e-24
2.38604e+15	2.62585e-24
2.38781e+15	2.1011e-24
2.38957e+15	1.67556e-24
2.39133e+15	1.33157e-24
2.3931e+15	1.05443e-24
2.39486e+15	8.31893e-25
2.39662e+15	6.53831e-25
2.39839e+15	5.1187e-25
2.40015e+15	3.99115e-25
2.40191e+15	3.113e-25
2.40368e+15	2.40679e-25
2.40544e+15	1.85247e-25
2.4072e+15	1.41929e-25
2.40897e+15	1.08222e-25
2.41073e+15	8.21165e-26
2.41249e+15	6.19903e-26
2.41426e+15	4.65496e-26
2.41602e+15	3.47547e-26
2.41779e+15	2.58074e-26
2.41955e+15	1.90502e-26
2.42131e+15	1.39761e-26
2.42308e+15	1.01882e-26
2.42484e+15	7.42406e-27
2.4266e+15	5.33885e-27
2.42837e+15	3.81171e-27
2.43013e+15	2.70092e-27
2.43189e+15	1.89879e-27
2.43366e+15	1.32363e-27
2.43542e+15	9.1497e-28
2.43718e+15	6.26807e-28
2.43895e+15	4.25351e-28
2.44071e+15	2.85788e-28
2.44247e+15	1.90019e-28
2.44424e+15	1.24957e-28
2.446e+15	8.12042e-29
2.44777e+15	5.21426e-29
2.44953e+15	3.30499e-29
2.45129e+15	2.06627e-29
2.45306e+15	1.27321e-29
2.45482e+15	7.72293e-30
2.45658e+15	4.60922e-30
2.45835e+15	2.70301e-30
2.46011e+15	1.55567e-30
2.46187e+15	8.77492e-31
2.46364e+15	4.84256e-31
2.4654e+15	2.61164e-31
2.46716e+15	1.38007e-31
2.46893e+15	7.06118e-32
2.47069e+15	3.50826e-32
2.47245e+15	1.68761e-32
2.47422e+15	7.83559e-33
2.47598e+15	3.49807e-33
2.47775e+15	1.49619e-33
2.47951e+15	6.09998e-34
2.48127e+15	2.35673e-34
2.48304e+15	8.57454e-35
2.4848e+15	2.9134e-35
2.48656e+15	9.15183e-36
2.48833e+15	2.6272e-36
2.49009e+15	6.78502e-37
2.49185e+15	1.54701e-37
2.49362e+15	3.03573e-38
2.49538e+15	4.9557e-39
2.49714e+15	6.42737e-40
2.49891e+15	6.19176e-41
2.50067e+15	4.00751e-42
2.50243e+15	1.47977e-43
2.5042e+15	2.33479e-45
2.50596e+15	8.68118e-48
2.50772e+15	1.57375e-51
2.50949e+15	4.92278e-60
2.51125e+15	4.24753e-17
2.51302e+15	3.12159e-16
2.51478e+15	8.14296e-16
2.51654e+15	1.52995e-15
2.51831e+15	2.44095e-15
2.52007e+15	3.53065e-15
2.52183e+15	4.80999e-15
2.5236e+15	6.21175e-15
2.52536e+15	7.74385e-15
2.52712e+15	9.38671e-15
2.52889e+15	1.11266e-14
2.53065e+15	1.29486e-14
2.53241e+15	1.48427e-14
2.53418e+15	1.67868e-14
2.53594e+15	1.87715e-14
2.5377e+15	2.07843e-14
2.53947e+15	2.28119e-14
2.54123e+15	2.48426e-14
2.543e+15	2.70137e-14
2.54476e+15	2.90293e-14
2.54652e+15	3.10156e-14
2.54829e+15	3.29621e-14
2.55005e+15	3.48596e-14
2.55181e+15	3.67e-14
2.55358e+15	3.84739e-14
2.55534e+15	4.01738e-14
2.5571e+15	4.17859e-14
2.55887e+15	4.33205e-14
2.56063e+15	4.47602e-14
2.56239e+15	4.60996e-14
2.56416e+15	4.7334e-14
2.56592e+15	4.8458e-14
2.56768e+15	4.94652e-14
2.56945e+15	5.03532e-14
2.57121e+15	5.11192e-14
2.57298e+15	5.17585e-14
2.57474e+15	5.227e-14
2.5765e+15	5.26524e-14
2.57827e+15	5.29033e-14
2.58003e+15	5.30211e-14
2.58179e+15	5.30054e-14
2.58356e+15	5.28584e-14
2.58532e+15	5.25782e-14
2.58708e+15	5.21664e-14
2.58885e+15	5.1627e-14
2.59061e+15	5.09584e-14
2.59237e+15	5.01655e-14
2.59414e+15	4.92507e-14
2.5959e+15	4.85172e-14
2.59766e+15	4.73619e-14
2.59943e+15	4.61101e-14
2.60119e+15	4.4739e-14
2.60295e+15	4.32685e-14
2.60472e+15	4.17048e-14
2.60648e+15	4.00534e-14
2.60825e+15	3.83226e-14
2.61001e+15	3.65204e-14
2.61177e+15	3.46539e-14
2.61354e+15	3.2731e-14
2.6153e+15	3.07722e-14
2.61706e+15	2.87658e-14
2.61883e+15	2.67327e-14
2.62059e+15	2.46836e-14
2.62235e+15	2.26296e-14
2.62412e+15	2.0582e-14
2.62588e+15	1.85537e-14
2.62764e+15	1.65611e-14
2.62941e+15	1.46928e-14
2.63117e+15	1.27856e-14
2.63293e+15	1.09503e-14
2.6347e+15	9.20192e-15
2.63646e+15	7.55788e-15
2.63823e+15	6.02827e-15
2.63999e+15	4.63229e-15
2.64175e+15	3.3863e-15
2.64352e+15	2.30741e-15
2.64528e+15	1.41365e-15
2.64704e+15	7.21832e-16
2.64881e+15	2.51179e-16
2.65057e+15	2.06435e-17
2.65233e+15	0
2.6541e+15	0
2.65586e+15	0
2.65762e+15	0
2.65939e+15	0
2.66115e+15	0
2.66291e+15	0
2.66468e+15	0
2.66644e+15	0
2.66821e+15	0
2.66997e+15	0
2.67173e+15	0
2.6735e+15	0
2.67526e+15	0
2.67702e+15	0
2.67879e+15	0
2.68055e+15	0
2.68231e+15	0
2.68408e+15	0
2.68584e+15	0
2.6876e+15	0
2.68937e+15	0
2.69113e+15	0
2.69289e+15	0
2.69466e+15	0
2.69642e+15	0
2.69819e+15	0
2.69995e+15	0
2.70171e+15	0
2.70348e+15	0
2.70524e+15	0
2.707e+15	0
2.70877e+15	0
2.71053e+15	0
2.71229e+15	0
2.71406e+15	0
2.71582e+15	0
2.71758e+15	0
2.71935e+15	0
2.72111e+15	0
2.72287e+15	0
2.72464e+15	0
2.7264e+15	0
2.72816e+15	0
2.72993e+15	0
2.73169e+15	0
2.73346e+15	0
2.73522e+15	0
2.73698e+15	0
2.73875e+15	0
2.74051e+15	0
2.74227e+15	0
2.74404e+15	0
2.7458e+15	0
2.74756e+15	0
2.74933e+15	0
2.75109e+15	0
2.75285e+15	0
2.75462e+15	0
2.75638e+15	0
2.75814e+15	0
2.75991e+15	0
2.76167e+15	0
2.76344e+15	0
2.7652e+15	0
2.76696e+15	0
2.76873e+15	0
2.77049e+15	0
2.77225e+15	0
2.77402e+15	0
2.77578e+15	0
2.77754e+15	0
2.77931e+15	0
2.78107e+15	0
2.78283e+15	0
2.7846e+15	0
2.78636e+15	0
2.78812e+15	0
2.78989e+15	0
2.79165e+15	0
2.79342e+15	0
2.79518e+15	0
2.79694e+15	0
2.79871e+15	0
2.80047e+15	0
2.80223e+15	0
2.804e+15	0
2.80576e+15	0
2.80752e+15	0
2.80929e+15	0
2.81105e+15	0
2.81281e+15	0
2.81458e+15	0
2.81634e+15	0
2.8181e+15	0
2.81987e+15	0
2.82163e+15	0
2.82339e+15	0
2.82516e+15	0
2.82692e+15	0
2.82869e+15	0
2.83045e+15	0
2.83221e+15	0
2.83398e+15	0
2.83574e+15	0
2.8375e+15	0
2.83927e+15	0
2.84103e+15	0
2.84279e+15	0
2.84456e+15	0
2.84632e+15	0
2.84808e+15	0
2.84985e+15	0
2.85161e+15	0
2.85337e+15	0
2.85514e+15	0
2.8569e+15	0
2.85867e+15	0
2.86043e+15	0
2.86219e+15	0
2.86396e+15	0
2.86572e+15	0
2.86748e+15	0
2.86925e+15	0
2.87101e+15	0
2.87277e+15	0
2.87454e+15	0
2.8763e+15	0
2.87806e+15	0
2.87983e+15	0
2.88159e+15	0
2.88335e+15	0
2.88512e+15	0
2.88688e+15	0
2.88865e+15	0
2.89041e+15	0
2.89217e+15	0
2.89394e+15	0
2.8957e+15	0
2.89746e+15	0
2.89923e+15	0
2.90099e+15	0
2.90275e+15	0
2.90452e+15	0
2.90628e+15	0
2.90804e+15	0
2.90981e+15	0
2.91157e+15	0
2.91333e+15	0
2.9151e+15	0
2.91686e+15	0
2.91862e+15	0
2.92039e+15	0
2.92215e+15	0
2.92392e+15	0
2.92568e+15	0
2.92744e+15	0
2.92921e+15	0
2.93097e+15	0
2.93273e+15	0
2.9345e+15	0
2.93626e+15	0
2.93802e+15	0
2.93979e+15	0
2.94155e+15	0
2.94331e+15	0
2.94508e+15	0
2.94684e+15	0
2.9486e+15	0
2.95037e+15	0
2.95213e+15	0
2.9539e+15	0
2.95566e+15	0
2.95742e+15	0
2.95919e+15	0
2.96095e+15	0
2.96271e+15	0
2.96448e+15	0
2.96624e+15	0
2.968e+15	0
2.96977e+15	0
2.97153e+15	0
2.97329e+15	0
2.97506e+15	0
2.97682e+15	0
2.97858e+15	0
2.98035e+15	0
2.98211e+15	0
2.98388e+15	0
2.98564e+15	0
2.9874e+15	0
2.98917e+15	0
2.99093e+15	0
2.99269e+15	0
2.99446e+15	0
2.99622e+15	0
2.99798e+15	0
2.99975e+15	0
3.00151e+15	0
3.00327e+15	0
3.00504e+15	0
3.0068e+15	0
3.00856e+15	0
3.01033e+15	0
3.01209e+15	0
3.01386e+15	0
3.01562e+15	0
3.01738e+15	0
3.01915e+15	0
3.02091e+15	0
3.02267e+15	0
3.02444e+15	0
3.0262e+15	0
3.02796e+15	0
3.02973e+15	0
3.03149e+15	0
3.03325e+15	0
3.03502e+15	0
3.03678e+15	0
3.03854e+15	0
3.04031e+15	0
3.04207e+15	0
3.04383e+15	0
3.0456e+15	0
3.04736e+15	0
3.04913e+15	0
3.05089e+15	0
3.05265e+15	0
3.05442e+15	0
3.05618e+15	0
3.05794e+15	0
3.05971e+15	0
3.06147e+15	0
3.06323e+15	0
3.065e+15	0
3.06676e+15	0
3.06852e+15	0
3.07029e+15	0
3.07205e+15	0
3.07381e+15	0
3.07558e+15	0
3.07734e+15	0
3.07911e+15	0
3.08087e+15	0
3.08263e+15	0
3.0844e+15	0
3.08616e+15	0
3.08792e+15	0
3.08969e+15	0
3.09145e+15	0
3.09321e+15	0
3.09498e+15	0
3.09674e+15	0
3.0985e+15	0
3.10027e+15	0
3.10203e+15	0
3.10379e+15	0
3.10556e+15	0
3.10732e+15	0
3.10909e+15	0
3.11085e+15	0
3.11261e+15	0
3.11438e+15	0
3.11614e+15	0
3.1179e+15	0
3.11967e+15	0
3.12143e+15	0
3.12319e+15	0
3.12496e+15	0
3.12672e+15	0
3.12848e+15	0
3.13025e+15	0
3.13201e+15	0
3.13377e+15	0
3.13554e+15	0
3.1373e+15	0
3.13906e+15	0
3.14083e+15	0
3.14259e+15	0
3.14436e+15	0
3.14612e+15	0
3.14788e+15	0
3.14965e+15	0
3.15141e+15	0
3.15317e+15	0
3.15494e+15	0
3.1567e+15	0
3.15846e+15	0
3.16023e+15	0
3.16199e+15	0
3.16375e+15	0
3.16552e+15	0
3.16728e+15	0
3.16904e+15	0
3.17081e+15	0
3.17257e+15	0
3.17434e+15	0
3.1761e+15	0
3.17786e+15	0
3.17963e+15	0
3.18139e+15	0
3.18315e+15	0
3.18492e+15	0
3.18668e+15	0
3.18844e+15	0
3.19021e+15	0
3.19197e+15	0
3.19373e+15	0
3.1955e+15	0
3.19726e+15	0
3.19902e+15	0
3.20079e+15	0
3.20255e+15	0
3.20432e+15	0
3.20608e+15	0
3.20784e+15	0
3.20961e+15	0
3.21137e+15	0
3.21313e+15	0
3.2149e+15	0
3.21666e+15	0
3.21842e+15	0
3.22019e+15	0
3.22195e+15	0
3.22371e+15	0
3.22548e+15	0
3.22724e+15	0
3.229e+15	0
3.23077e+15	0
3.23253e+15	0
3.23429e+15	0
3.23606e+15	0
3.23782e+15	0
3.23959e+15	0
3.24135e+15	0
3.24311e+15	0
3.24488e+15	0
3.24664e+15	0
3.2484e+15	0
3.25017e+15	0
3.25193e+15	0
3.25369e+15	0
3.25546e+15	0
3.25722e+15	0
3.25898e+15	0
3.26075e+15	0
3.26251e+15	6.5791e-20
3.26427e+15	3.5493e-19
3.26604e+15	8.62764e-19
3.2678e+15	1.57713e-18
3.26957e+15	2.48598e-18
3.27133e+15	3.57758e-18
3.27309e+15	4.84028e-18
3.27486e+15	2.41428e-22
3.27662e+15	2.97926e-22
3.27838e+15	3.57393e-22
3.28015e+15	4.19963e-22
3.28191e+15	4.84498e-22
3.28367e+15	5.5131e-22
3.28544e+15	6.18846e-22
3.2872e+15	6.87695e-22
3.28896e+15	7.57209e-22
3.29073e+15	8.25321e-22
3.29249e+15	8.94571e-22
3.29425e+15	9.62203e-22
3.29602e+15	3.29593e-17
3.29778e+15	3.56269e-17
3.29955e+15	3.83345e-17
3.30131e+15	4.10632e-17
3.30307e+15	4.38102e-17
3.30484e+15	4.65579e-17
3.3066e+15	4.93118e-17
3.30836e+15	5.20622e-17
3.31013e+15	5.47961e-17
3.31189e+15	5.75031e-17
3.31365e+15	6.02024e-17
3.31542e+15	6.28632e-17
3.31718e+15	1.92224e-17
3.31894e+15	1.99813e-17
3.32071e+15	2.07299e-17
3.32247e+15	2.14707e-17
3.32423e+15	2.21856e-17
3.326e+15	2.28887e-17
3.32776e+15	2.35736e-17
3.32953e+15	2.42377e-17
3.33129e+15	2.48886e-17
3.33305e+15	2.55095e-17
3.33482e+15	2.61103e-17
3.33658e+15	9.20794e-17
3.33834e+15	9.39637e-17
3.34011e+15	9.57403e-17
3.34187e+15	9.74432e-17
3.34363e+15	9.90204e-17
3.3454e+15	1.00519e-16
3.34716e+15	1.0191e-16
3.34892e+15	1.0321e-16
3.35069e+15	1.04409e-16
3.35245e+15	1.06029e-16
3.35421e+15	1.07027e-16
3.35598e+15	1.07922e-16
3.35774e+15	1.08706e-16
3.3595e+15	1.09351e-16
3.36127e+15	1.09909e-16
3.36303e+15	1.10374e-16
3.3648e+15	1.10725e-16
3.36656e+15	1.10947e-16
3.36832e+15	1.11636e-16
3.37009e+15	1.11655e-16
3.37185e+15	1.11594e-16
3.37361e+15	1.1139e-16
3.37538e+15	1.11083e-16
3.37714e+15	1.10677e-16
3.3789e+15	1.13178e-16
3.38067e+15	1.12578e-16
3.38243e+15	1.12475e-16
3.38419e+15	1.11682e-16
3.38596e+15	1.10814e-16
3.38772e+15	1.09803e-16
3.38948e+15	1.08746e-16
3.39125e+15	1.07543e-16
3.39301e+15	1.06306e-16
3.39478e+15	1.05485e-16
3.39654e+15	1.04062e-16
3.3983e+15	1.02551e-16
3.40007e+15	1.00951e-16
3.40183e+15	9.92965e-17
3.40359e+15	9.75419e-17
3.40536e+15	9.57237e-17
3.40712e+15	9.43235e-17
3.40888e+15	9.23661e-17
3.41065e+15	9.03433e-17
3.41241e+15	8.83224e-17
3.41417e+15	8.61822e-17
3.41594e+15	8.4042e-17
3.4177e+15	8.22534e-17
3.41946e+15	7.99974e-17
3.42123e+15	7.77192e-17
3.42299e+15	7.53998e-17
3.42476e+15	7.30573e-17
3.42652e+15	7.06926e-17
3.42828e+15	6.866e-17
3.43005e+15	6.62421e-17
3.43181e+15	6.38468e-17
3.43357e+15	6.14349e-17
3.43534e+15	5.89794e-17
3.4371e+15	5.6826e-17
3.43886e+15	5.4409e-17
3.44063e+15	5.20356e-17
3.44239e+15	4.9631e-17
3.44415e+15	4.72394e-17
3.44592e+15	4.51071e-17
3.44768e+15	4.27454e-17
3.44944e+15	4.04186e-17
3.45121e+15	3.81609e-17
3.45297e+15	3.60847e-17
3.45473e+15	3.38561e-17
3.4565e+15	3.22002e-17
3.45826e+15	3.00631e-17
3.46003e+15	2.80971e-17
3.46179e+15	2.60473e-17
3.46355e+15	2.40616e-17
3.46532e+15	2.2218e-17
3.46708e+15	2.03422e-17
3.46884e+15	1.85346e-17
3.47061e+15	1.68687e-17
3.47237e+15	1.51963e-17
3.47413e+15	1.36089e-17
