5.29056e+12	1.26893e+32
7.05408e+12	7.129e+32
8.8176e+12	2.71918e+33
1.05811e+13	8.11837e+33
1.23446e+13	2.04679e+34
1.41082e+13	4.55978e+34
1.58717e+13	9.23741e+34
1.76352e+13	1.73777e+35
1.93987e+13	3.07772e+35
2.11622e+13	5.18601e+35
2.29258e+13	8.38038e+35
2.46893e+13	1.30684e+36
2.64528e+13	1.97531e+36
2.82163e+13	2.90826e+36
2.99798e+13	4.18239e+36
3.17434e+13	5.89078e+36
3.35069e+13	8.14047e+36
3.52704e+13	1.10685e+37
3.70339e+13	1.4825e+37
3.87974e+13	1.9578e+37
4.0561e+13	2.56308e+37
4.23245e+13	3.30519e+37
4.4088e+13	4.21986e+37
4.58515e+13	5.33596e+37
4.7615e+13	6.6844e+37
4.93785e+13	8.3085e+37
5.11421e+13	1.02433e+38
5.29056e+13	1.25446e+38
5.46691e+13	1.52526e+38
5.64326e+13	1.84386e+38
5.81961e+13	2.21483e+38
5.99597e+13	2.64702e+38
6.17232e+13	3.14558e+38
6.34867e+13	3.72149e+38
6.52502e+13	4.38022e+38
6.70137e+13	5.13299e+38
6.87773e+13	5.99286e+38
7.05408e+13	6.96561e+38
7.23043e+13	8.06968e+38
7.40678e+13	9.31079e+38
7.58313e+13	1.07059e+39
7.75949e+13	1.22758e+39
7.93584e+13	1.40252e+39
8.11219e+13	1.59761e+39
8.28854e+13	1.81465e+39
8.46489e+13	2.05654e+39
8.64125e+13	2.3234e+39
8.8176e+13	2.61828e+39
8.99395e+13	2.94341e+39
9.1703e+13	3.3142e+39
9.34665e+13	3.7106e+39
9.52301e+13	4.14344e+39
9.69936e+13	4.61723e+39
9.87571e+13	5.13477e+39
1.00521e+14	5.69929e+39
1.02284e+14	6.314e+39
1.04048e+14	6.98251e+39
1.05811e+14	7.712e+39
1.07575e+14	8.4991e+39
1.09338e+14	9.35136e+39
1.11102e+14	1.02727e+40
1.12865e+14	1.12675e+40
1.14629e+14	1.23401e+40
1.16392e+14	1.34957e+40
1.18156e+14	1.47387e+40
1.19919e+14	1.60742e+40
1.21683e+14	1.75075e+40
1.23446e+14	1.9044e+40
1.2521e+14	2.06899e+40
1.26973e+14	2.24397e+40
1.28737e+14	2.43204e+40
1.305e+14	2.63295e+40
1.32264e+14	2.84723e+40
1.34027e+14	3.07552e+40
1.35791e+14	3.31872e+40
1.37555e+14	3.57732e+40
1.39318e+14	3.86528e+40
1.41082e+14	4.15618e+40
1.42845e+14	4.4669e+40
1.44609e+14	4.79636e+40
1.46372e+14	5.1454e+40
1.48136e+14	5.51492e+40
1.49899e+14	5.90281e+40
1.51663e+14	6.31608e+40
1.53426e+14	6.75239e+40
1.5519e+14	7.21301e+40
1.56953e+14	7.6949e+40
1.58717e+14	8.20676e+40
1.6048e+14	8.74606e+40
1.62244e+14	9.30948e+40
1.64007e+14	9.90657e+40
1.65771e+14	1.05344e+41
1.67534e+14	1.11888e+41
1.69298e+14	1.19297e+41
1.71061e+14	1.26599e+41
1.72825e+14	1.34193e+41
1.74588e+14	1.42221e+41
1.76352e+14	1.50632e+41
1.78115e+14	1.59365e+41
1.79879e+14	1.68584e+41
1.81643e+14	1.78143e+41
1.83406e+14	1.88225e+41
1.8517e+14	1.98662e+41
1.86933e+14	2.09669e+41
1.88697e+14	2.21167e+41
1.9046e+14	2.33046e+41
1.92224e+14	2.45553e+41
1.93987e+14	2.58468e+41
1.95751e+14	2.72062e+41
1.97514e+14	2.87067e+41
1.99278e+14	3.01858e+41
2.01041e+14	3.17106e+41
2.02805e+14	3.32957e+41
2.04568e+14	3.49608e+41
2.06332e+14	3.66734e+41
2.08095e+14	3.84724e+41
2.09859e+14	4.03215e+41
2.11622e+14	4.22614e+41
2.13386e+14	4.42522e+41
2.15149e+14	4.63419e+41
2.16913e+14	4.84844e+41
2.18676e+14	5.07053e+41
2.2044e+14	5.30334e+41
2.22203e+14	5.54174e+41
2.23967e+14	5.78849e+41
2.25731e+14	6.04697e+41
2.27494e+14	6.33791e+41
2.29258e+14	6.61589e+41
2.31021e+14	6.90002e+41
2.32785e+14	7.19366e+41
2.34548e+14	7.50099e+41
2.36312e+14	7.81457e+41
2.38075e+14	8.13854e+41
2.39839e+14	8.47733e+41
2.41602e+14	8.82241e+41
2.43366e+14	9.17844e+41
2.45129e+14	9.54583e+41
2.46893e+14	9.96537e+41
2.48656e+14	1.03579e+42
2.5042e+14	1.07622e+42
2.52183e+14	1.11844e+42
2.53947e+14	1.16135e+42
2.5571e+14	1.20552e+42
2.57474e+14	1.25101e+42
2.59237e+14	1.29852e+42
2.61001e+14	1.34672e+42
2.62764e+14	1.40604e+42
2.64528e+14	1.45736e+42
2.66291e+14	1.51095e+42
2.68055e+14	1.56525e+42
2.69819e+14	1.62103e+42
2.71582e+14	1.67836e+42
2.73346e+14	1.73721e+42
2.75109e+14	1.79864e+42
2.76873e+14	1.86081e+42
2.78636e+14	1.92452e+42
2.804e+14	1.99873e+42
2.82163e+14	2.0662e+42
2.83927e+14	2.13541e+42
2.8569e+14	2.20753e+42
2.87454e+14	2.28026e+42
2.89217e+14	2.35484e+42
2.90981e+14	2.43135e+42
2.92744e+14	2.50968e+42
2.94508e+14	2.59955e+42
2.96271e+14	2.68352e+42
2.98035e+14	2.76808e+42
2.99798e+14	2.8547e+42
3.01562e+14	2.94337e+42
3.03325e+14	3.03409e+42
3.05089e+14	3.12687e+42
3.06852e+14	3.22179e+42
3.08616e+14	3.32078e+42
3.10379e+14	3.42027e+42
3.12143e+14	3.52198e+42
3.13906e+14	3.62582e+42
3.1567e+14	3.73193e+42
3.17434e+14	3.84044e+42
3.19197e+14	3.95142e+42
3.20961e+14	4.06469e+42
3.22724e+14	4.18047e+42
3.24488e+14	4.29871e+42
3.26251e+14	4.42181e+42
3.28015e+14	4.54496e+42
3.29778e+14	4.69204e+42
3.31542e+14	4.82097e+42
3.33305e+14	4.95255e+42
3.35069e+14	5.08674e+42
3.36832e+14	5.22365e+42
3.38596e+14	5.38401e+42
3.40359e+14	5.52703e+42
3.42123e+14	5.67289e+42
3.43886e+14	5.82146e+42
3.4565e+14	5.97291e+42
3.47413e+14	6.12719e+42
3.49177e+14	6.28793e+42
3.5094e+14	6.44811e+42
3.52704e+14	6.61137e+42
3.54467e+14	6.77782e+42
3.56231e+14	6.94725e+42
3.57994e+14	7.11983e+42
3.59758e+14	7.29518e+42
3.61522e+14	7.47384e+42
3.63285e+14	7.65546e+42
3.65049e+14	7.84059e+42
3.66812e+14	8.02874e+42
3.68576e+14	8.21999e+42
3.70339e+14	8.41486e+42
3.72103e+14	8.61269e+42
3.73866e+14	8.81405e+42
3.7563e+14	9.01879e+42
3.77393e+14	9.27058e+42
3.79157e+14	9.48335e+42
3.8092e+14	9.69924e+42
3.82684e+14	9.9584e+42
3.84447e+14	1.01823e+43
3.86211e+14	1.0416e+43
3.87974e+14	1.06473e+43
3.89738e+14	1.08821e+43
3.91501e+14	1.11974e+43
3.93265e+14	1.14411e+43
3.95028e+14	1.16889e+43
3.96792e+14	1.194e+43
3.98555e+14	1.21951e+43
4.00319e+14	1.2454e+43
4.02082e+14	1.27167e+43
4.03846e+14	1.29833e+43
4.0561e+14	1.32538e+43
4.07373e+14	1.35281e+43
4.09137e+14	1.38061e+43
4.109e+14	1.4088e+43
4.12664e+14	1.43739e+43
4.14427e+14	1.46635e+43
4.16191e+14	1.49574e+43
4.17954e+14	1.52553e+43
4.19718e+14	1.55572e+43
4.21481e+14	1.58633e+43
4.23245e+14	1.61731e+43
4.25008e+14	1.64869e+43
4.26772e+14	1.69591e+43
4.28535e+14	1.72848e+43
4.30299e+14	1.76148e+43
4.32062e+14	1.79485e+43
4.33826e+14	1.82864e+43
4.35589e+14	1.86288e+43
4.37353e+14	1.89751e+43
4.39116e+14	1.93261e+43
4.4088e+14	1.96808e+43
4.42643e+14	2.004e+43
4.44407e+14	2.04157e+43
4.4617e+14	2.0784e+43
4.47934e+14	2.1156e+43
4.49698e+14	2.15331e+43
4.51461e+14	2.1914e+43
4.53225e+14	2.23e+43
4.54988e+14	2.26899e+43
4.56752e+14	2.30842e+43
4.58515e+14	2.3482e+43
4.60279e+14	2.38844e+43
4.62042e+14	2.42916e+43
4.63806e+14	2.47027e+43
4.65569e+14	2.51182e+43
4.67333e+14	2.55385e+43
4.69096e+14	2.6076e+43
4.7086e+14	2.6507e+43
4.72623e+14	2.69419e+43
4.74387e+14	2.75229e+43
4.7615e+14	2.79701e+43
4.77914e+14	2.84222e+43
4.79677e+14	2.88774e+43
4.81441e+14	2.9337e+43
4.83204e+14	2.98202e+43
4.84968e+14	3.02895e+43
4.86731e+14	3.07635e+43
4.88495e+14	3.12422e+43
4.90258e+14	3.17256e+43
4.92022e+14	3.22118e+43
4.93785e+14	3.2703e+43
4.95549e+14	3.31982e+43
4.97313e+14	3.36981e+43
4.99076e+14	3.42016e+43
5.0084e+14	3.47108e+43
5.02603e+14	3.54643e+43
5.04367e+14	3.59862e+43
5.0613e+14	3.6511e+43
5.07894e+14	3.70403e+43
5.09657e+14	3.75984e+43
5.11421e+14	3.81359e+43
5.13184e+14	3.88535e+43
5.14948e+14	3.94041e+43
5.16711e+14	3.99587e+43
5.18475e+14	4.0518e+43
5.20238e+14	4.10795e+43
5.22002e+14	4.18716e+43
5.23765e+14	4.24472e+43
5.25529e+14	4.30252e+43
5.27292e+14	4.3607e+43
5.29056e+14	4.42239e+43
5.30819e+14	4.4815e+43
5.32583e+14	4.54103e+43
5.34346e+14	4.60101e+43
5.3611e+14	4.66145e+43
5.37873e+14	4.72226e+43
5.39637e+14	4.78342e+43
5.41401e+14	4.84487e+43
5.43164e+14	4.90688e+43
5.44928e+14	4.97258e+43
5.46691e+14	5.03529e+43
5.48455e+14	5.09838e+43
5.50218e+14	5.16202e+43
5.51982e+14	5.22584e+43
5.53745e+14	5.29e+43
5.55509e+14	5.35476e+43
5.57272e+14	5.44913e+43
5.59036e+14	5.51476e+43
5.60799e+14	5.58102e+43
5.62563e+14	5.6476e+43
5.64326e+14	5.71433e+43
5.6609e+14	5.78137e+43
5.67853e+14	5.8488e+43
5.69617e+14	5.92063e+43
5.7138e+14	6.02286e+43
5.73144e+14	6.0918e+43
5.74907e+14	6.16128e+43
5.76671e+14	6.23077e+43
5.78434e+14	6.30062e+43
5.80198e+14	6.37531e+43
5.81961e+14	6.4459e+43
5.83725e+14	6.51715e+43
5.85489e+14	6.58835e+43
5.87252e+14	6.65975e+43
5.89016e+14	6.73616e+43
5.90779e+14	6.8084e+43
5.92543e+14	6.88081e+43
5.94306e+14	6.95332e+43
5.9607e+14	7.02611e+43
5.97833e+14	7.1042e+43
5.99597e+14	7.17774e+43
6.0136e+14	7.28719e+43
6.03124e+14	7.36155e+43
6.04887e+14	7.4362e+43
6.06651e+14	7.51655e+43
6.08414e+14	7.59179e+43
6.10178e+14	7.71892e+43
6.11941e+14	7.79478e+43
6.13705e+14	7.87657e+43
6.15468e+14	7.953e+43
6.17232e+14	8.02953e+43
6.18995e+14	8.10639e+43
6.20759e+14	8.23223e+43
6.22522e+14	8.31583e+43
6.24286e+14	8.39371e+43
6.26049e+14	8.47164e+43
6.27813e+14	8.5502e+43
6.29577e+14	8.63491e+43
6.3134e+14	8.71333e+43
6.33104e+14	8.79395e+43
6.34867e+14	8.87395e+43
6.36631e+14	8.95505e+43
6.38394e+14	9.03639e+43
6.40158e+14	9.11762e+43
6.41921e+14	9.19837e+43
6.43685e+14	9.2798e+43
6.45448e+14	9.3612e+43
6.47212e+14	9.49121e+43
6.48975e+14	9.57356e+43
6.50739e+14	9.65581e+43
6.52502e+14	9.73827e+43
6.54266e+14	9.82095e+43
6.56029e+14	9.9035e+43
6.57793e+14	9.98593e+43
6.59556e+14	1.00686e+44
6.6132e+14	1.0151e+44
6.63083e+14	1.02345e+44
6.64847e+14	1.03173e+44
6.6661e+14	1.04004e+44
6.68374e+14	1.04833e+44
6.70137e+14	1.06329e+44
6.71901e+14	1.07163e+44
6.73664e+14	1.08003e+44
6.75428e+14	1.0884e+44
6.77192e+14	1.09672e+44
6.78955e+14	1.10514e+44
6.80719e+14	1.11346e+44
6.82482e+14	1.12186e+44
6.84246e+14	1.13026e+44
6.86009e+14	1.13858e+44
6.87773e+14	1.14701e+44
6.89536e+14	1.15538e+44
6.913e+14	1.16364e+44
6.93063e+14	1.1783e+44
6.94827e+14	1.18671e+44
6.9659e+14	1.1951e+44
6.98354e+14	1.20337e+44
7.00117e+14	1.21173e+44
7.01881e+14	1.2201e+44
7.03644e+14	1.22842e+44
7.05408e+14	1.23675e+44
7.07171e+14	1.24509e+44
7.08935e+14	1.25335e+44
7.10698e+14	1.26168e+44
7.12462e+14	1.26996e+44
7.14225e+14	1.27817e+44
7.15989e+14	1.29513e+44
7.17752e+14	1.30336e+44
7.19516e+14	1.31155e+44
7.2128e+14	1.32841e+44
7.23043e+14	1.33675e+44
7.24807e+14	1.34497e+44
7.2657e+14	1.35315e+44
7.28334e+14	1.3614e+44
7.30097e+14	1.36952e+44
7.31861e+14	1.37773e+44
7.33624e+14	1.38584e+44
7.35388e+14	1.39402e+44
7.37151e+14	1.402e+44
7.38915e+14	1.41008e+44
7.40678e+14	1.42603e+44
7.42442e+14	1.43412e+44
7.44205e+14	1.44213e+44
7.45969e+14	1.45e+44
7.47732e+14	1.45795e+44
7.49496e+14	1.4659e+44
7.51259e+14	1.47378e+44
7.53023e+14	1.48166e+44
7.54786e+14	1.48943e+44
7.5655e+14	1.49716e+44
7.58313e+14	1.50487e+44
7.60077e+14	1.51257e+44
7.6184e+14	1.52017e+44
7.63604e+14	1.52774e+44
7.65368e+14	1.53542e+44
7.67131e+14	1.54288e+44
7.68895e+14	1.55032e+44
7.70658e+14	1.55772e+44
7.72422e+14	1.56509e+44
7.74185e+14	1.58328e+44
7.75949e+14	1.59071e+44
7.77712e+14	1.59798e+44
7.79476e+14	1.60528e+44
7.81239e+14	1.6126e+44
7.83003e+14	1.61966e+44
7.84766e+14	1.62688e+44
7.8653e+14	1.63384e+44
7.88293e+14	1.64081e+44
7.90057e+14	1.65761e+44
7.9182e+14	1.66465e+44
7.93584e+14	1.67148e+44
7.95347e+14	1.67838e+44
7.97111e+14	1.68506e+44
7.98874e+14	1.69181e+44
8.00638e+14	1.69857e+44
8.02401e+14	1.70519e+44
8.04165e+14	1.71166e+44
8.05928e+14	1.71822e+44
8.07692e+14	1.72467e+44
8.09456e+14	1.73105e+44
8.11219e+14	1.73737e+44
8.12983e+14	1.7436e+44
8.14746e+14	1.74975e+44
8.1651e+14	1.75587e+44
8.18273e+14	1.76197e+44
8.20037e+14	1.76802e+44
8.218e+14	1.77394e+44
8.23564e+14	1.79165e+44
8.25327e+14	1.79747e+44
8.27091e+14	1.80323e+44
8.28854e+14	1.80888e+44
8.30618e+14	1.82781e+44
8.32381e+14	1.83342e+44
8.34145e+14	1.83887e+44
8.35908e+14	1.84446e+44
8.37672e+14	1.8498e+44
8.39435e+14	1.85515e+44
8.41199e+14	1.872e+44
8.42962e+14	1.87716e+44
8.44726e+14	1.88236e+44
8.46489e+14	1.88738e+44
8.48253e+14	1.89247e+44
8.50016e+14	1.89733e+44
8.5178e+14	1.90223e+44
8.53543e+14	1.90705e+44
8.55307e+14	1.91165e+44
8.57071e+14	1.91631e+44
8.58834e+14	1.92089e+44
8.60598e+14	1.92529e+44
8.62361e+14	1.92967e+44
8.64125e+14	1.93406e+44
8.65888e+14	1.93831e+44
8.67652e+14	1.94248e+44
8.69415e+14	1.94651e+44
8.71179e+14	1.95046e+44
8.72942e+14	1.95432e+44
8.74706e+14	1.9581e+44
8.76469e+14	1.96177e+44
8.78233e+14	1.96537e+44
8.79996e+14	1.96893e+44
8.8176e+14	1.97235e+44
8.83523e+14	1.97566e+44
8.85287e+14	1.97889e+44
8.8705e+14	1.98205e+44
8.88814e+14	2.00048e+44
8.90577e+14	2.00376e+44
8.92341e+14	2.00666e+44
8.94104e+14	2.02254e+44
8.95868e+14	2.02551e+44
8.97631e+14	2.02828e+44
8.99395e+14	2.03084e+44
9.01159e+14	2.03351e+44
9.02922e+14	2.0359e+44
9.04686e+14	2.0384e+44
9.06449e+14	2.0406e+44
9.08213e+14	2.04291e+44
9.09976e+14	2.04494e+44
9.1174e+14	2.04701e+44
9.13503e+14	2.04915e+44
9.15267e+14	2.05089e+44
9.1703e+14	2.05267e+44
9.18794e+14	2.05436e+44
9.20557e+14	2.05576e+44
9.22321e+14	2.05728e+44
9.24084e+14	2.05865e+44
9.25848e+14	2.05997e+44
9.27611e+14	2.0612e+44
9.29375e+14	2.06222e+44
9.31138e+14	2.06325e+44
9.32902e+14	2.06414e+44
9.34665e+14	2.065e+44
9.36429e+14	2.07947e+44
9.38192e+14	2.08022e+44
9.39956e+14	2.08074e+44
9.41719e+14	2.08115e+44
9.43483e+14	2.0815e+44
9.45247e+14	2.082e+44
9.4701e+14	2.08212e+44
9.48774e+14	2.08222e+44
9.50537e+14	2.0822e+44
9.52301e+14	2.11346e+44
9.54064e+14	2.11329e+44
9.55828e+14	2.11314e+44
9.57591e+14	2.11271e+44
9.59355e+14	2.11225e+44
9.61118e+14	2.1118e+44
9.62882e+14	2.11112e+44
9.64645e+14	2.11052e+44
9.66409e+14	2.10964e+44
9.68172e+14	2.10861e+44
9.69936e+14	2.10769e+44
9.71699e+14	2.10645e+44
9.73463e+14	2.10531e+44
9.75226e+14	2.1041e+44
9.7699e+14	2.10264e+44
9.78753e+14	2.10128e+44
9.80517e+14	2.0996e+44
9.8228e+14	2.09797e+44
9.84044e+14	2.0963e+44
9.85807e+14	2.09425e+44
9.87571e+14	2.09239e+44
9.89335e+14	2.09037e+44
9.91098e+14	2.08826e+44
9.92862e+14	2.08611e+44
9.94625e+14	2.08378e+44
9.96389e+14	2.08121e+44
9.98152e+14	2.07874e+44
9.99916e+14	2.0762e+44
1.00168e+15	2.07363e+44
1.00344e+15	2.07084e+44
1.00521e+15	2.06798e+44
1.00697e+15	2.06501e+44
1.00873e+15	2.06204e+44
1.0105e+15	2.05893e+44
1.01226e+15	2.07066e+44
1.01402e+15	2.06752e+44
1.01579e+15	2.06417e+44
1.01755e+15	2.06064e+44
1.01931e+15	2.07489e+44
1.02108e+15	2.07125e+44
1.02284e+15	2.06777e+44
1.0246e+15	2.0639e+44
1.02637e+15	2.06005e+44
1.02813e+15	2.05603e+44
1.0299e+15	2.05213e+44
1.03166e+15	2.04792e+44
1.03342e+15	2.04379e+44
1.03519e+15	2.03942e+44
1.03695e+15	2.03491e+44
1.03871e+15	2.03054e+44
1.04048e+15	2.02592e+44
1.04224e+15	2.02137e+44
1.044e+15	2.01684e+44
1.04577e+15	2.01191e+44
1.04753e+15	2.00712e+44
1.04929e+15	2.00206e+44
1.05106e+15	1.99714e+44
1.05282e+15	2.00539e+44
1.05458e+15	2.00014e+44
1.05635e+15	1.99491e+44
1.05811e+15	1.9897e+44
1.05988e+15	1.98413e+44
1.06164e+15	1.97876e+44
1.0634e+15	1.97326e+44
1.06517e+15	1.96766e+44
1.06693e+15	1.96197e+44
1.06869e+15	1.9562e+44
1.07046e+15	1.95044e+44
1.07222e+15	1.94433e+44
1.07398e+15	1.9384e+44
1.07575e+15	1.93238e+44
1.07751e+15	1.92627e+44
1.07927e+15	1.93502e+44
1.08104e+15	1.92877e+44
1.0828e+15	1.92241e+44
1.08456e+15	1.91619e+44
1.08633e+15	1.90969e+44
1.08809e+15	1.90316e+44
1.08986e+15	1.89652e+44
1.09162e+15	1.88986e+44
1.09338e+15	1.90049e+44
1.09515e+15	1.8939e+44
1.09691e+15	1.88708e+44
1.09867e+15	1.88013e+44
1.10044e+15	1.87309e+44
1.1022e+15	1.86626e+44
1.10396e+15	1.85915e+44
1.10573e+15	1.85203e+44
1.10749e+15	1.84497e+44
1.10925e+15	1.83764e+44
1.11102e+15	1.83031e+44
1.11278e+15	1.82304e+44
1.11454e+15	1.81565e+44
1.11631e+15	1.80837e+44
1.11807e+15	1.80078e+44
1.11983e+15	1.79345e+44
1.1216e+15	1.78575e+44
1.12336e+15	1.77821e+44
1.12513e+15	1.77058e+44
1.12689e+15	1.76274e+44
1.12865e+15	1.75508e+44
1.13042e+15	1.74713e+44
1.13218e+15	1.73936e+44
1.13394e+15	1.7315e+44
1.13571e+15	1.72347e+44
1.13747e+15	1.71555e+44
1.13923e+15	1.70756e+44
1.141e+15	1.69955e+44
1.14276e+15	1.69147e+44
1.14452e+15	1.68316e+44
1.14629e+15	1.67505e+44
1.14805e+15	1.66695e+44
1.14981e+15	1.65877e+44
1.15158e+15	1.65055e+44
1.15334e+15	1.65576e+44
1.15511e+15	1.64742e+44
1.15687e+15	1.63901e+44
1.15863e+15	1.63059e+44
1.1604e+15	1.62194e+44
1.16216e+15	1.61341e+44
1.16392e+15	1.6051e+44
1.16569e+15	1.59652e+44
1.16745e+15	1.58793e+44
1.16921e+15	1.5793e+44
1.17098e+15	1.57071e+44
1.17274e+15	1.56207e+44
1.1745e+15	1.56364e+44
1.17627e+15	1.5703e+44
1.17803e+15	1.56141e+44
1.17979e+15	1.55269e+44
1.18156e+15	1.54383e+44
1.18332e+15	1.535e+44
1.18509e+15	1.52604e+44
1.18685e+15	1.51723e+44
1.18861e+15	1.50823e+44
1.19038e+15	1.49925e+44
1.19214e+15	1.49042e+44
1.1939e+15	1.48136e+44
1.19567e+15	1.47236e+44
1.19743e+15	1.46348e+44
1.19919e+15	1.45437e+44
1.20096e+15	1.4455e+44
1.20272e+15	1.4364e+44
1.20448e+15	1.42746e+44
1.20625e+15	1.41831e+44
1.20801e+15	1.40931e+44
1.20977e+15	1.40015e+44
1.21154e+15	1.39113e+44
1.2133e+15	1.38194e+44
1.21507e+15	1.37293e+44
1.21683e+15	1.36372e+44
1.21859e+15	1.35472e+44
1.22036e+15	1.34568e+44
1.22212e+15	1.33648e+44
1.22388e+15	1.32741e+44
1.22565e+15	1.31837e+44
1.22741e+15	1.30923e+44
1.22917e+15	1.30022e+44
1.23094e+15	1.29118e+44
1.2327e+15	1.28197e+44
1.23446e+15	1.27298e+44
1.23623e+15	1.27505e+44
1.23799e+15	1.266e+44
1.23975e+15	1.25693e+44
1.24152e+15	1.24782e+44
1.24328e+15	1.23858e+44
1.24504e+15	1.22949e+44
1.24681e+15	1.22045e+44
1.24857e+15	1.21137e+44
1.25034e+15	1.20232e+44
1.2521e+15	1.19329e+44
1.25386e+15	1.18424e+44
1.25563e+15	1.17522e+44
1.25739e+15	1.16626e+44
1.25915e+15	1.15724e+44
1.26092e+15	1.14827e+44
1.26268e+15	1.13928e+44
1.26444e+15	1.1303e+44
1.26621e+15	1.12136e+44
1.26797e+15	1.11242e+44
1.26973e+15	1.10349e+44
1.2715e+15	1.10636e+44
1.27326e+15	1.09754e+44
1.27502e+15	1.08865e+44
1.27679e+15	1.07973e+44
1.27855e+15	1.07083e+44
1.28032e+15	1.06194e+44
1.28208e+15	1.05311e+44
1.28384e+15	1.0444e+44
1.28561e+15	1.03565e+44
1.28737e+15	1.02684e+44
1.28913e+15	1.01806e+44
1.2909e+15	1.00946e+44
1.29266e+15	1.00073e+44
1.29442e+15	9.92064e+43
1.29619e+15	9.83514e+43
1.29795e+15	9.74896e+43
1.29971e+15	9.66441e+43
1.30148e+15	9.57872e+43
1.30324e+15	9.49299e+43
1.305e+15	9.47054e+43
1.30677e+15	9.38482e+43
1.30853e+15	9.30059e+43
1.3103e+15	9.21584e+43
1.31206e+15	9.13253e+43
1.31382e+15	9.04821e+43
1.31559e+15	8.96513e+43
1.31735e+15	8.88155e+43
1.31911e+15	8.79938e+43
1.32088e+15	8.71619e+43
1.32264e+15	8.63445e+43
1.3244e+15	8.55189e+43
1.32617e+15	8.47073e+43
1.32793e+15	8.38992e+43
1.32969e+15	8.30904e+43
1.33146e+15	8.30736e+43
1.33322e+15	8.22726e+43
1.33498e+15	8.14642e+43
1.33675e+15	8.06674e+43
1.33851e+15	7.9876e+43
1.34027e+15	7.90768e+43
1.34204e+15	7.8293e+43
1.3438e+15	7.75112e+43
1.34557e+15	7.67329e+43
1.34733e+15	7.59491e+43
1.34909e+15	7.51806e+43
1.35086e+15	7.44141e+43
1.35262e+15	7.36524e+43
1.35438e+15	7.28946e+43
1.35615e+15	7.21427e+43
1.35791e+15	7.13857e+43
1.35967e+15	7.06407e+43
1.36144e+15	6.98985e+43
1.3632e+15	6.91604e+43
1.36496e+15	6.84263e+43
1.36673e+15	6.76973e+43
1.36849e+15	6.69765e+43
1.37025e+15	6.6258e+43
1.37202e+15	6.55407e+43
1.37378e+15	6.48275e+43
1.37555e+15	6.41202e+43
1.37731e+15	6.34159e+43
1.37907e+15	6.27184e+43
1.38084e+15	6.20222e+43
1.3826e+15	6.13343e+43
1.38436e+15	6.06491e+43
1.38613e+15	6.06755e+43
1.38789e+15	5.99942e+43
1.38965e+15	5.93149e+43
1.39142e+15	5.864e+43
1.39318e+15	5.7976e+43
1.39494e+15	5.7309e+43
1.39671e+15	5.66461e+43
1.39847e+15	5.59889e+43
1.40023e+15	5.53356e+43
1.402e+15	5.46871e+43
1.40376e+15	5.405e+43
1.40553e+15	5.34103e+43
1.40729e+15	5.27778e+43
1.40905e+15	5.21471e+43
1.41082e+15	5.15281e+43
1.41258e+15	5.09069e+43
1.41434e+15	5.02904e+43
1.41611e+15	4.96862e+43
1.41787e+15	4.90811e+43
1.41963e+15	4.84808e+43
1.4214e+15	4.78892e+43
1.42316e+15	4.7298e+43
1.42492e+15	4.67096e+43
1.42669e+15	4.61325e+43
1.42845e+15	4.55563e+43
1.43021e+15	4.49817e+43
1.43198e+15	4.44175e+43
1.43374e+15	4.38523e+43
1.4355e+15	4.32975e+43
1.43727e+15	4.27428e+43
1.43903e+15	4.21972e+43
1.4408e+15	4.19229e+43
1.44256e+15	4.13835e+43
1.44432e+15	4.08431e+43
1.44609e+15	4.0731e+43
1.44785e+15	4.01973e+43
1.44961e+15	3.96709e+43
1.45138e+15	3.91451e+43
1.45314e+15	3.86279e+43
1.4549e+15	3.81103e+43
1.45667e+15	3.76023e+43
1.45843e+15	3.70993e+43
1.46019e+15	3.65958e+43
1.46196e+15	3.61019e+43
1.46372e+15	3.56124e+43
1.46548e+15	3.51233e+43
1.46725e+15	3.46449e+43
1.46901e+15	3.4169e+43
1.47078e+15	3.36937e+43
1.47254e+15	3.32269e+43
1.4743e+15	3.27659e+43
1.47607e+15	3.2304e+43
1.47783e+15	3.18521e+43
1.47959e+15	3.1404e+43
1.48136e+15	3.09594e+43
1.48312e+15	3.05153e+43
1.48488e+15	3.0081e+43
1.48665e+15	2.96498e+43
1.48841e+15	2.92241e+43
1.49017e+15	2.88031e+43
1.49194e+15	2.83813e+43
1.4937e+15	2.79694e+43
1.49546e+15	2.7561e+43
1.49723e+15	2.7156e+43
1.49899e+15	2.67557e+43
1.50076e+15	2.63592e+43
1.50252e+15	2.59669e+43
1.50428e+15	2.55767e+43
1.50605e+15	2.51943e+43
1.50781e+15	2.48149e+43
1.50957e+15	2.44397e+43
1.51134e+15	2.40693e+43
1.5131e+15	2.37022e+43
1.51486e+15	2.33408e+43
1.51663e+15	2.29819e+43
1.51839e+15	2.26271e+43
1.52015e+15	2.22763e+43
1.52192e+15	2.19296e+43
1.52368e+15	2.15869e+43
1.52544e+15	2.12493e+43
1.52721e+15	2.09155e+43
1.52897e+15	2.08577e+43
1.53074e+15	2.05273e+43
1.5325e+15	2.02004e+43
1.53426e+15	1.98801e+43
1.53603e+15	1.95615e+43
1.53779e+15	1.92462e+43
1.53955e+15	1.89351e+43
1.54132e+15	1.86275e+43
1.54308e+15	1.83236e+43
1.54484e+15	1.80235e+43
1.54661e+15	1.77276e+43
1.54837e+15	1.74373e+43
1.55013e+15	1.71485e+43
1.5519e+15	1.68634e+43
1.55366e+15	1.65823e+43
1.55542e+15	1.63047e+43
1.55719e+15	1.60328e+43
1.55895e+15	1.57617e+43
1.56071e+15	1.54943e+43
1.56248e+15	1.52311e+43
1.56424e+15	1.49727e+43
1.56601e+15	1.47169e+43
1.56777e+15	1.44638e+43
1.56953e+15	1.42136e+43
1.5713e+15	1.39686e+43
1.57306e+15	1.37249e+43
1.57482e+15	1.34848e+43
1.57659e+15	1.32502e+43
1.57835e+15	1.30164e+43
1.58011e+15	1.2786e+43
1.58188e+15	1.26423e+43
1.58364e+15	1.2417e+43
1.5854e+15	1.21962e+43
1.58717e+15	1.19774e+43
1.58893e+15	1.17612e+43
1.59069e+15	1.16833e+43
1.59246e+15	1.14708e+43
1.59422e+15	1.1263e+43
1.59599e+15	1.10565e+43
1.59775e+15	1.08548e+43
1.59951e+15	1.06542e+43
1.60128e+15	1.04567e+43
1.60304e+15	1.02636e+43
1.6048e+15	1.00719e+43
1.60657e+15	9.88431e+42
1.60833e+15	9.6986e+42
1.61009e+15	9.51664e+42
1.61186e+15	9.33606e+42
1.61362e+15	9.15958e+42
1.61538e+15	8.98579e+42
1.61715e+15	8.81348e+42
1.61891e+15	8.64528e+42
1.62067e+15	8.47852e+42
1.62244e+15	8.31514e+42
1.6242e+15	8.15308e+42
1.62597e+15	7.99525e+42
1.62773e+15	7.83936e+42
1.62949e+15	7.68524e+42
1.63126e+15	7.53452e+42
1.63302e+15	7.38487e+42
1.63478e+15	7.23875e+42
1.63655e+15	7.09488e+42
1.63831e+15	6.95236e+42
1.64007e+15	6.81343e+42
1.64184e+15	6.67652e+42
1.6436e+15	6.5409e+42
1.64536e+15	6.40851e+42
1.64713e+15	6.27835e+42
1.64889e+15	6.15025e+42
1.65065e+15	6.02377e+42
1.65242e+15	5.89994e+42
1.65418e+15	5.77832e+42
1.65594e+15	5.65778e+42
1.65771e+15	5.54014e+42
1.65947e+15	5.42449e+42
1.66124e+15	5.31086e+42
1.663e+15	5.19844e+42
1.66476e+15	5.08867e+42
1.66653e+15	4.98087e+42
1.66829e+15	4.87523e+42
1.67005e+15	4.77119e+42
1.67182e+15	4.66854e+42
1.67358e+15	4.56811e+42
1.67534e+15	4.46953e+42
1.67711e+15	4.37265e+42
1.67887e+15	4.27771e+42
1.68063e+15	4.18434e+42
1.6824e+15	4.09279e+42
1.68416e+15	4.00222e+42
1.68592e+15	3.91381e+42
1.68769e+15	3.82705e+42
1.68945e+15	3.74205e+42
1.69122e+15	3.65847e+42
1.69298e+15	3.57657e+42
1.69474e+15	3.49612e+42
1.69651e+15	3.41727e+42
1.69827e+15	3.33981e+42
1.70003e+15	3.26412e+42
1.7018e+15	3.18955e+42
1.70356e+15	3.11647e+42
1.70532e+15	3.04474e+42
1.70709e+15	2.9744e+42
1.70885e+15	2.90543e+42
1.71061e+15	2.83795e+42
1.71238e+15	2.7718e+42
1.71414e+15	2.70681e+42
1.7159e+15	2.64312e+42
1.71767e+15	2.62001e+42
1.71943e+15	2.55801e+42
1.7212e+15	2.49736e+42
1.72296e+15	2.43775e+42
1.72472e+15	2.37935e+42
1.72649e+15	2.32212e+42
1.72825e+15	2.28071e+42
1.73001e+15	2.22546e+42
1.73178e+15	2.17147e+42
1.73354e+15	2.11855e+42
1.7353e+15	2.06663e+42
1.73707e+15	2.01588e+42
1.73883e+15	1.96614e+42
1.74059e+15	1.91771e+42
1.74236e+15	1.87007e+42
1.74412e+15	1.82338e+42
1.74588e+15	1.77767e+42
1.74765e+15	1.73299e+42
1.74941e+15	1.68924e+42
1.75117e+15	1.64642e+42
1.75294e+15	1.60479e+42
1.7547e+15	1.56385e+42
1.75647e+15	1.52376e+42
1.75823e+15	1.48457e+42
1.75999e+15	1.44625e+42
1.76176e+15	1.40882e+42
1.76352e+15	1.37243e+42
1.76528e+15	1.33661e+42
1.76705e+15	1.30157e+42
1.76881e+15	1.26733e+42
1.77057e+15	1.23405e+42
1.77234e+15	1.20141e+42
1.7741e+15	1.16945e+42
1.77586e+15	1.1383e+42
1.77763e+15	1.10802e+42
1.77939e+15	1.0782e+42
1.78115e+15	1.04907e+42
1.78292e+15	1.03416e+42
1.78468e+15	1.0062e+42
1.78645e+15	9.78775e+41
1.78821e+15	9.51952e+41
1.78997e+15	9.25926e+41
1.79174e+15	9.00382e+41
1.7935e+15	8.75454e+41
1.79526e+15	8.51226e+41
1.79703e+15	8.27502e+41
1.79879e+15	8.04312e+41
1.80055e+15	7.81804e+41
1.80232e+15	7.59733e+41
1.80408e+15	7.38185e+41
1.80584e+15	7.17287e+41
1.80761e+15	6.968e+41
1.80937e+15	6.76813e+41
1.81113e+15	6.57432e+41
1.8129e+15	6.38432e+41
1.81466e+15	6.20013e+41
1.81643e+15	6.01954e+41
1.81819e+15	5.84375e+41
1.81995e+15	5.67324e+41
1.82172e+15	5.50613e+41
1.82348e+15	5.34417e+41
1.82524e+15	5.18554e+41
1.82701e+15	5.03185e+41
1.82877e+15	4.88163e+41
1.83053e+15	4.73524e+41
1.8323e+15	4.59331e+41
1.83406e+15	4.45433e+41
1.83582e+15	4.32e+41
1.83759e+15	4.1883e+41
1.83935e+15	4.0608e+41
1.84111e+15	3.93621e+41
1.84288e+15	3.81557e+41
1.84464e+15	3.69742e+41
1.84641e+15	3.58309e+41
1.84817e+15	3.47131e+41
1.84993e+15	3.36312e+41
1.8517e+15	3.25749e+41
1.85346e+15	3.15519e+41
1.85522e+15	3.05524e+41
1.85699e+15	2.95857e+41
1.85875e+15	2.8646e+41
1.86051e+15	2.77277e+41
1.86228e+15	2.68413e+41
1.86404e+15	2.59741e+41
1.8658e+15	2.51364e+41
1.86757e+15	2.4318e+41
1.86933e+15	2.35285e+41
1.87109e+15	2.27564e+41
1.87286e+15	2.20105e+41
1.87462e+15	2.12862e+41
1.87638e+15	2.05794e+41
1.87815e+15	2.00248e+41
1.87991e+15	1.93561e+41
1.88168e+15	1.87092e+41
1.88344e+15	1.80813e+41
1.8852e+15	1.747e+41
1.88697e+15	1.68792e+41
1.88873e+15	1.63059e+41
1.89049e+15	1.57479e+41
1.89226e+15	1.52088e+41
1.89402e+15	1.46862e+41
1.89578e+15	1.41777e+41
1.89755e+15	1.36865e+41
1.89931e+15	1.32104e+41
1.90107e+15	1.27473e+41
1.90284e+15	1.23004e+41
1.9046e+15	1.18673e+41
1.90636e+15	1.14462e+41
1.90813e+15	1.10405e+41
1.90989e+15	1.06471e+41
1.91166e+15	1.02651e+41
1.91342e+15	9.89675e+40
1.91518e+15	9.53984e+40
1.91695e+15	9.19296e+40
1.91871e+15	8.85874e+40
1.92047e+15	8.53536e+40
1.92224e+15	8.22254e+40
1.924e+15	7.91892e+40
1.92576e+15	7.6268e+40
1.92753e+15	7.34394e+40
1.92929e+15	7.07034e+40
1.93105e+15	6.80486e+40
1.93282e+15	6.54933e+40
1.93458e+15	6.30278e+40
1.93634e+15	6.0641e+40
1.93811e+15	5.83252e+40
1.93987e+15	5.60984e+40
1.94164e+15	5.39475e+40
1.9434e+15	5.18707e+40
1.94516e+15	4.9869e+40
1.94693e+15	4.79268e+40
1.94869e+15	4.60604e+40
1.95045e+15	4.42578e+40
1.95222e+15	4.25188e+40
1.95398e+15	4.08407e+40
1.95574e+15	3.92164e+40
1.95751e+15	3.76556e+40
1.95927e+15	3.61507e+40
1.96103e+15	3.47005e+40
1.9628e+15	3.33021e+40
1.96456e+15	3.19544e+40
1.96632e+15	3.06509e+40
1.96809e+15	2.93999e+40
1.96985e+15	2.81949e+40
1.97161e+15	2.70346e+40
1.97338e+15	2.59174e+40
1.97514e+15	2.48416e+40
1.97691e+15	2.38079e+40
1.97867e+15	2.28116e+40
1.98043e+15	2.18485e+40
1.9822e+15	2.0926e+40
1.98396e+15	2.00401e+40
1.98572e+15	1.91865e+40
1.98749e+15	1.83661e+40
1.98925e+15	1.75787e+40
1.99101e+15	1.68213e+40
1.99278e+15	1.60924e+40
1.99454e+15	1.53921e+40
1.9963e+15	1.47168e+40
1.99807e+15	1.40707e+40
1.99983e+15	1.34511e+40
2.00159e+15	1.30958e+40
2.00336e+15	1.25139e+40
2.00512e+15	1.19559e+40
2.00689e+15	1.14198e+40
2.00865e+15	1.09054e+40
2.01041e+15	1.04126e+40
2.01218e+15	9.93956e+39
2.01394e+15	9.48601e+39
2.0157e+15	9.05106e+39
2.01747e+15	8.63423e+39
2.01923e+15	8.23482e+39
2.02099e+15	7.85223e+39
2.02276e+15	7.48571e+39
2.02452e+15	7.13474e+39
2.02628e+15	6.79868e+39
2.02805e+15	6.47731e+39
2.02981e+15	6.20893e+39
2.03157e+15	5.91271e+39
2.03334e+15	5.62914e+39
2.0351e+15	5.35793e+39
2.03687e+15	5.0986e+39
2.03863e+15	4.8507e+39
2.04039e+15	4.61387e+39
2.04216e+15	4.38759e+39
2.04392e+15	4.17147e+39
2.04568e+15	3.96492e+39
2.04745e+15	3.76764e+39
2.04921e+15	3.57953e+39
2.05097e+15	3.39977e+39
2.05274e+15	3.2284e+39
2.0545e+15	3.06484e+39
2.05626e+15	2.90875e+39
2.05803e+15	2.75991e+39
2.05979e+15	2.61802e+39
2.06155e+15	2.48278e+39
2.06332e+15	2.354e+39
2.06508e+15	2.23125e+39
2.06684e+15	2.11433e+39
2.06861e+15	2.00305e+39
2.07037e+15	1.9279e+39
2.07214e+15	1.82546e+39
2.0739e+15	1.72809e+39
2.07566e+15	1.63538e+39
2.07743e+15	1.54724e+39
2.07919e+15	1.46343e+39
2.08095e+15	1.38413e+39
2.08272e+15	1.30841e+39
2.08448e+15	1.23649e+39
2.08624e+15	1.16819e+39
2.08801e+15	1.10334e+39
2.08977e+15	1.04178e+39
2.09153e+15	9.83452e+38
2.0933e+15	9.28048e+38
2.09506e+15	8.75545e+38
2.09682e+15	8.25717e+38
2.09859e+15	7.78499e+38
2.10035e+15	7.33886e+38
2.10212e+15	6.9152e+38
2.10388e+15	6.51368e+38
2.10564e+15	6.13374e+38
2.10741e+15	5.77402e+38
2.10917e+15	5.43358e+38
2.11093e+15	5.11156e+38
2.1127e+15	4.80727e+38
2.11446e+15	4.52028e+38
2.11622e+15	4.24834e+38
2.11799e+15	3.99135e+38
2.11975e+15	3.74872e+38
2.12151e+15	3.51956e+38
2.12328e+15	3.3036e+38
2.12504e+15	3.0995e+38
2.1268e+15	2.90705e+38
2.12857e+15	2.72607e+38
2.13033e+15	2.55497e+38
2.1321e+15	2.39375e+38
2.13386e+15	2.242e+38
2.13562e+15	2.09915e+38
2.13739e+15	1.96457e+38
2.13915e+15	1.83827e+38
2.14091e+15	1.71914e+38
2.14268e+15	1.60712e+38
2.14444e+15	1.50191e+38
2.1462e+15	1.40295e+38
2.14797e+15	1.31e+38
2.14973e+15	1.22273e+38
2.15149e+15	1.14105e+38
2.15326e+15	1.06419e+38
2.15502e+15	9.92189e+37
2.15678e+15	9.24616e+37
2.15855e+15	8.6131e+37
2.16031e+15	8.02137e+37
2.16208e+15	7.46566e+37
2.16384e+15	6.94567e+37
2.1656e+15	6.45895e+37
2.16737e+15	6.00384e+37
2.16913e+15	5.57829e+37
2.17089e+15	5.18163e+37
2.17266e+15	4.81007e+37
2.17442e+15	4.49162e+37
2.17618e+15	4.16576e+37
2.17795e+15	3.86179e+37
2.17971e+15	3.57905e+37
2.18147e+15	3.3148e+37
2.18324e+15	3.06871e+37
2.185e+15	2.83955e+37
2.18676e+15	2.62611e+37
2.18853e+15	2.42801e+37
2.19029e+15	2.24328e+37
2.19205e+15	2.07173e+37
2.19382e+15	1.9122e+37
2.19558e+15	1.76429e+37
2.19735e+15	1.62708e+37
2.19911e+15	1.49945e+37
2.20087e+15	1.3811e+37
2.20264e+15	1.27142e+37
2.2044e+15	1.16987e+37
2.20616e+15	1.07601e+37
2.20793e+15	9.88924e+36
2.20969e+15	9.08418e+36
2.21145e+15	8.33984e+36
2.21322e+15	7.65186e+36
2.21498e+15	7.01844e+36
2.21674e+15	6.43199e+36
2.21851e+15	5.89108e+36
2.22027e+15	5.39236e+36
2.22203e+15	4.93285e+36
2.2238e+15	4.51066e+36
2.22556e+15	4.12121e+36
2.22733e+15	3.76298e+36
2.22909e+15	3.4337e+36
2.23085e+15	3.1315e+36
2.23262e+15	2.85436e+36
2.23438e+15	2.59956e+36
2.23614e+15	2.36583e+36
2.23791e+15	2.15168e+36
2.23967e+15	1.95596e+36
2.24143e+15	1.77644e+36
2.2432e+15	1.61229e+36
2.24496e+15	1.46232e+36
2.24672e+15	1.32526e+36
2.24849e+15	1.20042e+36
2.25025e+15	1.08637e+36
2.25201e+15	9.82348e+35
2.25378e+15	8.87652e+35
2.25554e+15	8.01442e+35
2.25731e+15	7.23172e+35
2.25907e+15	6.51888e+35
2.26083e+15	5.87158e+35
2.2626e+15	5.2842e+35
2.26436e+15	4.75179e+35
2.26612e+15	4.2702e+35
2.26789e+15	3.83335e+35
2.26965e+15	3.43821e+35
2.27141e+15	3.08106e+35
2.27318e+15	2.75926e+35
2.27494e+15	2.46818e+35
2.2767e+15	2.20583e+35
2.27847e+15	1.96967e+35
2.28023e+15	1.75697e+35
2.28199e+15	1.56606e+35
2.28376e+15	1.39424e+35
2.28552e+15	1.24004e+35
2.28728e+15	1.10178e+35
2.28905e+15	9.78019e+34
2.29081e+15	8.67377e+34
2.29258e+15	7.68319e+34
2.29434e+15	6.79803e+34
2.2961e+15	6.00821e+34
2.29787e+15	5.30458e+34
2.29963e+15	4.67887e+34
2.30139e+15	4.12145e+34
2.30316e+15	3.62615e+34
2.30492e+15	3.18654e+34
2.30668e+15	2.79697e+34
2.30845e+15	2.46741e+34
2.31021e+15	2.16086e+34
2.31197e+15	1.88952e+34
2.31374e+15	1.65017e+34
2.3155e+15	1.43929e+34
2.31726e+15	1.25364e+34
2.31903e+15	1.09042e+34
2.32079e+15	9.4734e+33
2.32256e+15	8.21685e+33
2.32432e+15	7.11701e+33
2.32608e+15	6.15553e+33
2.32785e+15	5.31559e+33
2.32961e+15	4.58327e+33
2.33137e+15	3.94665e+33
2.33314e+15	3.39226e+33
2.3349e+15	2.91125e+33
2.33666e+15	2.49412e+33
2.33843e+15	2.13316e+33
2.34019e+15	1.8213e+33
2.34195e+15	1.55231e+33
2.34372e+15	1.32081e+33
2.34548e+15	1.12194e+33
2.34724e+15	9.51042e+32
2.34901e+15	8.04608e+32
2.35077e+15	6.79392e+32
2.35254e+15	5.72534e+32
2.3543e+15	4.81493e+32
2.35606e+15	4.04082e+32
2.35783e+15	3.38394e+32
2.35959e+15	2.8277e+32
2.36135e+15	2.3576e+32
2.36312e+15	1.96161e+32
2.36488e+15	1.62794e+32
2.36664e+15	1.3478e+32
2.36841e+15	1.11321e+32
2.37017e+15	9.17072e+31
2.37193e+15	7.53536e+31
2.3737e+15	6.17577e+31
2.37546e+15	5.04737e+31
2.37722e+15	4.11399e+31
2.37899e+15	3.34353e+31
2.38075e+15	2.70921e+31
2.38251e+15	2.18862e+31
2.38428e+15	1.76259e+31
2.38604e+15	1.41504e+31
2.38781e+15	1.13225e+31
2.38957e+15	9.02958e+30
2.39133e+15	7.17561e+30
2.3931e+15	5.68195e+30
2.39486e+15	4.48284e+30
2.39662e+15	3.52322e+30
2.39839e+15	2.75815e+30
2.40015e+15	2.1505e+30
2.40191e+15	1.66974e+30
2.40368e+15	1.29087e+30
2.40544e+15	9.93535e+29
2.4072e+15	7.61251e+29
2.40897e+15	5.8045e+29
2.41073e+15	4.40408e+29
2.41249e+15	3.32447e+29
2.41426e+15	2.49626e+29
2.41602e+15	1.86368e+29
2.41779e+15	1.38391e+29
2.41955e+15	1.02152e+29
2.42131e+15	7.49405e+28
2.42308e+15	5.46309e+28
2.42484e+15	3.9809e+28
2.4266e+15	2.86272e+28
2.42837e+15	2.04375e+28
2.43013e+15	1.4481e+28
2.43189e+15	1.018e+28
2.43366e+15	7.09617e+27
2.43542e+15	4.90515e+27
2.43718e+15	3.36019e+27
2.43895e+15	2.28009e+27
2.44071e+15	1.53193e+27
2.44247e+15	1.01853e+27
2.44424e+15	6.69761e+26
2.446e+15	4.3527e+26
2.44777e+15	2.79477e+26
2.44953e+15	1.77135e+26
2.45129e+15	1.10741e+26
2.45306e+15	6.82394e+25
2.45482e+15	4.13927e+25
2.45658e+15	2.4703e+25
2.45835e+15	1.44859e+25
2.46011e+15	8.33707e+24
2.46187e+15	4.70255e+24
2.46364e+15	2.59505e+24
2.4654e+15	1.39945e+24
2.46716e+15	7.35983e+23
2.46893e+15	3.76547e+23
2.47069e+15	1.87078e+23
2.47245e+15	8.99854e+22
2.47422e+15	4.17819e+22
2.47598e+15	1.86517e+22
2.47775e+15	7.97708e+21
2.47951e+15	3.25211e+21
2.48127e+15	1.25651e+21
2.48304e+15	4.57124e+20
2.4848e+15	1.5531e+20
2.48656e+15	4.87851e+19
2.48833e+15	1.40052e+19
2.49009e+15	3.61671e+18
2.49185e+15	8.24574e+17
2.49362e+15	1.61798e+17
2.49538e+15	2.64138e+16
2.49714e+15	3.42569e+15
2.49891e+15	3.29988e+14
2.50067e+15	2.13566e+13
2.50243e+15	7.88523e+11
2.5042e+15	1.24408e+10
2.50596e+15	4.62532e+07
2.50772e+15	8384.41
2.50949e+15	2.62249e-05
2.51125e+15	2.26266e+38
2.51302e+15	1.66288e+39
2.51478e+15	4.33751e+39
2.51654e+15	8.14885e+39
2.51831e+15	1.30016e+40
2.52007e+15	1.88059e+40
2.52183e+15	2.56194e+40
2.5236e+15	3.30836e+40
2.52536e+15	4.12441e+40
2.52712e+15	4.999e+40
2.52889e+15	5.92555e+40
2.53065e+15	6.89531e+40
2.53241e+15	7.90378e+40
2.53418e+15	8.93843e+40
2.53594e+15	9.99442e+40
2.5377e+15	1.10649e+41
2.53947e+15	1.21433e+41
2.54123e+15	1.32249e+41
2.543e+15	1.47334e+41
2.54476e+15	1.58322e+41
2.54652e+15	1.69148e+41
2.54829e+15	1.79765e+41
2.55005e+15	1.90118e+41
2.55181e+15	2.00164e+41
2.55358e+15	2.09836e+41
2.55534e+15	2.19117e+41
2.5571e+15	2.27901e+41
2.55887e+15	2.36273e+41
2.56063e+15	2.44123e+41
2.56239e+15	2.51426e+41
2.56416e+15	2.5815e+41
2.56592e+15	2.64275e+41
2.56768e+15	2.69798e+41
2.56945e+15	2.74637e+41
2.57121e+15	2.78806e+41
2.57298e+15	2.8232e+41
2.57474e+15	2.85106e+41
2.5765e+15	2.87201e+41
2.57827e+15	2.88575e+41
2.58003e+15	2.89217e+41
2.58179e+15	2.89131e+41
2.58356e+15	2.88329e+41
2.58532e+15	2.86799e+41
2.58708e+15	2.84555e+41
2.58885e+15	2.81627e+41
2.59061e+15	2.77976e+41
2.59237e+15	2.73641e+41
2.59414e+15	2.68655e+41
2.5959e+15	2.64665e+41
2.59766e+15	2.58362e+41
2.59943e+15	2.51555e+41
2.60119e+15	2.44071e+41
2.60295e+15	2.36044e+41
2.60472e+15	2.27525e+41
2.60648e+15	2.18524e+41
2.60825e+15	2.09078e+41
2.61001e+15	1.99241e+41
2.61177e+15	1.89052e+41
2.61354e+15	1.78571e+41
2.6153e+15	1.6788e+41
2.61706e+15	1.56931e+41
2.61883e+15	1.45843e+41
2.62059e+15	1.34666e+41
2.62235e+15	1.23457e+41
2.62412e+15	1.12296e+41
2.62588e+15	1.0124e+41
2.62764e+15	9.03648e+40
2.62941e+15	8.1897e+40
2.63117e+15	7.12725e+40
2.63293e+15	6.10481e+40
2.6347e+15	5.13027e+40
2.63646e+15	4.21394e+40
2.63823e+15	3.36124e+40
2.63999e+15	2.58292e+40
2.64175e+15	1.88823e+40
2.64352e+15	1.28685e+40
2.64528e+15	7.88423e+39
2.64704e+15	4.02592e+39
2.64881e+15	1.40093e+39
2.65057e+15	1.15149e+38
2.65233e+15	0
2.6541e+15	0
2.65586e+15	0
2.65762e+15	0
2.65939e+15	0
2.66115e+15	0
2.66291e+15	0
2.66468e+15	0
2.66644e+15	0
2.66821e+15	0
2.66997e+15	0
2.67173e+15	0
2.6735e+15	0
2.67526e+15	0
2.67702e+15	0
2.67879e+15	0
2.68055e+15	0
2.68231e+15	0
2.68408e+15	0
2.68584e+15	0
2.6876e+15	0
2.68937e+15	0
2.69113e+15	0
2.69289e+15	0
2.69466e+15	0
2.69642e+15	0
2.69819e+15	0
2.69995e+15	0
2.70171e+15	0
2.70348e+15	0
2.70524e+15	0
2.707e+15	0
2.70877e+15	0
2.71053e+15	0
2.71229e+15	0
2.71406e+15	0
2.71582e+15	0
2.71758e+15	0
2.71935e+15	0
2.72111e+15	0
2.72287e+15	0
2.72464e+15	0
2.7264e+15	0
2.72816e+15	0
2.72993e+15	0
2.73169e+15	0
2.73346e+15	0
2.73522e+15	0
2.73698e+15	0
2.73875e+15	0
2.74051e+15	0
2.74227e+15	0
2.74404e+15	0
2.7458e+15	0
2.74756e+15	0
2.74933e+15	0
2.75109e+15	0
2.75285e+15	0
2.75462e+15	0
2.75638e+15	0
2.75814e+15	0
2.75991e+15	0
2.76167e+15	0
2.76344e+15	0
2.7652e+15	0
2.76696e+15	0
2.76873e+15	0
2.77049e+15	0
2.77225e+15	0
2.77402e+15	0
2.77578e+15	0
2.77754e+15	0
2.77931e+15	0
2.78107e+15	0
2.78283e+15	0
2.7846e+15	0
2.78636e+15	0
2.78812e+15	0
2.78989e+15	0
2.79165e+15	0
2.79342e+15	0
2.79518e+15	0
2.79694e+15	0
2.79871e+15	0
2.80047e+15	0
2.80223e+15	0
2.804e+15	0
2.80576e+15	0
2.80752e+15	0
2.80929e+15	0
2.81105e+15	0
2.81281e+15	0
2.81458e+15	0
2.81634e+15	0
2.8181e+15	0
2.81987e+15	0
2.82163e+15	0
2.82339e+15	0
2.82516e+15	0
2.82692e+15	0
2.82869e+15	0
2.83045e+15	0
2.83221e+15	0
2.83398e+15	0
2.83574e+15	0
2.8375e+15	0
2.83927e+15	0
2.84103e+15	0
2.84279e+15	0
2.84456e+15	0
2.84632e+15	0
2.84808e+15	0
2.84985e+15	0
2.85161e+15	0
2.85337e+15	0
2.85514e+15	0
2.8569e+15	0
2.85867e+15	0
2.86043e+15	0
2.86219e+15	0
2.86396e+15	0
2.86572e+15	0
2.86748e+15	0
2.86925e+15	0
2.87101e+15	0
2.87277e+15	0
2.87454e+15	0
2.8763e+15	0
2.87806e+15	0
2.87983e+15	0
2.88159e+15	0
2.88335e+15	0
2.88512e+15	0
2.88688e+15	0
2.88865e+15	0
2.89041e+15	0
2.89217e+15	0
2.89394e+15	0
2.8957e+15	0
2.89746e+15	0
2.89923e+15	0
2.90099e+15	0
2.90275e+15	0
2.90452e+15	0
2.90628e+15	0
2.90804e+15	0
2.90981e+15	0
2.91157e+15	0
2.91333e+15	0
2.9151e+15	0
2.91686e+15	0
2.91862e+15	0
2.92039e+15	0
2.92215e+15	0
2.92392e+15	0
2.92568e+15	0
2.92744e+15	0
2.92921e+15	0
2.93097e+15	0
2.93273e+15	0
2.9345e+15	0
2.93626e+15	0
2.93802e+15	0
2.93979e+15	0
2.94155e+15	0
2.94331e+15	0
2.94508e+15	0
2.94684e+15	0
2.9486e+15	0
2.95037e+15	0
2.95213e+15	0
2.9539e+15	0
2.95566e+15	0
2.95742e+15	0
2.95919e+15	0
2.96095e+15	0
2.96271e+15	0
2.96448e+15	0
2.96624e+15	0
2.968e+15	0
2.96977e+15	0
2.97153e+15	0
2.97329e+15	0
2.97506e+15	0
2.97682e+15	0
2.97858e+15	0
2.98035e+15	0
2.98211e+15	0
2.98388e+15	0
2.98564e+15	0
2.9874e+15	0
2.98917e+15	0
2.99093e+15	0
2.99269e+15	0
2.99446e+15	0
2.99622e+15	0
2.99798e+15	0
2.99975e+15	0
3.00151e+15	0
3.00327e+15	0
3.00504e+15	0
3.0068e+15	0
3.00856e+15	0
3.01033e+15	0
3.01209e+15	0
3.01386e+15	0
3.01562e+15	0
3.01738e+15	0
3.01915e+15	0
3.02091e+15	0
3.02267e+15	0
3.02444e+15	0
3.0262e+15	0
3.02796e+15	0
3.02973e+15	0
3.03149e+15	0
3.03325e+15	0
3.03502e+15	0
3.03678e+15	0
3.03854e+15	0
3.04031e+15	0
3.04207e+15	0
3.04383e+15	0
3.0456e+15	0
3.04736e+15	0
3.04913e+15	0
3.05089e+15	0
3.05265e+15	0
3.05442e+15	0
3.05618e+15	0
3.05794e+15	0
3.05971e+15	0
3.06147e+15	0
3.06323e+15	0
3.065e+15	0
3.06676e+15	0
3.06852e+15	0
3.07029e+15	0
3.07205e+15	0
3.07381e+15	0
3.07558e+15	0
3.07734e+15	0
3.07911e+15	0
3.08087e+15	0
3.08263e+15	0
3.0844e+15	0
3.08616e+15	0
3.08792e+15	0
3.08969e+15	0
3.09145e+15	0
3.09321e+15	0
3.09498e+15	0
3.09674e+15	0
3.0985e+15	0
3.10027e+15	0
3.10203e+15	0
3.10379e+15	0
3.10556e+15	0
3.10732e+15	0
3.10909e+15	0
3.11085e+15	0
3.11261e+15	0
3.11438e+15	0
3.11614e+15	0
3.1179e+15	0
3.11967e+15	0
3.12143e+15	0
3.12319e+15	0
3.12496e+15	0
3.12672e+15	0
3.12848e+15	0
3.13025e+15	0
3.13201e+15	0
3.13377e+15	0
3.13554e+15	0
3.1373e+15	0
3.13906e+15	0
3.14083e+15	0
3.14259e+15	0
3.14436e+15	0
3.14612e+15	0
3.14788e+15	0
3.14965e+15	0
3.15141e+15	0
3.15317e+15	0
3.15494e+15	0
3.1567e+15	0
3.15846e+15	0
3.16023e+15	0
3.16199e+15	0
3.16375e+15	0
3.16552e+15	0
3.16728e+15	0
3.16904e+15	0
3.17081e+15	0
3.17257e+15	0
3.17434e+15	0
3.1761e+15	0
3.17786e+15	0
3.17963e+15	0
3.18139e+15	0
3.18315e+15	0
3.18492e+15	0
3.18668e+15	0
3.18844e+15	0
3.19021e+15	0
3.19197e+15	0
3.19373e+15	0
3.1955e+15	0
3.19726e+15	0
3.19902e+15	0
3.20079e+15	0
3.20255e+15	0
3.20432e+15	0
3.20608e+15	0
3.20784e+15	0
3.20961e+15	0
3.21137e+15	0
3.21313e+15	0
3.2149e+15	0
3.21666e+15	0
3.21842e+15	0
3.22019e+15	0
3.22195e+15	0
3.22371e+15	0
3.22548e+15	0
3.22724e+15	0
3.229e+15	0
3.23077e+15	0
3.23253e+15	0
3.23429e+15	0
3.23606e+15	0
3.23782e+15	0
3.23959e+15	0
3.24135e+15	0
3.24311e+15	0
3.24488e+15	0
3.24664e+15	0
3.2484e+15	0
3.25017e+15	0
3.25193e+15	0
3.25369e+15	0
3.25546e+15	0
3.25722e+15	0
3.25898e+15	0
3.26075e+15	0
3.26251e+15	3.44299e+35
3.26427e+15	1.85704e+36
3.26604e+15	4.51252e+36
3.2678e+15	8.24517e+36
3.26957e+15	1.29907e+37
3.27133e+15	1.86932e+37
3.27309e+15	2.52795e+37
3.27486e+15	1.17376e+33
3.27662e+15	1.44844e+33
3.27838e+15	1.73755e+33
3.28015e+15	2.04175e+33
3.28191e+15	2.35551e+33
3.28367e+15	2.68033e+33
3.28544e+15	3.00868e+33
3.2872e+15	3.34341e+33
3.28896e+15	3.68138e+33
3.29073e+15	4.01237e+33
3.29249e+15	4.34903e+33
3.29425e+15	4.67783e+33
3.29602e+15	1.67585e+38
3.29778e+15	1.8102e+38
3.29955e+15	1.94623e+38
3.30131e+15	2.08317e+38
3.30307e+15	2.22152e+38
3.30484e+15	2.35885e+38
3.3066e+15	2.49636e+38
3.30836e+15	2.63333e+38
3.31013e+15	2.77019e+38
3.31189e+15	2.90507e+38
3.31365e+15	3.03847e+38
3.31542e+15	3.17001e+38
3.31718e+15	9.54016e+37
3.31894e+15	9.91017e+37
3.32071e+15	1.02682e+38
3.32247e+15	1.06415e+38
3.32423e+15	1.09874e+38
3.326e+15	1.13201e+38
3.32776e+15	1.1641e+38
3.32953e+15	1.19674e+38
3.33129e+15	1.22689e+38
3.33305e+15	1.25559e+38
3.33482e+15	1.28295e+38
3.33658e+15	4.59706e+38
3.33834e+15	4.68665e+38
3.34011e+15	4.76928e+38
3.34187e+15	4.84827e+38
3.34363e+15	4.9214e+38
3.3454e+15	4.99025e+38
3.34716e+15	5.05536e+38
3.34892e+15	5.11408e+38
3.35069e+15	5.16695e+38
3.35245e+15	5.24077e+38
3.35421e+15	5.28499e+38
3.35598e+15	5.32141e+38
3.35774e+15	5.35213e+38
3.3595e+15	5.37696e+38
3.36127e+15	5.39726e+38
3.36303e+15	5.41097e+38
3.3648e+15	5.41907e+38
3.36656e+15	5.42199e+38
3.36832e+15	5.44793e+38
3.37009e+15	5.44286e+38
3.37185e+15	5.43103e+38
3.37361e+15	5.41121e+38
3.37538e+15	5.38834e+38
3.37714e+15	5.35772e+38
3.3789e+15	5.32382e+38
3.38067e+15	5.28407e+38
3.38243e+15	5.26859e+38
3.38419e+15	5.21713e+38
3.38596e+15	5.16324e+38
3.38772e+15	5.10215e+38
3.38948e+15	5.0424e+38
3.39125e+15	4.97248e+38
3.39301e+15	4.90003e+38
3.39478e+15	4.85104e+38
3.39654e+15	4.76989e+38
3.3983e+15	4.68596e+38
3.40007e+15	4.5977e+38
3.40183e+15	4.50537e+38
3.40359e+15	4.40981e+38
3.40536e+15	4.31459e+38
3.40712e+15	4.23728e+38
3.40888e+15	4.13201e+38
3.41065e+15	4.02593e+38
3.41241e+15	3.91788e+38
3.41417e+15	3.80615e+38
3.41594e+15	3.69425e+38
3.4177e+15	3.59894e+38
3.41946e+15	3.48283e+38
3.42123e+15	3.36847e+38
3.42299e+15	3.24991e+38
3.42476e+15	3.13168e+38
3.42652e+15	3.01142e+38
3.42828e+15	2.90841e+38
3.43005e+15	2.78708e+38
3.43181e+15	2.66767e+38
3.43357e+15	2.54853e+38
3.43534e+15	2.43035e+38
3.4371e+15	2.32421e+38
3.43886e+15	2.20735e+38
3.44063e+15	2.09294e+38
3.44239e+15	1.97769e+38
3.44415e+15	1.86398e+38
3.44592e+15	1.76488e+38
3.44768e+15	1.65438e+38
3.44944e+15	1.5467e+38
3.45121e+15	1.44255e+38
3.45297e+15	1.34807e+38
3.45473e+15	1.24724e+38
3.4565e+15	1.15178e+38
3.45826e+15	1.05796e+38
3.46003e+15	9.72688e+37
3.46179e+15	8.85335e+37
3.46355e+15	8.01428e+37
3.46532e+15	7.25932e+37
3.46708e+15	6.49359e+37
3.46884e+15	5.77086e+37
3.47061e+15	5.11517e+37
3.47237e+15	4.47377e+37
3.47413e+15	3.88339e+37
