1.36192e-13
1.0844e-12
2.791e-12
4.68413e-12
6.27936e-12
7.31142e-12
7.71908e-12
7.57896e-12
7.03483e-12
6.24337e-12
5.34167e-12
4.43314e-12
3.58584e-12
2.83759e-12
2.2034e-12
1.683e-12
1.26706e-12
9.41804e-13
6.92119e-13
5.03472e-13
3.62897e-13
2.59409e-13
1.84037e-13
1.29667e-13
9.07844e-14
6.31924e-14
4.3751e-14
3.01406e-14
2.06687e-14
1.41126e-14
9.59755e-15
6.50257e-15
4.39019e-15
2.95426e-15
1.98182e-15
1.32558e-15
8.84196e-16
5.88239e-16
3.90376e-16
2.58459e-16
1.70738e-16
1.1255e-16
7.40429e-17
4.86164e-17
3.18628e-17
2.08459e-17
1.36153e-17
8.87839e-18
5.78058e-18
3.75808e-18
2.43974e-18
1.58171e-18
1.0241e-18
6.6223e-19
4.27708e-19
2.75916e-19
1.77794e-19
1.14441e-19
7.35855e-20
4.72672e-20
3.0332e-20
1.9446e-20
1.24554e-20
7.97079e-21
5.09647e-21
3.25593e-21
2.0784e-21
1.32569e-21
8.44931e-22
5.38122e-22
3.42474e-22
2.17806e-22
1.38426e-22
8.79182e-23
5.58033e-23
3.53973e-23
2.24396e-23
1.42168e-23
9.00197e-24
5.69677e-24
3.60314e-24
2.27773e-24
1.43911e-24
9.08794e-25
5.73615e-25
3.6188e-25
2.28193e-25
1.43826e-25
9.06102e-26
5.70589e-26
3.59155e-26
2.25973e-26
1.42119e-26
8.93449e-27
5.61456e-27
3.5269e-27
2.21465e-27
1.39013e-27
8.72261e-28
5.47121e-28
3.43058e-28
2.15032e-28
1.34738e-28
8.43989e-29
5.28496e-29
3.30833e-29
2.07033e-29
1.29521e-29
8.10042e-30
5.06464e-30
3.16565e-30
1.97813e-30
1.23574e-30
7.71752e-31
4.81851e-31
3.00769e-31
1.87689e-31
1.17094e-31
7.30337e-32
4.55411e-32
2.83908e-32
1.7695e-32
1.1026e-32
6.8689e-33
4.27817e-33
2.66398e-33
1.65847e-33
1.03227e-33
6.42367e-34
3.99653e-34
2.48595e-34
1.54602e-34
9.6128e-35
5.97585e-35
3.71419e-35
2.30805e-35
1.43399e-35
8.90769e-36
5.53228e-36
3.43531e-36
2.1328e-36
1.32391e-36
8.21656e-37
5.09857e-37
3.16326e-37
1.96222e-37
1.217e-37
7.54681e-38
4.67915e-38
2.9007e-38
1.79792e-38
1.11422e-38
6.90412e-39
4.2774e-39
2.64965e-39
1.64109e-39
1.01628e-39
6.2927e-40
3.89581e-40
2.41156e-40
1.49259e-40
9.23686e-41
5.71545e-41
3.53606e-41
2.18742e-41
1.35298e-41
8.36745e-42
5.17418e-42
3.19916e-42
1.97778e-42
1.22255e-42
7.55625e-43
4.66975e-43
2.88556e-43
1.78286e-43
1.10142e-43
6.80367e-44
4.20227e-44
2.59523e-44
1.60259e-44
9.89512e-45
6.10906e-45
3.77122e-45
2.32779e-45
1.43669e-45
8.86616e-46
5.47099e-46
3.37561e-46
2.08256e-46
1.28469e-46
7.92427e-47
4.88741e-47
3.01409e-47
1.85863e-47
1.14602e-47
7.0656e-48
4.3558e-48
2.68502e-48
1.65496e-48
1.01998e-48
