1.334824922283800106e+03
1.334824922283800106e+03
1.334824922283800106e+03
1.334824922283800106e+03
1.334824922283800106e+03
1.334824922283800106e+03
1.333963188957600096e+03
1.333963188957600096e+03
1.333963188957600096e+03
1.333963188957600096e+03
1.333963188957600096e+03
1.333963188957600096e+03
1.333101455631400086e+03
1.333101455631400086e+03
1.333101455631400086e+03
1.333101455631400086e+03
1.332239722305200075e+03
1.332239722305200075e+03
1.332239722305200075e+03
1.331377988979000065e+03
1.331377988979000065e+03
1.330516255652800055e+03
1.330516255652800055e+03
1.330516255652800055e+03
1.329654522326600045e+03
1.329654522326600045e+03
1.328792789000400035e+03
1.328792789000400035e+03
1.327931055674200024e+03
1.327931055674200024e+03
1.327069322348000014e+03
1.327069322348000014e+03
1.326207589021800004e+03
1.326207589021800004e+03
1.325345855695599994e+03
1.324484122369399984e+03
1.324484122369399984e+03
1.323622389043199973e+03
1.323622389043199973e+03
1.322760655716999963e+03
1.321898922390799953e+03
1.321898922390799953e+03
1.321037189064599943e+03
1.320175455738399933e+03
1.319313722412199922e+03
1.319313722412199922e+03
1.318451989085999912e+03
1.317590255759799902e+03
1.316728522433600119e+03
1.315866789107400109e+03
1.315866789107400109e+03
1.315005055781200099e+03
1.314143322455000089e+03
1.313281589128800078e+03
1.312419855802600068e+03
1.311558122476400058e+03
1.310696389150200048e+03
1.310696389150200048e+03
1.309834655824000038e+03
1.308972922497800027e+03
1.308111189171600017e+03
1.307249455845400007e+03
1.306387722519199997e+03
1.305525989192999987e+03
1.304664255866799977e+03
1.303802522540599966e+03
1.302940789214399956e+03
1.302079055888199946e+03
1.301217322561999936e+03
1.299493855909599915e+03
1.298632122583399905e+03
1.297770389257200122e+03
1.296908655931000112e+03
1.296046922604800102e+03
1.295185189278600092e+03
1.294323455952400082e+03
1.293461722626200071e+03
1.291738255973800051e+03
1.290876522647600041e+03
1.290014789321400031e+03
1.289153055995200020e+03
1.288291322669000010e+03
1.286567856016599990e+03
1.285706122690399980e+03
1.284844389364199969e+03
1.283982656037999959e+03
1.282259189385599939e+03
1.281397456059399929e+03
1.280535722733199918e+03
1.278812256080799898e+03
1.277950522754600115e+03
1.277088789428400105e+03
1.275365322776000085e+03
1.274503589449800074e+03
1.273641856123600064e+03
1.271918389471200044e+03
1.271056656145000034e+03
1.270194922818800023e+03
1.268471456166400003e+03
1.267609722840199993e+03
1.265886256187799972e+03
1.265024522861599962e+03
1.263301056209199942e+03
1.262439322882999932e+03
1.261577589556799921e+03
1.259854122904399901e+03
1.258992389578200118e+03
1.257268922925800098e+03
1.256407189599600088e+03
1.254683722947200067e+03
1.253821989621000057e+03
1.252098522968600037e+03
1.250375056316200016e+03
1.249513322990000006e+03
1.247789856337599986e+03
1.246928123011399975e+03
1.245204656358999955e+03
1.244342923032799945e+03
1.242619456380399924e+03
1.241757723054199914e+03
1.240034256401800121e+03
1.238310789749400101e+03
1.237449056423200091e+03
1.235725589770800070e+03
1.234002123118400050e+03
1.233140389792200040e+03
1.231416923139800019e+03
1.230555189813600009e+03
1.228831723161199989e+03
1.227108256508799968e+03
1.226246523182599958e+03
1.224523056530199938e+03
1.222799589877799917e+03
1.221937856551599907e+03
1.220214389899200114e+03
1.218490923246800094e+03
1.216767456594400073e+03
1.215905723268200063e+03
1.214182256615800043e+03
1.212458789963400022e+03
1.211597056637200012e+03
1.209873589984799992e+03
1.208150123332399971e+03
1.206426656679999951e+03
1.205564923353799941e+03
1.203841456701399920e+03
1.202117990048999900e+03
1.200394523396600107e+03
1.199532790070400097e+03
1.197809323418000076e+03
1.196085856765600056e+03
1.194362390113200036e+03
1.192638923460800015e+03
1.191777190134600005e+03
1.190053723482199985e+03
1.188330256829799964e+03
1.186606790177399944e+03
1.184883323524999923e+03
1.183159856872599903e+03
1.182298123546400120e+03
1.180574656894000100e+03
1.178851190241600079e+03
1.177127723589200059e+03
1.175404256936800039e+03
1.173680790284400018e+03
1.172819056958200008e+03
1.171095590305799988e+03
1.169372123653399967e+03
1.167648657000999947e+03
1.165925190348599926e+03
1.164201723696199906e+03
1.162478257043800113e+03
1.161616523717600103e+03
1.159893057065200082e+03
1.158169590412800062e+03
1.156446123760400042e+03
1.154722657108000021e+03
1.152999190455600001e+03
1.151275723803199980e+03
1.149552257150799960e+03
1.147828790498399940e+03
1.146105323845999919e+03
1.145243590519799909e+03
1.143520123867400116e+03
1.141796657215000096e+03
1.140073190562600075e+03
1.138349723910200055e+03
1.136626257257800034e+03
1.134902790605400014e+03
1.133179323952999994e+03
1.131455857300599973e+03
1.129732390648199953e+03
1.128008923995799933e+03
1.126285457343399912e+03
1.124561990691000119e+03
1.123700257364800109e+03
1.121976790712400089e+03
1.120253324060000068e+03
1.118529857407600048e+03
1.116806390755200027e+03
1.115082924102800007e+03
1.113359457450399987e+03
1.111635990797999966e+03
1.109912524145599946e+03
1.108189057493199925e+03
1.106465590840799905e+03
1.104742124188400112e+03
1.103018657536000092e+03
1.101295190883600071e+03
1.099571724231200051e+03
1.097848257578800030e+03
1.096124790926400010e+03
1.094401324273999990e+03
1.092677857621599969e+03
1.090954390969199949e+03
1.089230924316799928e+03
1.088369190990599918e+03
1.086645724338199898e+03
1.084922257685800105e+03
1.083198791033400084e+03
1.081475324381000064e+03
1.079751857728600044e+03
1.078028391076200023e+03
1.076304924423800003e+03
1.074581457771399982e+03
1.072857991118999962e+03
1.071134524466599942e+03
1.069411057814199921e+03
1.067687591161799901e+03
1.065964124509400108e+03
1.064240657857000087e+03
1.062517191204600067e+03
1.060793724552200047e+03
1.059070257899800026e+03
1.057346791247400006e+03
1.055623324594999985e+03
1.053899857942599965e+03
1.052176391290199945e+03
1.050452924637799924e+03
1.048729457985399904e+03
1.047005991333000111e+03
1.045282524680600091e+03
1.043559058028200070e+03
1.041835591375800050e+03
1.040112124723400029e+03
1.038388658071000009e+03
1.036665191418599989e+03
1.034941724766199968e+03
1.033218258113799948e+03
1.032356524787599938e+03
1.030633058135199917e+03
1.028909591482799897e+03
1.027186124830400104e+03
1.025462658178000083e+03
1.023739191525600063e+03
1.022015724873200043e+03
1.020292258220800022e+03
1.018568791568400002e+03
1.016845324915999981e+03
1.015121858263599961e+03
1.013398391611200054e+03
1.011674924958800034e+03
1.009951458306400013e+03
1.008227991653999993e+03
1.006504525001599973e+03
1.004781058349199952e+03
1.003057591696800046e+03
1.001334125044400025e+03
9.996106583920000048e+02
9.978871917395999844e+02
9.961637250871999640e+02
9.953019917609999538e+02
9.935785251086000471e+02
9.918550584562000267e+02
9.901315918038000063e+02
9.884081251513999860e+02
9.866846584989999656e+02
9.849611918466000589e+02
9.832377251942000385e+02
9.815142585418000181e+02
9.797907918893999977e+02
9.780673252369999773e+02
9.763438585845999569e+02
9.746203919322000502e+02
9.728969252798000298e+02
9.711734586274000094e+02
9.703117253011999992e+02
9.685882586487999788e+02
9.668647919963999584e+02
9.651413253440000517e+02
9.634178586916000313e+02
9.616943920392000109e+02
9.599709253867999905e+02
9.582474587343999701e+02
9.565239920820000634e+02
9.548005254296000430e+02
9.530770587772000226e+02
9.522153254510000124e+02
9.504918587985999920e+02
9.487683921461999716e+02
9.470449254937999513e+02
9.453214588414000445e+02
9.435979921890000242e+02
9.418745255366000038e+02
9.401510588841999834e+02
9.384275922317999630e+02
9.375658589055999528e+02
9.358423922532000461e+02
9.341189256008000257e+02
9.323954589484000053e+02
9.306719922959999849e+02
9.289485256435999645e+02
9.272250589912000578e+02
9.263633256650000476e+02
9.246398590126000272e+02
9.229163923602000068e+02
9.211929257077999864e+02
9.194694590553999660e+02
9.177459924030000593e+02
9.160225257506000389e+02
9.151607924244000287e+02
9.134373257720000083e+02
9.117138591195999879e+02
9.099903924671999675e+02
9.082669258148000608e+02
9.065434591624000404e+02
9.056817258362000302e+02
9.039582591838000099e+02
9.022347925313999895e+02
9.005113258789999691e+02
8.987878592266000624e+02
8.979261259004000522e+02
8.962026592480000318e+02
8.944791925956000114e+02
8.927557259431999910e+02
8.910322592907999706e+02
8.901705259645999604e+02
8.884470593122000537e+02
8.867235926598000333e+02
8.850001260074000129e+02
8.832766593549999925e+02
8.824149260287999823e+02
8.806914593763999619e+02
8.789679927240000552e+02
8.772445260716000348e+02
8.763827927454000246e+02
8.746593260930000042e+02
8.729358594405999838e+02
8.712123927881999634e+02
8.694889261358000567e+02
8.686271928096000465e+02
8.669037261572000261e+02
8.651802595048000057e+02
8.634567928523999853e+02
8.625950595261999752e+02
8.608715928737999548e+02
8.594066462192599829e+02
8.578555262321000328e+02
8.563905795775600609e+02
8.549256329230199754e+02
8.534606862684800035e+02
8.519095662813200533e+02
8.504446196267799678e+02
8.489796729722399959e+02
8.475147263177000241e+02
8.460497796631600522e+02
8.445848330086199667e+02
8.431198863540799948e+02
8.416549396995400230e+02
8.401899930450000511e+02
8.387250463904599656e+02
8.372600997359199937e+02
8.357951530813800218e+02
8.344163797594600283e+02
8.329514331049200564e+02
8.314864864503799708e+02
8.300215397958399990e+02
8.286427664739200054e+02
8.271778198193800336e+02
8.257990464974600400e+02
8.243340998429199544e+02
8.228691531883799826e+02
8.214903798664599890e+02
8.200254332119200171e+02
8.186466598900000236e+02
8.172678865680800300e+02
8.158029399135400581e+02
8.144241665916199509e+02
8.130453932696999573e+02
8.115804466151599854e+02
8.102016732932399918e+02
8.088228999713199983e+02
8.074441266494000047e+02
8.059791799948600328e+02
8.046004066729400392e+02
8.032216333510200457e+02
8.018428600291000521e+02
8.004640867071800585e+02
7.990853133852599512e+02
7.977065400633399577e+02
7.963277667414199641e+02
7.949489934194999705e+02
7.935702200975799769e+02
7.922776201082799616e+02
7.908988467863599681e+02
7.895200734644399745e+02
7.881413001425199809e+02
7.868487001532199656e+02
7.854699268312999720e+02
7.840911535093799785e+02
7.827985535200799632e+02
7.814197801981599696e+02
7.801271802088599543e+02
7.787484068869399607e+02
7.774558068976400591e+02
7.760770335757199518e+02
7.747844335864200502e+02
7.734056602645000567e+02
7.721130602752000414e+02
7.708204602859000261e+02
7.694416869639800325e+02
7.681490869746800172e+02
7.668564869853800019e+02
7.655638869960799866e+02
7.642712870067799713e+02
7.629786870174799560e+02
7.615999136955599624e+02
7.603073137062600608e+02
7.590147137169600455e+02
7.577221137276600302e+02
7.564295137383600149e+02
7.552230870816799779e+02
7.539304870923799626e+02
7.526378871030800610e+02
7.513452871137800457e+02
7.500526871244800304e+02
7.487600871351800151e+02
7.475536604784999781e+02
7.462610604891999628e+02
7.449684604999000612e+02
7.437620338432200242e+02
7.424694338539200089e+02
7.412630071972399719e+02
7.399704072079399566e+02
7.386778072186400550e+02
7.374713805619600180e+02
7.362649539052799810e+02
7.349723539159799657e+02
7.337659272593000424e+02
7.324733272700000271e+02
7.312669006133199900e+02
7.300604739566399530e+02
7.288540472999600297e+02
7.275614473106600144e+02
7.263550206539799774e+02
7.251485939973000541e+02
7.239421673406200171e+02
7.227357406839399800e+02
7.215293140272600567e+02
7.203228873705800197e+02
7.191164607138999827e+02
7.179100340572200594e+02
7.167036074005400224e+02
7.154971807438599853e+02
7.142907540871799483e+02
7.130843274305000250e+02
7.118779007738199880e+02
7.106714741171399510e+02
7.095512207930800059e+02
7.083447941363999689e+02
7.071383674797200456e+02
7.060181141556599869e+02
7.048116874989799499e+02
7.036052608423000265e+02
7.024850075182399678e+02
7.012785808615600445e+02
7.001583275374999857e+02
6.989519008808199487e+02
6.978316475567600037e+02
6.966252209000799667e+02
6.955049675760200216e+02
6.943847142519599629e+02
6.931782875952800396e+02
6.920580342712199808e+02
6.909377809471600358e+02
6.897313542904799988e+02
6.886111009664200537e+02
6.874908476423599950e+02
6.863705943183000500e+02
6.852503409942399912e+02
6.841300876701800462e+02
6.830098343461199875e+02
6.818895810220600424e+02
6.807693276979999837e+02
6.796490743739400386e+02
6.785288210498799799e+02
6.774085677258200349e+02
6.762883144017599761e+02
6.751680610777000311e+02
6.740478077536399724e+02
6.729275544295800273e+02
6.718073011055199686e+02
6.707732211140800018e+02
6.696529677900200568e+02
6.685327144659599981e+02
6.674986344745200313e+02
6.663783811504599726e+02
6.652581278264000275e+02
6.642240478349600608e+02
6.631037945109000020e+02
6.620697145194600353e+02
6.609494611953999765e+02
6.599153812039600098e+02
6.587951278798999510e+02
6.577610478884599843e+02
6.567269678970200175e+02
6.556067145729599588e+02
6.545726345815199920e+02
6.535385545900800253e+02
6.524183012660199665e+02
6.513842212745799998e+02
6.503501412831400330e+02
6.493160612916999526e+02
6.482819813002599858e+02
6.471617279762000408e+02
6.461276479847599603e+02
6.450935679933199935e+02
6.440594880018800268e+02
6.430254080104400600e+02
6.419913280189999796e+02
6.409572480275600128e+02
6.399231680361200461e+02
6.388890880446799656e+02
6.379411813858599771e+02
6.369071013944200104e+02
6.358730214029800436e+02
6.348389414115399632e+02
6.338048614200999964e+02
6.327707814286600296e+02
6.318228747698400412e+02
6.307887947783999607e+02
6.297547147869599939e+02
6.288068081281400055e+02
6.277727281367000387e+02
6.268248214778800502e+02
6.257907414864399698e+02
6.247566614950000030e+02
6.238087548361800145e+02
6.227746748447400478e+02
6.218267681859200593e+02
6.208788615270999571e+02
6.198447815356599904e+02
6.188968748768400019e+02
6.178627948854000351e+02
6.169148882265800466e+02
6.159669815677600582e+02
6.149329015763199777e+02
6.139849949174999892e+02
6.130370882586800008e+02
6.120891815998600123e+02
6.111412749410400238e+02
6.101933682822200353e+02
6.091592882907799549e+02
6.082113816319599664e+02
6.072634749731399779e+02
6.063155683143199894e+02
6.053676616555000010e+02
6.044197549966800125e+02
6.034718483378600240e+02
6.025239416790400355e+02
6.015760350202200470e+02
6.006281283614000586e+02
5.997663950352000484e+02
5.988184883763800599e+02
5.978705817175599577e+02
5.969226750587399692e+02
5.959747683999199808e+02
5.951130350737199706e+02
5.941651284148999821e+02
5.932172217560799936e+02
5.922693150972600051e+02
5.914075817710599949e+02
5.904596751122400065e+02
5.895979417860399963e+02
5.886500351272200078e+02
5.877021284684000193e+02
5.868403951422000091e+02
5.858924884833800206e+02
5.850307551571800104e+02
5.841690218309800002e+02
5.832211151721600118e+02
5.823593818459600016e+02
5.814114751871400131e+02
5.805497418609400029e+02
5.796880085347399927e+02
5.787401018759200042e+02
5.778783685497199940e+02
5.770166352235199838e+02
5.760687285646999953e+02
5.752069952384999851e+02
5.743452619122999749e+02
5.734835285860999647e+02
5.726217952598999545e+02
5.717600619337000580e+02
5.708983286075000478e+02
5.699504219486800594e+02
5.690886886224800492e+02
5.682269552962800390e+02
5.673652219700800288e+02
5.665034886438800186e+02
5.656417553176800084e+02
5.647800219914799982e+02
5.640044619978999663e+02
5.631427286716999561e+02
5.622809953455000596e+02
5.614192620193000494e+02
5.605575286931000392e+02
5.596957953669000290e+02
5.589202353733199971e+02
5.580585020471199869e+02
5.571967687209199767e+02
5.563350353947199665e+02
5.555594754011400482e+02
5.546977420749400380e+02
5.538360087487400278e+02
5.530604487551599959e+02
5.521987154289599857e+02
5.513369821027599755e+02
5.505614221091800573e+02
5.496996887829800471e+02
5.489241287894000152e+02
5.480623954632000050e+02
5.472868354696199731e+02
5.464251021434199629e+02
5.456495421498400447e+02
5.448739821562600127e+02
5.440122488300600025e+02
5.432366888364799706e+02
5.423749555102799604e+02
5.415993955167000422e+02
5.408238355231200103e+02
5.399621021969200001e+02
5.391865422033399682e+02
5.384109822097600500e+02
5.376354222161800180e+02
5.368598622225999861e+02
5.359981288963999759e+02
5.352225689028200577e+02
5.344470089092400258e+02
5.336714489156599939e+02
5.328958889220799620e+02
5.321203289285000437e+02
5.313447689349200118e+02
5.305692089413399799e+02
5.297936489477599480e+02
5.289319156215600515e+02
5.281563556279800196e+02
5.274669689670199659e+02
5.266914089734400477e+02
5.259158489798600158e+02
5.251402889862799839e+02
5.243647289926999520e+02
5.235891689991200337e+02
5.228136090055400018e+02
5.220380490119599699e+02
5.212624890183800517e+02
5.205731023574199980e+02
5.197975423638399661e+02
5.190219823702600479e+02
5.182464223766800160e+02
5.175570357157199624e+02
5.167814757221400441e+02
5.160059157285600122e+02
5.153165290675999586e+02
5.145409690740200404e+02
5.137654090804400084e+02
5.130760224194799548e+02
5.123004624259000366e+02
5.116110757649399829e+02
5.108355157713600079e+02
5.101461291104000111e+02
5.093705691168199792e+02
5.086811824558599824e+02
5.079056224622800073e+02
5.072162358013200105e+02
5.064406758077399786e+02
5.057512891467799818e+02
5.049757291532000067e+02
5.042863424922400100e+02
5.035969558312800132e+02
5.028213958376999813e+02
5.021320091767399845e+02
5.014426225157799877e+02
5.006670625222000126e+02
4.999776758612400158e+02
4.992882892002800190e+02
4.985127292066999871e+02
4.978233425457399903e+02
4.971339558847799935e+02
4.964445692238199968e+02
4.957551825628600000e+02
4.950657959019000032e+02
4.942902359083200281e+02
4.936008492473600313e+02
4.929114625863999777e+02
4.922220759254399809e+02
4.915326892644799841e+02
4.908433026035199873e+02
4.901539159425599905e+02
4.894645292815999937e+02
4.887751426206399969e+02
4.880857559596800002e+02
4.873963692987200034e+02
4.867069826377600066e+02
4.860175959768000098e+02
4.853282093158400130e+02
4.846388226548800162e+02
4.839494359939200194e+02
4.832600493329600226e+02
4.826568360046200041e+02
4.819674493436600073e+02
4.812780626827000106e+02
4.805886760217400138e+02
4.798992893607800170e+02
4.792099026998200202e+02
4.786066893714800017e+02
4.779173027105200049e+02
4.772279160495600081e+02
4.765385293886000113e+02
4.759353160602599928e+02
4.752459293992999960e+02
4.745565427383399992e+02
4.739533294099999807e+02
4.732639427490399839e+02
4.726607294207000223e+02
4.719713427597400255e+02
4.712819560987800287e+02
4.706787427704400102e+02
4.699893561094800134e+02
4.693861427811399949e+02
4.686967561201799981e+02
4.680935427918399796e+02
4.674041561308799828e+02
4.668009428025400211e+02
4.661115561415800244e+02
4.655083428132400059e+02
4.648189561522800091e+02
4.642157428239399906e+02
4.635263561629799938e+02
4.629231428346399753e+02
4.623199295063000136e+02
4.616305428453400168e+02
4.610273295169999983e+02
4.604241161886599798e+02
4.597347295276999830e+02
4.591315161993600213e+02
4.585283028710200028e+02
4.578389162100600061e+02
4.572357028817199875e+02
4.566324895533800259e+02
4.560292762250400074e+02
4.553398895640800106e+02
4.547366762357399921e+02
4.541334629074000304e+02
4.535302495790600119e+02
4.529270362507199934e+02
4.523238229223799749e+02
4.516344362614199781e+02
4.510312229330800164e+02
4.504280096047399979e+02
4.498247962763999794e+02
4.492215829480600178e+02
4.486183696197199993e+02
4.480151562913799808e+02
4.474119429630400191e+02
4.468087296347000006e+02
4.462055163063599821e+02
4.456023029780200204e+02
4.449990896496800019e+02
4.443958763213399834e+02
4.437926629930000217e+02
4.431894496646600032e+02
4.425862363363199847e+02
4.419830230079800231e+02
4.413798096796400046e+02
4.407765963512999861e+02
4.401733830229600244e+02
4.396563430272399842e+02
4.390531296989000225e+02
4.384499163705600040e+02
4.378467030422199855e+02
4.372434897138800238e+02
4.366402763855400053e+02
4.361232363898200219e+02
4.355200230614800034e+02
4.349168097331399849e+02
4.343135964048000233e+02
4.337965564090799830e+02
4.331933430807400214e+02
4.325901297524000029e+02
4.320730897566800195e+02
4.314698764283400010e+02
4.308666630999999825e+02
4.303496231042799991e+02
4.297464097759399806e+02
4.291431964476000189e+02
4.286261564518799787e+02
4.280229431235400170e+02
4.274197297951999985e+02
4.269026897994800152e+02
4.262994764711399966e+02
4.257824364754200133e+02
4.251792231470799948e+02
4.246621831513600114e+02
4.240589698230199929e+02
4.235419298273000095e+02
4.229387164989599910e+02
4.224216765032400076e+02
4.218184631748999891e+02
4.213014231791800057e+02
4.206982098508399872e+02
4.201811698551200038e+02
4.195779565267799853e+02
4.190609165310600019e+02
4.185438765353400186e+02
4.179406632070000001e+02
4.174236232112800167e+02
4.169065832155599765e+02
4.163033698872200148e+02
4.157863298914999746e+02
4.152692898957799912e+02
4.146660765674400295e+02
4.141490365717199893e+02
4.136319965760000059e+02
4.130287832476599874e+02
4.125117432519400040e+02
4.119947032562200206e+02
4.114776632604999804e+02
4.108744499321600188e+02
4.103574099364399785e+02
4.098403699407199952e+02
4.093233299450000118e+02
4.088062899492800284e+02
4.082030766209400099e+02
4.076860366252200265e+02
4.071689966294999863e+02
4.066519566337800029e+02
4.061349166380600195e+02
4.056178766423399793e+02
4.051008366466199959e+02
4.044976233182799774e+02
4.039805833225599940e+02
4.034635433268400106e+02
4.029465033311200273e+02
4.024294633353999870e+02
4.019124233396800037e+02
4.013953833439600203e+02
4.008783433482399801e+02
4.003613033525199967e+02
3.998442633568000133e+02
3.993272233610800299e+02
3.988101833653599897e+02
3.982931433696400063e+02
3.977761033739200229e+02
3.972590633781999827e+02
3.967420233824799993e+02
3.962249833867600159e+02
3.957941167236600108e+02
3.952770767279400275e+02
3.947600367322199872e+02
3.942429967365000039e+02
3.937259567407800205e+02
3.932089167450599803e+02
3.926918767493399969e+02
3.921748367536200135e+02
3.917439700905200084e+02
3.912269300948000250e+02
3.907098900990799848e+02
3.901928501033600014e+02
3.896758101076400180e+02
3.892449434445400129e+02
3.887279034488200296e+02
3.882108634530999893e+02
3.876938234573800059e+02
3.872629567942800008e+02
3.867459167985600175e+02
3.862288768028399772e+02
3.857118368071199939e+02
3.852809701440199888e+02
3.847639301483000054e+02
3.842468901525800220e+02
3.838160234894800169e+02
3.832989834937599767e+02
3.827819434980399933e+02
3.823510768349399882e+02
3.818340368392200048e+02
3.814031701761199997e+02
3.808861301804000163e+02
3.803690901846799761e+02
3.799382235215800279e+02
3.794211835258599876e+02
3.789903168627599825e+02
3.784732768670399992e+02
3.780424102039399941e+02
3.775253702082200107e+02
3.770083302125000273e+02
3.765774635494000222e+02
3.760604235536799820e+02
3.756295568905799769e+02
3.751125168948599935e+02
3.746816502317599884e+02
3.741646102360400050e+02
3.737337435729399999e+02
3.733028769098399948e+02
3.727858369141200114e+02
3.723549702510200063e+02
3.718379302553000230e+02
3.714070635922000179e+02
3.708900235964799776e+02
3.704591569333800294e+02
3.700282902702800243e+02
3.695112502745599841e+02
3.690803836114599790e+02
3.685633436157399956e+02
3.681324769526399905e+02
3.677016102895399854e+02
3.671845702938200020e+02
3.667537036307199969e+02
3.663228369676199918e+02
3.658057969719000084e+02
3.653749303088000033e+02
3.649440636456999982e+02
3.645131969825999931e+02
3.639961569868800098e+02
3.635652903237800047e+02
3.631344236606799996e+02
3.626173836649600162e+02
3.621865170018600111e+02
3.617556503387600060e+02
3.613247836756600009e+02
3.608077436799400175e+02
3.603768770168400124e+02
3.599460103537400073e+02
3.595151436906400022e+02
3.590842770275399971e+02
3.585672370318200137e+02
3.581363703687200086e+02
3.577055037056200035e+02
3.572746370425199984e+02
3.568437703794199933e+02
3.564129037163199882e+02
3.559820370532199831e+02
3.554649970574999998e+02
3.550341303943999947e+02
3.546032637312999896e+02
3.541723970681999845e+02
3.537415304050999794e+02
3.533106637419999743e+02
3.528797970789000260e+02
3.524489304158000209e+02
3.520180637527000158e+02
3.515871970896000107e+02
3.511563304265000056e+02
3.507254637634000005e+02
3.502945971002999954e+02
3.498637304371999903e+02
3.494328637740999852e+02
3.490019971109999801e+02
3.485711304478999750e+02
3.481402637848000268e+02
3.477093971217000217e+02
3.472785304586000166e+02
3.468476637955000115e+02
3.464167971324000064e+02
3.459859304693000013e+02
3.455550638061999962e+02
3.451241971430999911e+02
3.446933304799999860e+02
3.442624638168999809e+02
3.438315971537999758e+02
3.434007304907000275e+02
3.429698638276000224e+02
3.425389971645000173e+02
3.421081305014000122e+02
3.417634371709199854e+02
3.413325705078199803e+02
3.409017038447199752e+02
3.404708371816200270e+02
3.400399705185200219e+02
3.396091038554200168e+02
3.391782371923200117e+02
3.388335438618399849e+02
3.384026771987399798e+02
3.379718105356399747e+02
3.375409438725400264e+02
3.371100772094400213e+02
3.366792105463400162e+02
3.363345172158599894e+02
3.359036505527599843e+02
3.354727838896599792e+02
3.350419172265599741e+02
3.346972238960800041e+02
3.342663572329799990e+02
3.338354905698799939e+02
3.334046239067799888e+02
3.330599305763000189e+02
3.326290639132000138e+02
3.321981972501000087e+02
3.317673305870000036e+02
3.314226372565199767e+02
3.309917705934200285e+02
3.305609039303200234e+02
3.302162105998399966e+02
3.297853439367399915e+02
3.293544772736399864e+02
3.290097839431600164e+02
3.285789172800600113e+02
3.281480506169600062e+02
3.278033572864799794e+02
3.273724906233799743e+02
3.269416239602800260e+02
3.265969306297999992e+02
3.261660639666999941e+02
3.257351973035999890e+02
3.253905039731200191e+02
3.249596373100200140e+02
3.246149439795399871e+02
3.241840773164399820e+02
3.237532106533399769e+02
3.234085173228600070e+02
3.229776506597600019e+02
3.226329573292799751e+02
3.222020906661800268e+02
3.218573973357000000e+02
3.214265306725999949e+02
3.209956640094999898e+02
3.206509706790200198e+02
3.202201040159200147e+02
3.198754106854399879e+02
3.194445440223399828e+02
3.190998506918600128e+02
3.186689840287600077e+02
3.183242906982799809e+02
3.178934240351799758e+02
3.175487307047000058e+02
3.171178640416000007e+02
3.167731707111199739e+02
3.163423040480200257e+02
3.159976107175399989e+02
3.155667440544399938e+02
3.152220507239600238e+02
3.148773573934799970e+02
3.144464907303799919e+02
3.141017973999000219e+02
3.136709307368000168e+02
3.133262374063199900e+02
3.128953707432199849e+02
3.125506774127400149e+02
3.121198107496400098e+02
3.117751174191599830e+02
3.114304240886800130e+02
3.109995574255800079e+02
3.106548640950999811e+02
3.102239974319999760e+02
3.098793041015200060e+02
3.095346107710399792e+02
3.091037441079399741e+02
3.087590507774600042e+02
3.084143574469799773e+02
3.079834907838800291e+02
3.076387974534000023e+02
3.072941041229199755e+02
3.068632374598200272e+02
3.065185441293400004e+02
3.061738507988600304e+02
3.057429841357600253e+02
3.053982908052799985e+02
3.050535974748000285e+02
3.046227308117000234e+02
3.042780374812199966e+02
3.039333441507400266e+02
3.035024774876400215e+02
3.031577841571599947e+02
3.028130908266800247e+02
3.023822241635800196e+02
3.020375308330999928e+02
3.016928375026200229e+02
3.013481441721399960e+02
3.009172775090399909e+02
3.005725841785600210e+02
3.002278908480799942e+02
2.998831975176000242e+02
2.994523308545000191e+02
2.991076375240199923e+02
2.987629441935400223e+02
2.984182508630599955e+02
2.979873841999599904e+02
2.976426908694800204e+02
2.972979975389999936e+02
2.969533042085200236e+02
2.966086108780399968e+02
2.961777442149399917e+02
2.958330508844600217e+02
2.954883575539799949e+02
2.951436642235000249e+02
2.947989708930199981e+02
2.943681042299199930e+02
2.940234108994400231e+02
2.936787175689599962e+02
2.933340242384800263e+02
2.929893309079999995e+02
2.926446375775200295e+02
2.922137709144200244e+02
2.918690775839399976e+02
2.915243842534600276e+02
2.911796909229800008e+02
2.908349975924999740e+02
2.904903042620200040e+02
2.901456109315399772e+02
2.898009176010600072e+02
2.893700509379600021e+02
2.890253576074799753e+02
2.886806642770000053e+02
2.883359709465199785e+02
2.879912776160400085e+02
2.876465842855599817e+02
2.873018909550800117e+02
2.869571976245999849e+02
2.866125042941200149e+02
2.861816376310200098e+02
2.858369443005399830e+02
2.854922509700600131e+02
2.851475576395799862e+02
2.848028643091000163e+02
2.844581709786199895e+02
2.841134776481400195e+02
2.837687843176599927e+02
2.834240909871800227e+02
2.830793976566999959e+02
2.827347043262200259e+02
2.823900109957399991e+02
2.820453176652600291e+02
2.817006243347800023e+02
2.813559310042999755e+02
2.810112376738200055e+02
2.806665443433399787e+02
2.803218510128600087e+02
2.799771576823799819e+02
2.796324643519000119e+02
2.792877710214199851e+02
2.789430776909400151e+02
2.785983843604599883e+02
2.782536910299800184e+02
2.779089976994999915e+02
2.775643043690200216e+02
2.772196110385399948e+02
2.768749177080600248e+02
2.765302243775799980e+02
2.761855310471000280e+02
2.758408377166200012e+02
2.754961443861399744e+02
2.751514510556600044e+02
2.748067577251799776e+02
2.744620643947000076e+02
2.741173710642199808e+02
2.737726777337400108e+02
2.734279844032599840e+02
2.730832910727800140e+02
2.727385977422999872e+02
2.723939044118200172e+02
2.720492110813399904e+02
2.717045177508600204e+02
2.713598244203799936e+02
2.710151310899000237e+02
2.706704377594199968e+02
2.703257444289400269e+02
2.699810510984600000e+02
2.697225311006000084e+02
2.693778377701199815e+02
2.690331444396400116e+02
2.686884511091599848e+02
2.683437577786800148e+02
2.679990644481999880e+02
2.676543711177200180e+02
2.673096777872399912e+02
2.669649844567600212e+02
2.666202911262799944e+02
2.662755977958000244e+02
2.660170777979399759e+02
2.656723844674600059e+02
2.653276911369799791e+02
2.649829978065000091e+02
2.646383044760199823e+02
2.642936111455400123e+02
2.639489178150599855e+02
2.636042244845800155e+02
2.633457044867200239e+02
2.630010111562399970e+02
2.626563178257600271e+02
2.623116244952800002e+02
2.619669311648000303e+02
2.616222378343200035e+02
2.612775445038399766e+02
2.609328511733600067e+02
2.606743311755000150e+02
2.603296378450199882e+02
2.599849445145400182e+02
2.596402511840599914e+02
2.592955578535800214e+02
2.589508645230999946e+02
2.586923445252400029e+02
2.583476511947599761e+02
2.580029578642800061e+02
2.576582645337999793e+02
2.573135712033200093e+02
2.569688778728399825e+02
2.566241845423600125e+02
2.563656645445000208e+02
2.560209712140199940e+02
2.556762778835399956e+02
2.553315845530599972e+02
2.549868912225799988e+02
2.547283712247200071e+02
2.543836778942400088e+02
2.540389845637600104e+02
2.536942912332800120e+02
2.533495979028000136e+02
2.530049045723200152e+02
2.527463845744599951e+02
2.524016912439799967e+02
2.520569979134999983e+02
2.517123045830199999e+02
2.513676112525400015e+02
2.511090912546800098e+02
2.507643979242000114e+02
2.504197045937200130e+02
2.500750112632400146e+02
2.497303179327599878e+02
2.494717979348999961e+02
2.491271046044199977e+02
2.487824112739399993e+02
2.484377179434600009e+02
2.480930246129800025e+02
2.478345046151200108e+02
2.474898112846400124e+02
2.471451179541600141e+02
2.468004246236800157e+02
2.464557312931999888e+02
2.461972112953399972e+02
2.458525179648599988e+02
2.455078246343800004e+02
2.451631313039000020e+02
2.448184379734200036e+02
2.445599179755600119e+02
2.442152246450800135e+02
2.438705313146000151e+02
2.435258379841199883e+02
2.431811446536399899e+02
2.429226246557799982e+02
2.425779313252999998e+02
2.422332379948200014e+02
2.418885446643400030e+02
2.415438513338600046e+02
2.412853313360000129e+02
2.409406380055200145e+02
2.405959446750399877e+02
2.402512513445599893e+02
2.399927313466999976e+02
2.396480380162199992e+02
2.393033446857400008e+02
2.389586513552600024e+02
2.386139580247800041e+02
2.383554380269200124e+02
2.380107446964400140e+02
2.376660513659600156e+02
2.373213580354799888e+02
2.369766647049999904e+02
2.367181447071399987e+02
2.363734513766600003e+02
2.360287580461800019e+02
2.356840647157000035e+02
2.353393713852200051e+02
2.350808513873600134e+02
2.347361580568800150e+02
2.343914647263999882e+02
2.340467713959199898e+02
2.337882513980599981e+02
2.334435580675799997e+02
2.330988647371000013e+02
2.327541714066200029e+02
2.324094780761400045e+02
2.321509580782800128e+02
2.318062647478000144e+02
2.314615714173199876e+02
2.311168780868399892e+02
2.307721847563599908e+02
2.305136647584999992e+02
2.301689714280200008e+02
2.298242780975400024e+02
2.294795847670600040e+02
2.291348914365800056e+02
2.288763714387200139e+02
2.285316781082400155e+02
2.281869847777599887e+02
2.278422914472799903e+02
2.274975981167999919e+02
2.271529047863199935e+02
2.268943847884600018e+02
2.265496914579800034e+02
2.262049981275000050e+02
2.258603047970200066e+02
2.255156114665400082e+02
2.251709181360600098e+02
2.249123981381999897e+02
2.245677048077199913e+02
2.242230114772399929e+02
2.238783181467599945e+02
2.235336248162799961e+02
2.231889314857999977e+02
2.229304114879400061e+02
2.225857181574600077e+02
2.222410248269800093e+02
2.218963314965000109e+02
2.215516381660200125e+02
2.212069448355400141e+02
2.208622515050600157e+02
2.205175581745799889e+02
2.202590381767199972e+02
2.199143448462399988e+02
2.195696515157600004e+02
2.192249581852800020e+02
2.188802648548000036e+02
2.185355715243200052e+02
2.181908781938400068e+02
2.178461848633600084e+02
2.175014915328800100e+02
2.171567982024000116e+02
2.168982782045399915e+02
2.165535848740599931e+02
2.162088915435799947e+02
2.158641982130999963e+02
2.155195048826199979e+02
2.151748115521399995e+02
2.148301182216600012e+02
2.144854248911800028e+02
2.141407315607000044e+02
2.137960382302200060e+02
2.134513448997400076e+02
2.131066515692600092e+02
2.127619582387800108e+02
2.124172649083000124e+02
2.120725715778200140e+02
2.117278782473400156e+02
2.113831849168599888e+02
2.110384915863799904e+02
2.106937982558999920e+02
2.103491049254199936e+02
2.100044115949399952e+02
2.096597182644599968e+02
2.093150249339799984e+02
2.089703316035000000e+02
2.086256382730200016e+02
2.082809449425400032e+02
2.079362516120600048e+02
2.075915582815800065e+02
2.072468649511000081e+02
2.069021716206200097e+02
2.064713049575200046e+02
2.061266116270400062e+02
2.057819182965600078e+02
2.054372249660800094e+02
2.050925316356000110e+02
2.047478383051200126e+02
2.044031449746400142e+02
2.040584516441599874e+02
2.037137583136799890e+02
2.033690649831999906e+02
2.029381983201000139e+02
2.025935049896200155e+02
2.022488116591399887e+02
2.019041183286599903e+02
2.015594249981799919e+02
2.012147316676999935e+02
2.008700383372199951e+02
2.004391716741199900e+02
2.000944783436399916e+02
1.997497850131599932e+02
1.994050916826799948e+02
1.990603983521999965e+02
1.986295316890999914e+02
1.982848383586199930e+02
1.979401450281399946e+02
1.975954516976599962e+02
1.972507583671799978e+02
1.968198917040799927e+02
1.964751983735999943e+02
1.961305050431199959e+02
1.956996383800199908e+02
1.953549450495399924e+02
1.950102517190599940e+02
1.946655583885799956e+02
1.942346917254799905e+02
1.938899983949999921e+02
1.935453050645199937e+02
1.931144384014199886e+02
1.927697450709399902e+02
1.924250517404599918e+02
1.919941850773600152e+02
1.916494917468799883e+02
1.912186250837800117e+02
1.908739317533000133e+02
1.905292384228200149e+02
1.900983717597200098e+02
1.897536784292400114e+02
1.893228117661400063e+02
1.889781184356600079e+02
1.885472517725600028e+02
1.882025584420800044e+02
1.877716917789799993e+02
1.874269984485000009e+02
1.869961317853999958e+02
1.866514384549199974e+02
1.862205717918199923e+02
1.858758784613399939e+02
1.854450117982399888e+02
1.850141451351400121e+02
1.846694518046600137e+02
1.842385851415600087e+02
1.838077184784600036e+02
1.834630251479800052e+02
1.830321584848800001e+02
1.826012918217799950e+02
1.821704251586799899e+02
1.818257318281999915e+02
1.813948651651000148e+02
1.809639985020000097e+02
1.805331318389000046e+02
1.801022651757999995e+02
1.796713985126999944e+02
1.793267051822199960e+02
1.788958385191199909e+02
1.784649718560200142e+02
1.780341051929200091e+02
1.776032385298200040e+02
1.771723718667199989e+02
1.767415052036199938e+02
1.763106385405199887e+02
1.757935985448000054e+02
1.753627318817000003e+02
1.749318652185999952e+02
1.745009985554999901e+02
1.740701318924000134e+02
1.736392652293000083e+02
1.732083985662000032e+02
1.727775319030999981e+02
1.723466652399999930e+02
1.719157985768999879e+02
1.714849319138000112e+02
1.710540652507000061e+02
1.706231985876000010e+02
1.701923319244999959e+02
1.697614652613999908e+02
1.693305985983000141e+02
1.688997319352000090e+02
1.684688652721000039e+02
1.680379986089999989e+02
1.676071319458999938e+02
1.671762652827999887e+02
1.667453986197000120e+02
1.663145319566000069e+02
1.658836652935000018e+02
1.655389719630200034e+02
1.651081052999199983e+02
1.646772386368199932e+02
1.642463719737199881e+02
1.638155053106200114e+02
1.633846386475200063e+02
1.629537719844200012e+02
1.625229053213199961e+02
1.620920386582199910e+02
1.617473453277399926e+02
1.613164786646399875e+02
1.608856120015400109e+02
1.604547453384400058e+02
1.600238786753400007e+02
1.595930120122399956e+02
1.591621453491399905e+02
1.588174520186599921e+02
1.583865853555599870e+02
1.579557186924600103e+02
1.575248520293600052e+02
1.570939853662600001e+02
1.567492920357800017e+02
1.563184253726799966e+02
1.558875587095799915e+02
1.554566920464800148e+02
1.550258253833800097e+02
1.546811320529000113e+02
1.542502653898000062e+02
1.538193987267000011e+02
1.533885320635999960e+02
1.530438387331199976e+02
1.526129720700199925e+02
1.521821054069199874e+02
1.517512387438200108e+02
1.514065454133400124e+02
1.509756787502400073e+02
1.505448120871400022e+02
1.502001187566600038e+02
1.497692520935599987e+02
1.493383854304599936e+02
1.489936920999799952e+02
1.485628254368799901e+02
1.481319587737800134e+02
1.477872654433000150e+02
1.473563987802000099e+02
1.469255321171000048e+02
1.465808387866200064e+02
1.461499721235200013e+02
1.457191054604199962e+02
1.453744121299399978e+02
1.449435454668399927e+02
1.445126788037399876e+02
1.441679854732599892e+02
1.437371188101600126e+02
1.433924254796800142e+02
1.429615588165800091e+02
1.425306921534800040e+02
1.421859988230000056e+02
1.417551321599000005e+02
1.414104388294200021e+02
1.409795721663199970e+02
1.405487055032199919e+02
1.402040121727399935e+02
1.397731455096399884e+02
1.394284521791599900e+02
1.389975855160600133e+02
1.386528921855800149e+02
1.382220255224800098e+02
1.378773321920000114e+02
1.374464655289000063e+02
1.371017721984200080e+02
1.366709055353200029e+02
1.363262122048400045e+02
1.358953455417399994e+02
1.355506522112600010e+02
1.351197855481599959e+02
1.347750922176799975e+02
1.343442255545799924e+02
1.339995322240999940e+02
1.335686655609999889e+02
1.332239722305199905e+02
1.327931055674200138e+02
1.324484122369399870e+02
1.320175455738400103e+02
1.316728522433600119e+02
1.312419855802600068e+02
1.308972922497800084e+02
1.305525989193000100e+02
1.301217322562000049e+02
1.297770389257200065e+02
1.293461722626200014e+02
1.290014789321400031e+02
1.286567856016600047e+02
1.282259189385599996e+02
1.278812256080800012e+02
1.274503589449799961e+02
1.271056656144999977e+02
1.267609722840199993e+02
1.263301056209199942e+02
1.259854122904399958e+02
1.256407189599599974e+02
1.252098522968600065e+02
1.248651589663799939e+02
1.244342923032800030e+02
1.240895989728000046e+02
1.237449056423200062e+02
1.233140389792200011e+02
1.229693456487400027e+02
1.226246523182600043e+02
1.222799589877800059e+02
1.218490923246800008e+02
1.215043989942000024e+02
1.211597056637200041e+02
1.207288390006199990e+02
1.203841456701400006e+02
1.200394523396600022e+02
1.196085856765599971e+02
1.192638923460799987e+02
1.189191990156000003e+02
1.185745056851200019e+02
1.181436390220199968e+02
1.177989456915399984e+02
1.174542523610600000e+02
1.171095590305800016e+02
1.166786923674799965e+02
1.163339990369999981e+02
1.159893057065199997e+02
1.156446123760400013e+02
1.152999190455600029e+02
1.148690523824599978e+02
1.145243590519799994e+02
1.141796657215000010e+02
1.138349723910200026e+02
1.134902790605400043e+02
1.130594123974399992e+02
1.127147190669600008e+02
1.123700257364800024e+02
1.120253324060000040e+02
1.116806390755200056e+02
1.112497724124200005e+02
1.109050790819400021e+02
1.105603857514600037e+02
1.102156924209800053e+02
1.098709990905000069e+02
1.095263057600199943e+02
1.091816124295399959e+02
1.087507457664400050e+02
1.084060524359600066e+02
1.080613591054799940e+02
1.077166657749999956e+02
1.073719724445199972e+02
1.070272791140399988e+02
1.066825857835600004e+02
1.063378924530800020e+02
1.059931991226000036e+02
1.056485057921200053e+02
1.052176391290200002e+02
1.048729457985400018e+02
1.045282524680600034e+02
1.041835591375800050e+02
1.038388658071000066e+02
1.034941724766199940e+02
1.031494791461399956e+02
1.028047858156599972e+02
1.024600924851799988e+02
1.021153991547000004e+02
1.017707058242200020e+02
1.014260124937400036e+02
1.010813191632600052e+02
1.007366258327800068e+02
1.003919325022999942e+02
1.000472391718199958e+02
9.970254584133999742e+01
9.935785251085999903e+01
9.901315918038000063e+01
9.866846584990000224e+01
9.832377251942000385e+01
9.797907918894000545e+01
9.763438585846000706e+01
9.728969252797999445e+01
9.694499919749999606e+01
9.660030586701999766e+01
9.625561253653999927e+01
9.591091920606000087e+01
9.556622587558000248e+01
9.522153254510000409e+01
9.487683921462000569e+01
9.453214588414000730e+01
9.418745255365999469e+01
9.384275922317999630e+01
9.349806589269999790e+01
9.315337256221999951e+01
9.289485256435999361e+01
9.255015923387999521e+01
9.220546590339999682e+01
9.186077257291999842e+01
9.151607924244000003e+01
9.117138591196000164e+01
9.082669258148000324e+01
9.048199925100000485e+01
9.013730592052000645e+01
8.979261259003999385e+01
8.953409259218000216e+01
8.918939926170000376e+01
8.884470593122000537e+01
8.850001260074000697e+01
8.815531927025999437e+01
8.781062593977999597e+01
8.746593260929999758e+01
8.720741261144000589e+01
8.686271928096000750e+01
8.651802595047999489e+01
8.617333261999999650e+01
8.584587395604400228e+01
8.551841529208799386e+01
8.519095662813199965e+01
8.486349796417600544e+01
8.453603930021999702e+01
8.420858063626400281e+01
8.388112197230799438e+01
8.355366330835200017e+01
8.322620464439600596e+01
8.289874598043999754e+01
8.257128731648400333e+01
8.224382865252799490e+01
8.191636998857200069e+01
8.159752865787800147e+01
8.127006999392200726e+01
8.094261132996599883e+01
8.062376999927199961e+01
8.029631133531600540e+01
7.997747000462200617e+01
7.965001134066599775e+01
7.933117000997199852e+01
7.900371134601600431e+01
7.868487001532200509e+01
7.836602868462800586e+01
7.803857002067199744e+01
7.771972868997799821e+01
7.740088735928399899e+01
7.708204602858999976e+01
7.676320469789600054e+01
7.643574603394000633e+01
7.611690470324600710e+01
7.580668070581400286e+01
7.548783937512000364e+01
7.516899804442600441e+01
7.485015671373200519e+01
7.453131538303800596e+01
7.421247405234400674e+01
7.389363272165000751e+01
7.358340872421800327e+01
7.326456739352400405e+01
7.294572606283000482e+01
7.263550206539800058e+01
7.231666073470400136e+01
7.200643673727199712e+01
7.168759540657799789e+01
7.137737140914599365e+01
7.106714741171400362e+01
7.074830608102000440e+01
7.043808208358800016e+01
7.012785808615599592e+01
6.981763408872400589e+01
6.949879275803000667e+01
6.918856876059800243e+01
6.887834476316599819e+01
6.856812076573399395e+01
6.825789676830200392e+01
6.794767277086999968e+01
6.763744877343799544e+01
6.732722477600600541e+01
6.701700077857400117e+01
6.670677678114199693e+01
6.640517011697200189e+01
6.609494611953999765e+01
6.578472212210799341e+01
6.548311545793799837e+01
6.517289146050599413e+01
6.486266746307400410e+01
6.456106079890399485e+01
6.425083680147200482e+01
6.394923013730200267e+01
6.363900613986999844e+01
6.333739947570000339e+01
6.303579281153000125e+01
6.272556881409799701e+01
6.242396214992800196e+01
6.212235548575799982e+01
6.181213148832600268e+01
6.151052482415600053e+01
6.120891815998599839e+01
6.090731149581600334e+01
6.060570483164600120e+01
6.030409816747599905e+01
6.000249150330599690e+01
5.970088483913600186e+01
5.939927817496599971e+01
5.909767151079599756e+01
5.879606484662600252e+01
5.850307551571800246e+01
5.820146885154800032e+01
5.789986218737799817e+01
5.759825552320800313e+01
5.730526619230000307e+01
5.700365952813000092e+01
5.671067019722200087e+01
5.640906353305199872e+01
5.611607420214399866e+01
5.581446753797400362e+01
5.552147820706600356e+01
5.521987154289600142e+01
5.492688221198800136e+01
5.463389288108000130e+01
5.433228621690999915e+01
5.403929688600199910e+01
5.374630755509399904e+01
5.345331822418599899e+01
5.316032889327799893e+01
5.285872222910800389e+01
5.257435023146199882e+01
5.227274356729200377e+01
5.197975423638400372e+01
5.169538223873799865e+01
5.140239290782999859e+01
5.110940357692199854e+01
5.081641424601399848e+01
5.052342491510599842e+01
5.023043558419799837e+01
4.993744625328999831e+01
4.965307425564400035e+01
4.936008492473600029e+01
4.907571292709000232e+01
4.878272359618200227e+01
4.848973426527400221e+01
4.820536226762799714e+01
4.791237293671999709e+01
4.762800093907399912e+01
4.734362894142800116e+01
4.705063961052000110e+01
4.676626761287400313e+01
4.648189561522799806e+01
4.618890628431999801e+01
4.590453428667400004e+01
4.562016228902800208e+01
4.533579029138199701e+01
4.505141829373599904e+01
4.475842896282799899e+01
4.447405696518200102e+01
4.419830230079799804e+01
4.390531296988999799e+01
4.362094097224400002e+01
4.334518630785999704e+01
4.306081431021399908e+01
4.277644231256800111e+01
4.249207031492200315e+01
4.220769831727599808e+01
4.193194365289200221e+01
4.164757165524599714e+01
4.136319965759999917e+01
4.108744499321600330e+01
4.080307299556999823e+01
4.051870099792400026e+01
4.024294633353999728e+01
3.995857433589399932e+01
3.968281967151000345e+01
3.939844767386399838e+01
3.912269300948000250e+01
3.884693834509599952e+01
3.856256634745000156e+01
3.828681168306599858e+01
3.801105701868200271e+01
3.773530235429799973e+01
3.745093035665200176e+01
3.717517569226799878e+01
3.689942102788400291e+01
3.662366636349999993e+01
3.634791169911599695e+01
3.607215703473200108e+01
3.579640237034799810e+01
3.552064770596400223e+01
3.524489304157999925e+01
3.496913837719600338e+01
3.469338371281200040e+01
3.442624638168999951e+01
3.415049171730600364e+01
3.387473705292200066e+01
3.359898238853799768e+01
3.333184505741599679e+01
3.305609039303200092e+01
3.278033572864799794e+01
3.251319839752599705e+01
3.223744373314200118e+01
3.197030640202000029e+01
3.169455173763600087e+01
3.142741440651399998e+01
3.115165974213000055e+01
3.088452241100799966e+01
3.061738507988599878e+01
3.035024774876400144e+01
3.007449308437999846e+01
2.980735575325800113e+01
2.954021842213600024e+01
2.927308109101399936e+01
2.899732642662999993e+01
2.873018909550799904e+01
2.846305176438600171e+01
2.819591443326400082e+01
2.792877710214199993e+01
2.766163977101999905e+01
2.740311977316000025e+01
2.713598244203799936e+01
2.686884511091599848e+01
2.660170777979400114e+01
2.633457044867200025e+01
2.607605045081200146e+01
2.580891311969000057e+01
2.554177578856799968e+01
2.527463845744599880e+01
2.501611845958600000e+01
2.474898112846399911e+01
2.449046113060400032e+01
2.422332379948199943e+01
2.396480380162200063e+01
2.369766647049999975e+01
2.343914647264000095e+01
2.318062647477999860e+01
2.291348914365800127e+01
2.265496914579799892e+01
2.239644914793800012e+01
2.213792915007800133e+01
2.187079181895600044e+01
2.161227182109600164e+01
2.135375182323599930e+01
2.109523182537600050e+01
2.083671182751600170e+01
2.057819182965599936e+01
2.031967183179600056e+01
2.006976916719800030e+01
1.981124916933800151e+01
1.955272917147799916e+01
1.929420917361800036e+01
1.904430650902000011e+01
1.878578651116000131e+01
1.853588384656200105e+01
1.827736384870199871e+01
1.802746118410399845e+01
1.776894118624399965e+01
1.751903852164599940e+01
1.726051852378600060e+01
1.701061585918800034e+01
1.676071319459000009e+01
1.651081052999199983e+01
1.626090786539399957e+01
1.601100520079599931e+01
1.576110253619800083e+01
1.551119987160000058e+01
1.526129720700200032e+01
1.502001187566600038e+01
1.477010921106800012e+01
1.452020654646999986e+01
1.427892121513399992e+01
1.402901855053599967e+01
1.378773321919999972e+01
1.354644788786399978e+01
1.330516255652799984e+01
1.306387722519199990e+01
1.282259189385599996e+01
1.258130656252000001e+01
1.234002123118400007e+01
1.210735323311000045e+01
1.186606790177400050e+01
1.163339990370000088e+01
1.140073190562599947e+01
1.115944657428999953e+01
1.092677857621599991e+01
1.069411057814200028e+01
1.047005991332999919e+01
1.023739191525599956e+01
1.000472391718199994e+01
9.780673252370000625e+00
9.548005254295999222e+00
9.315337256221999596e+00
9.091286591410000284e+00
8.867235926597999196e+00
8.634567928523999569e+00
8.407070330407199421e+00
8.178710998964200840e+00
7.949489934195000274e+00
7.720268869425799707e+00
7.489324338004199610e+00
7.257518073256400193e+00
7.024850075182399678e+00
6.791320343782199842e+00
6.556928879055799797e+00
6.321675681003200431e+00
6.086422482950600177e+00
