5.29056e+12	7.92438e-12
7.05408e+12	1.40878e-11
8.8176e+12	2.20123e-11
1.05811e+13	3.16954e-11
1.23446e+13	4.31411e-11
1.41082e+13	5.63436e-11
1.58717e+13	7.105e-11
1.76352e+13	8.77101e-11
1.93987e+13	1.0613e-10
2.11622e+13	1.26294e-10
2.29258e+13	1.48221e-10
2.46893e+13	1.7189e-10
2.64528e+13	1.96589e-10
2.82163e+13	2.23659e-10
2.99798e+13	2.52474e-10
3.17434e+13	2.83031e-10
3.35069e+13	3.1418e-10
3.52704e+13	3.48099e-10
3.70339e+13	3.83754e-10
3.87974e+13	4.19606e-10
4.0561e+13	4.58589e-10
4.23245e+13	4.97437e-10
4.4088e+13	5.3972e-10
4.58515e+13	5.83724e-10
4.7615e+13	6.27099e-10
4.93785e+13	6.74368e-10
5.11421e+13	7.20649e-10
5.29056e+13	7.71101e-10
5.46691e+13	8.20296e-10
5.64326e+13	8.73952e-10
5.81961e+13	9.25893e-10
5.99597e+13	9.82798e-10
6.17232e+13	1.0375e-09
6.34867e+13	1.09748e-09
6.52502e+13	1.15489e-09
6.70137e+13	1.21352e-09
6.87773e+13	1.27805e-09
7.05408e+13	1.33931e-09
7.23043e+13	1.40692e-09
7.40678e+13	1.47065e-09
7.58313e+13	1.53563e-09
7.75949e+13	1.60767e-09
7.93584e+13	1.67516e-09
8.11219e+13	1.74362e-09
8.28854e+13	1.81329e-09
8.46489e+13	1.89087e-09
8.64125e+13	1.96295e-09
8.8176e+13	2.03591e-09
8.99395e+13	2.11005e-09
9.1703e+13	2.18503e-09
9.34665e+13	2.2694e-09
9.52301e+13	2.34681e-09
9.69936e+13	2.42501e-09
9.87571e+13	2.50414e-09
1.00521e+14	2.58421e-09
1.02284e+14	2.6654e-09
1.04048e+14	2.74727e-09
1.05811e+14	2.84059e-09
1.07575e+14	2.92454e-09
1.09338e+14	3.00934e-09
1.11102e+14	3.09498e-09
1.12865e+14	3.18144e-09
1.14629e+14	3.26872e-09
1.16392e+14	3.35679e-09
1.18156e+14	3.44537e-09
1.19919e+14	3.53498e-09
1.21683e+14	3.62534e-09
1.23446e+14	3.71644e-09
1.2521e+14	3.80796e-09
1.26973e+14	3.88588e-09
1.28737e+14	3.97874e-09
1.305e+14	4.07195e-09
1.32264e+14	4.16616e-09
1.34027e+14	4.26101e-09
1.35791e+14	4.35614e-09
1.37555e+14	4.45225e-09
1.39318e+14	4.5486e-09
1.41082e+14	4.6284e-09
1.42845e+14	4.72552e-09
1.44609e+14	4.82319e-09
1.46372e+14	4.92182e-09
1.48136e+14	5.02057e-09
1.49899e+14	5.10088e-09
1.51663e+14	5.20027e-09
1.53426e+14	5.30012e-09
1.5519e+14	5.40046e-09
1.56953e+14	5.48084e-09
1.58717e+14	5.58169e-09
1.6048e+14	5.68298e-09
1.62244e+14	5.76267e-09
1.64007e+14	5.86489e-09
1.65771e+14	5.96701e-09
1.67534e+14	6.04635e-09
1.69298e+14	6.14882e-09
1.71061e+14	6.25163e-09
1.72825e+14	6.33048e-09
1.74588e+14	6.43357e-09
1.76352e+14	6.53755e-09
1.78115e+14	6.6158e-09
1.79879e+14	6.71941e-09
1.81643e+14	6.79707e-09
1.83406e+14	6.90084e-09
1.8517e+14	6.97786e-09
1.86933e+14	7.08171e-09
1.88697e+14	7.18581e-09
1.9046e+14	7.26196e-09
1.92224e+14	7.36608e-09
1.93987e+14	7.44148e-09
1.95751e+14	7.54558e-09
1.97514e+14	7.62018e-09
1.99278e+14	7.72421e-09
2.01041e+14	7.79797e-09
2.02805e+14	7.87042e-09
2.04568e+14	7.97405e-09
2.06332e+14	8.04629e-09
2.08095e+14	8.14975e-09
2.09859e+14	8.22106e-09
2.11622e+14	8.32431e-09
2.13386e+14	8.39463e-09
2.15149e+14	8.49763e-09
2.16913e+14	8.56693e-09
2.18676e+14	8.63555e-09
2.2044e+14	8.73789e-09
2.22203e+14	8.8046e-09
2.23967e+14	8.87143e-09
2.25731e+14	8.97301e-09
2.27494e+14	9.03874e-09
2.29258e+14	9.1399e-09
2.31021e+14	9.20447e-09
2.32785e+14	9.2683e-09
2.34548e+14	9.3686e-09
2.36312e+14	9.43031e-09
2.38075e+14	9.49217e-09
2.39839e+14	9.59152e-09
2.41602e+14	9.65214e-09
2.43366e+14	9.71199e-09
2.45129e+14	9.77106e-09
2.46893e+14	9.8689e-09
2.48656e+14	9.92667e-09
2.5042e+14	9.98265e-09
2.52183e+14	1.00794e-08
2.53947e+14	1.01351e-08
2.5571e+14	1.01899e-08
2.57474e+14	1.02439e-08
2.59237e+14	1.0339e-08
2.61001e+14	1.03917e-08
2.62764e+14	1.04435e-08
2.64528e+14	1.04945e-08
2.66291e+14	1.05878e-08
2.68055e+14	1.06363e-08
2.69819e+14	1.06851e-08
2.71582e+14	1.0733e-08
2.73346e+14	1.07801e-08
2.75109e+14	1.08709e-08
2.76873e+14	1.09166e-08
2.78636e+14	1.09614e-08
2.804e+14	1.10054e-08
2.82163e+14	1.10485e-08
2.83927e+14	1.10908e-08
2.8569e+14	1.11783e-08
2.87454e+14	1.12192e-08
2.89217e+14	1.12591e-08
2.90981e+14	1.12982e-08
2.92744e+14	1.13365e-08
2.94508e+14	1.1374e-08
2.96271e+14	1.14582e-08
2.98035e+14	1.14942e-08
2.99798e+14	1.15293e-08
3.01562e+14	1.15636e-08
3.03325e+14	1.15969e-08
3.05089e+14	1.16295e-08
3.06852e+14	1.16613e-08
3.08616e+14	1.17415e-08
3.10379e+14	1.17717e-08
3.12143e+14	1.18011e-08
3.13906e+14	1.18297e-08
3.1567e+14	1.18575e-08
3.17434e+14	1.18843e-08
3.19197e+14	1.19105e-08
3.20961e+14	1.19356e-08
3.22724e+14	1.196e-08
3.24488e+14	1.19836e-08
3.26251e+14	1.20577e-08
3.28015e+14	1.20798e-08
3.29778e+14	1.2101e-08
3.31542e+14	1.21215e-08
3.33305e+14	1.21412e-08
3.35069e+14	1.21599e-08
3.36832e+14	1.2178e-08
3.38596e+14	1.21952e-08
3.40359e+14	1.22115e-08
3.42123e+14	1.22271e-08
3.43886e+14	1.22419e-08
3.4565e+14	1.22558e-08
3.47413e+14	1.22691e-08
3.49177e+14	1.2335e-08
3.5094e+14	1.23467e-08
3.52704e+14	1.23577e-08
3.54467e+14	1.23679e-08
3.56231e+14	1.23772e-08
3.57994e+14	1.23858e-08
3.59758e+14	1.23937e-08
3.61522e+14	1.24007e-08
3.63285e+14	1.24072e-08
3.65049e+14	1.24126e-08
3.66812e+14	1.24175e-08
3.68576e+14	1.24215e-08
3.70339e+14	1.24248e-08
3.72103e+14	1.24274e-08
3.73866e+14	1.24292e-08
3.7563e+14	1.24303e-08
3.77393e+14	1.24306e-08
3.79157e+14	1.24302e-08
3.8092e+14	1.24293e-08
3.82684e+14	1.24274e-08
3.84447e+14	1.24249e-08
3.86211e+14	1.24775e-08
3.87974e+14	1.24737e-08
3.89738e+14	1.24691e-08
3.91501e+14	1.24639e-08
3.93265e+14	1.24581e-08
3.95028e+14	1.24514e-08
3.96792e+14	1.2444e-08
3.98555e+14	1.24361e-08
4.00319e+14	1.24275e-08
4.02082e+14	1.24181e-08
4.03846e+14	1.24081e-08
4.0561e+14	1.23975e-08
4.07373e+14	1.23864e-08
4.09137e+14	1.23745e-08
4.109e+14	1.23619e-08
4.12664e+14	1.23487e-08
4.14427e+14	1.23348e-08
4.16191e+14	1.23205e-08
4.17954e+14	1.23054e-08
4.19718e+14	1.22898e-08
4.21481e+14	1.22735e-08
4.23245e+14	1.22566e-08
4.25008e+14	1.22391e-08
4.26772e+14	1.22212e-08
4.28535e+14	1.22024e-08
4.30299e+14	1.21833e-08
4.32062e+14	1.21635e-08
4.33826e+14	1.21432e-08
4.35589e+14	1.21223e-08
4.37353e+14	1.21008e-08
4.39116e+14	1.20788e-08
4.4088e+14	1.20562e-08
4.42643e+14	1.20331e-08
4.44407e+14	1.20665e-08
4.4617e+14	1.20424e-08
4.47934e+14	1.20177e-08
4.49698e+14	1.19923e-08
4.51461e+14	1.19666e-08
4.53225e+14	1.19405e-08
4.54988e+14	1.19137e-08
4.56752e+14	1.18864e-08
4.58515e+14	1.18588e-08
4.60279e+14	1.18305e-08
4.62042e+14	1.18019e-08
4.63806e+14	1.17726e-08
4.65569e+14	1.1743e-08
4.67333e+14	1.17129e-08
4.69096e+14	1.16823e-08
4.7086e+14	1.16515e-08
4.72623e+14	1.162e-08
4.74387e+14	1.1588e-08
4.7615e+14	1.15558e-08
4.77914e+14	1.1523e-08
4.79677e+14	1.14899e-08
4.81441e+14	1.14563e-08
4.83204e+14	1.14787e-08
4.84968e+14	1.14442e-08
4.86731e+14	1.14094e-08
4.88495e+14	1.13741e-08
4.90258e+14	1.13386e-08
4.92022e+14	1.13025e-08
4.93785e+14	1.12662e-08
4.95549e+14	1.12293e-08
4.97313e+14	1.11922e-08
4.99076e+14	1.11547e-08
5.0084e+14	1.11169e-08
5.02603e+14	1.10787e-08
5.04367e+14	1.10401e-08
5.0613e+14	1.10012e-08
5.07894e+14	1.09621e-08
5.09657e+14	1.09778e-08
5.11421e+14	1.09379e-08
5.13184e+14	1.08975e-08
5.14948e+14	1.0857e-08
5.16711e+14	1.08161e-08
5.18475e+14	1.0775e-08
5.20238e+14	1.07335e-08
5.22002e+14	1.06917e-08
5.23765e+14	1.06496e-08
5.25529e+14	1.06074e-08
5.27292e+14	1.05647e-08
5.29056e+14	1.05762e-08
5.30819e+14	1.05328e-08
5.32583e+14	1.04894e-08
5.34346e+14	1.04457e-08
5.3611e+14	1.04017e-08
5.37873e+14	1.03574e-08
5.39637e+14	1.03129e-08
5.41401e+14	1.02682e-08
5.43164e+14	1.02232e-08
5.44928e+14	1.02315e-08
5.46691e+14	1.01859e-08
5.48455e+14	1.01403e-08
5.50218e+14	1.00942e-08
5.51982e+14	1.00481e-08
5.53745e+14	1.00018e-08
5.55509e+14	9.95535e-09
5.57272e+14	9.96123e-09
5.59036e+14	9.91419e-09
5.60799e+14	9.86696e-09
5.62563e+14	9.81952e-09
5.64326e+14	9.77211e-09
5.6609e+14	9.72434e-09
5.67853e+14	9.67658e-09
5.69617e+14	9.68017e-09
5.7138e+14	9.63192e-09
5.73144e+14	9.58353e-09
5.74907e+14	9.53497e-09
5.76671e+14	9.48606e-09
5.78434e+14	9.43742e-09
5.80198e+14	9.43938e-09
5.81961e+14	9.39009e-09
5.83725e+14	9.34067e-09
5.85489e+14	9.29132e-09
5.87252e+14	9.24166e-09
5.89016e+14	9.2424e-09
5.90779e+14	9.19234e-09
5.92543e+14	9.14236e-09
5.94306e+14	9.09228e-09
5.9607e+14	9.0421e-09
5.97833e+14	9.04151e-09
5.99597e+14	8.99097e-09
6.0136e+14	8.94035e-09
6.03124e+14	8.88965e-09
6.04887e+14	8.83885e-09
6.06651e+14	8.83718e-09
6.08414e+14	8.78608e-09
6.10178e+14	8.73511e-09
6.11941e+14	8.68388e-09
6.13705e+14	8.68123e-09
6.15468e+14	8.62991e-09
6.17232e+14	8.57854e-09
6.18995e+14	8.52712e-09
6.20759e+14	8.47567e-09
6.22522e+14	8.47187e-09
6.24286e+14	8.42016e-09
6.26049e+14	8.36842e-09
6.27813e+14	8.31684e-09
6.29577e+14	8.31219e-09
6.3134e+14	8.26039e-09
6.33104e+14	8.22245e-09
6.34867e+14	8.17992e-09
6.36631e+14	8.14197e-09
6.38394e+14	8.10371e-09
6.40158e+14	8.06556e-09
6.41921e+14	8.02269e-09
6.43685e+14	7.98436e-09
6.45448e+14	7.94595e-09
6.47212e+14	7.90764e-09
6.48975e+14	7.86905e-09
6.50739e+14	7.83038e-09
6.52502e+14	7.79184e-09
6.54266e+14	7.75301e-09
6.56029e+14	7.71432e-09
6.57793e+14	7.67536e-09
6.59556e+14	7.63653e-09
6.6132e+14	7.59764e-09
6.63083e+14	7.56313e-09
6.64847e+14	7.52411e-09
6.6661e+14	7.48503e-09
6.68374e+14	7.4459e-09
6.70137e+14	7.41111e-09
6.71901e+14	7.37186e-09
6.73664e+14	7.33714e-09
6.75428e+14	7.29781e-09
6.77192e+14	7.25842e-09
6.78955e+14	7.22352e-09
6.80719e+14	7.18406e-09
6.82482e+14	7.14905e-09
6.84246e+14	7.11398e-09
6.86009e+14	7.0746e-09
6.87773e+14	7.03946e-09
6.89536e+14	7.00425e-09
6.913e+14	6.96477e-09
6.93063e+14	6.92949e-09
6.94827e+14	6.89416e-09
6.9659e+14	6.8588e-09
6.98354e+14	6.81925e-09
7.00117e+14	6.78401e-09
7.01881e+14	6.74856e-09
7.03644e+14	6.71327e-09
7.05408e+14	6.67776e-09
7.07171e+14	6.6424e-09
7.08935e+14	6.60704e-09
7.10698e+14	6.57146e-09
7.12462e+14	6.53605e-09
7.14225e+14	6.50062e-09
7.15989e+14	6.46919e-09
7.17752e+14	6.43372e-09
7.19516e+14	6.39825e-09
7.2128e+14	6.36295e-09
7.23043e+14	6.3314e-09
7.24807e+14	6.2959e-09
7.2657e+14	6.26058e-09
7.28334e+14	6.22897e-09
7.30097e+14	6.19364e-09
7.31861e+14	6.16199e-09
7.33624e+14	6.12664e-09
7.35388e+14	6.09517e-09
7.37151e+14	6.05964e-09
7.38915e+14	6.02813e-09
7.40678e+14	5.9928e-09
7.42442e+14	5.96128e-09
7.44205e+14	5.92976e-09
7.45969e+14	5.89445e-09
7.47732e+14	5.8631e-09
7.49496e+14	5.83156e-09
7.51259e+14	5.80002e-09
7.53023e+14	5.76866e-09
7.54786e+14	5.7371e-09
7.5655e+14	5.70207e-09
7.58313e+14	5.67054e-09
7.60077e+14	5.6392e-09
7.6184e+14	5.60787e-09
7.63604e+14	5.57636e-09
7.65368e+14	5.54864e-09
7.67131e+14	5.51732e-09
7.68895e+14	5.48602e-09
7.70658e+14	5.45472e-09
7.72422e+14	5.42345e-09
7.74185e+14	5.39219e-09
7.75949e+14	5.36447e-09
7.77712e+14	5.33342e-09
7.79476e+14	5.3022e-09
7.81239e+14	5.27449e-09
7.83003e+14	5.24351e-09
7.84766e+14	5.2158e-09
7.8653e+14	5.18485e-09
7.88293e+14	5.15393e-09
7.90057e+14	5.12626e-09
7.9182e+14	5.09878e-09
7.93584e+14	5.06792e-09
7.95347e+14	5.04047e-09
7.97111e+14	5.00967e-09
7.98874e+14	4.98225e-09
8.00638e+14	4.95484e-09
8.02401e+14	4.92744e-09
8.04165e+14	4.89675e-09
8.05928e+14	4.8694e-09
8.07692e+14	4.84225e-09
8.09456e+14	4.81493e-09
8.11219e+14	4.78762e-09
8.12983e+14	4.76053e-09
8.14746e+14	4.73346e-09
8.1651e+14	4.70621e-09
8.18273e+14	4.67919e-09
8.20037e+14	4.652e-09
8.218e+14	4.62502e-09
8.23564e+14	4.59807e-09
8.25327e+14	4.57115e-09
8.27091e+14	4.54425e-09
8.28854e+14	4.5174e-09
8.30618e+14	4.49368e-09
8.32381e+14	4.46686e-09
8.34145e+14	4.44008e-09
8.35908e+14	4.4166e-09
8.37672e+14	4.38988e-09
8.39435e+14	4.3632e-09
8.41199e+14	4.33977e-09
8.42962e+14	4.31315e-09
8.44726e+14	4.28976e-09
8.46489e+14	4.2632e-09
8.48253e+14	4.23987e-09
8.50016e+14	4.21357e-09
8.5178e+14	4.19009e-09
8.53543e+14	4.16682e-09
8.55307e+14	4.14063e-09
8.57071e+14	4.11741e-09
8.58834e+14	4.09422e-09
8.60598e+14	4.06814e-09
8.62361e+14	4.04501e-09
8.64125e+14	4.0219e-09
8.65888e+14	3.9988e-09
8.67652e+14	3.97575e-09
8.69415e+14	3.95291e-09
8.71179e+14	3.9299e-09
8.72942e+14	3.90711e-09
8.74706e+14	3.88417e-09
8.76469e+14	3.86145e-09
8.78233e+14	3.83857e-09
8.79996e+14	3.81591e-09
8.8176e+14	3.7931e-09
8.83523e+14	3.7705e-09
8.85287e+14	3.74795e-09
8.8705e+14	3.72543e-09
8.88814e+14	3.70294e-09
8.90577e+14	3.683e-09
8.92341e+14	3.66058e-09
8.94104e+14	3.6382e-09
8.95868e+14	3.6187e-09
8.97631e+14	3.59639e-09
8.99395e+14	3.57412e-09
9.01159e+14	3.55451e-09
9.02922e+14	3.53231e-09
9.04686e+14	3.51295e-09
9.06449e+14	3.49082e-09
9.08213e+14	3.47151e-09
9.09976e+14	3.44946e-09
9.1174e+14	3.43021e-09
9.13503e+14	3.41079e-09
9.15267e+14	3.38904e-09
9.1703e+14	3.36987e-09
9.18794e+14	3.35055e-09
9.20557e+14	3.32892e-09
9.22321e+14	3.30984e-09
9.24084e+14	3.29079e-09
9.25848e+14	3.27176e-09
9.27611e+14	3.25277e-09
9.29375e+14	3.23136e-09
9.31138e+14	3.21243e-09
9.32902e+14	3.19354e-09
9.34665e+14	3.17468e-09
9.36429e+14	3.15604e-09
9.38192e+14	3.13724e-09
9.39956e+14	3.11848e-09
9.41719e+14	3.09975e-09
9.43483e+14	3.08124e-09
9.45247e+14	3.06494e-09
9.4701e+14	3.04648e-09
9.48774e+14	3.02789e-09
9.50537e+14	3.00951e-09
9.52301e+14	2.99117e-09
9.54064e+14	2.97269e-09
9.55828e+14	2.95671e-09
9.57591e+14	2.93848e-09
9.59355e+14	2.92028e-09
9.61118e+14	2.90438e-09
9.62882e+14	2.88625e-09
9.64645e+14	2.87041e-09
9.66409e+14	2.85235e-09
9.68172e+14	2.83434e-09
9.69936e+14	2.81858e-09
9.71699e+14	2.80064e-09
9.73463e+14	2.78493e-09
9.75226e+14	2.76925e-09
9.7699e+14	2.7516e-09
9.78753e+14	2.73598e-09
9.80517e+14	2.71822e-09
9.8228e+14	2.70284e-09
9.84044e+14	2.68731e-09
9.85807e+14	2.66985e-09
9.87571e+14	2.65437e-09
9.89335e+14	2.63911e-09
9.91098e+14	2.62368e-09
9.92862e+14	2.60848e-09
9.94625e+14	2.59329e-09
9.96389e+14	2.57589e-09
9.98152e+14	2.56077e-09
9.99916e+14	2.54569e-09
1.00168e+15	2.53063e-09
1.00344e+15	2.51561e-09
1.00521e+15	2.50062e-09
1.00697e+15	2.48565e-09
1.00873e+15	2.47072e-09
1.0105e+15	2.45582e-09
1.01226e+15	2.44096e-09
1.01402e+15	2.4281e-09
1.01579e+15	2.41329e-09
1.01755e+15	2.3987e-09
1.01931e+15	2.38395e-09
1.02108e+15	2.36924e-09
1.02284e+15	2.35669e-09
1.0246e+15	2.34204e-09
1.02637e+15	2.32742e-09
1.02813e+15	2.31302e-09
1.0299e+15	2.30057e-09
1.03166e+15	2.28605e-09
1.03342e+15	2.27364e-09
1.03519e+15	2.25918e-09
1.03695e+15	2.24495e-09
1.03871e+15	2.23261e-09
1.04048e+15	2.21826e-09
1.04224e+15	2.20597e-09
1.044e+15	2.19371e-09
1.04577e+15	2.17963e-09
1.04753e+15	2.16742e-09
1.04929e+15	2.15341e-09
1.05106e+15	2.14125e-09
1.05282e+15	2.12911e-09
1.05458e+15	2.1152e-09
1.05635e+15	2.10312e-09
1.05811e+15	2.09106e-09
1.05988e+15	2.07725e-09
1.06164e+15	2.06525e-09
1.0634e+15	2.05345e-09
1.06517e+15	2.04149e-09
1.06693e+15	2.02956e-09
1.06869e+15	2.01783e-09
1.07046e+15	2.00595e-09
1.07222e+15	1.99238e-09
1.07398e+15	1.98074e-09
1.07575e+15	1.96894e-09
1.07751e+15	1.95736e-09
1.07927e+15	1.94561e-09
1.08104e+15	1.93407e-09
1.0828e+15	1.92257e-09
1.08456e+15	1.91256e-09
1.08633e+15	1.9011e-09
1.08809e+15	1.88967e-09
1.08986e+15	1.87826e-09
1.09162e+15	1.8667e-09
1.09338e+15	1.85535e-09
1.09515e+15	1.84565e-09
1.09691e+15	1.83435e-09
1.09867e+15	1.82308e-09
1.10044e+15	1.81183e-09
1.1022e+15	1.80221e-09
1.10396e+15	1.79102e-09
1.10573e+15	1.77986e-09
1.10749e+15	1.77029e-09
1.10925e+15	1.75919e-09
1.11102e+15	1.74811e-09
1.11278e+15	1.73879e-09
1.11454e+15	1.72776e-09
1.11631e+15	1.7183e-09
1.11807e+15	1.70733e-09
1.11983e+15	1.69802e-09
1.1216e+15	1.68718e-09
1.12336e+15	1.67787e-09
1.12513e+15	1.66858e-09
1.12689e+15	1.65782e-09
1.12865e+15	1.64859e-09
1.13042e+15	1.6379e-09
1.13218e+15	1.62874e-09
1.13394e+15	1.61957e-09
1.13571e+15	1.60899e-09
1.13747e+15	1.5999e-09
1.13923e+15	1.59082e-09
1.141e+15	1.58177e-09
1.14276e+15	1.57275e-09
1.14452e+15	1.56234e-09
1.14629e+15	1.55337e-09
1.14805e+15	1.54443e-09
1.14981e+15	1.53551e-09
1.15158e+15	1.52663e-09
1.15334e+15	1.51777e-09
1.15511e+15	1.50893e-09
1.15687e+15	1.50011e-09
1.15863e+15	1.49133e-09
1.1604e+15	1.4812e-09
1.16216e+15	1.47249e-09
1.16392e+15	1.46513e-09
1.16569e+15	1.45646e-09
1.16745e+15	1.4478e-09
1.16921e+15	1.43919e-09
1.17098e+15	1.43059e-09
1.17274e+15	1.42203e-09
1.1745e+15	1.41348e-09
1.17627e+15	1.40495e-09
1.17803e+15	1.39647e-09
1.17979e+15	1.3893e-09
1.18156e+15	1.38088e-09
1.18332e+15	1.37246e-09
1.18509e+15	1.36408e-09
1.18685e+15	1.357e-09
1.18861e+15	1.34867e-09
1.19038e+15	1.34036e-09
1.19214e+15	1.33334e-09
1.1939e+15	1.32509e-09
1.19567e+15	1.31687e-09
1.19743e+15	1.30992e-09
1.19919e+15	1.30173e-09
1.20096e+15	1.29483e-09
1.20272e+15	1.2867e-09
1.20448e+15	1.27983e-09
1.20625e+15	1.27176e-09
1.20801e+15	1.26493e-09
1.20977e+15	1.2569e-09
1.21154e+15	1.25012e-09
1.2133e+15	1.24215e-09
1.21507e+15	1.2354e-09
1.21683e+15	1.22747e-09
1.21859e+15	1.22077e-09
1.22036e+15	1.21409e-09
1.22212e+15	1.20625e-09
1.22388e+15	1.1996e-09
1.22565e+15	1.19298e-09
1.22741e+15	1.18522e-09
1.22917e+15	1.17864e-09
1.23094e+15	1.17207e-09
1.2327e+15	1.16437e-09
1.23446e+15	1.15785e-09
1.23623e+15	1.15135e-09
1.23799e+15	1.14487e-09
1.23975e+15	1.1384e-09
1.24152e+15	1.13196e-09
1.24328e+15	1.12443e-09
1.24504e+15	1.11803e-09
1.24681e+15	1.11164e-09
1.24857e+15	1.10529e-09
1.25034e+15	1.09894e-09
1.2521e+15	1.09262e-09
1.25386e+15	1.08631e-09
1.25563e+15	1.08004e-09
1.25739e+15	1.07377e-09
1.25915e+15	1.06754e-09
1.26092e+15	1.06131e-09
1.26268e+15	1.05511e-09
1.26444e+15	1.04892e-09
1.26621e+15	1.04277e-09
1.26797e+15	1.03663e-09
1.26973e+15	1.03051e-09
1.2715e+15	1.02441e-09
1.27326e+15	1.01935e-09
1.27502e+15	1.01329e-09
1.27679e+15	1.00726e-09
1.27855e+15	1.00123e-09
1.28032e+15	9.95228e-10
1.28208e+15	9.89239e-10
1.28384e+15	9.84288e-10
1.28561e+15	9.78348e-10
1.28737e+15	9.72426e-10
1.28913e+15	9.6652e-10
1.2909e+15	9.61615e-10
1.29266e+15	9.55759e-10
1.29442e+15	9.499e-10
1.29619e+15	9.45049e-10
1.29795e+15	9.3924e-10
1.29971e+15	9.34429e-10
1.30148e+15	9.28651e-10
1.30324e+15	9.2291e-10
1.305e+15	9.18135e-10
1.30677e+15	9.12425e-10
1.30853e+15	9.07672e-10
1.3103e+15	9.01992e-10
1.31206e+15	8.97282e-10
1.31382e+15	8.91633e-10
1.31559e+15	8.86947e-10
1.31735e+15	8.81349e-10
1.31911e+15	8.76704e-10
1.32088e+15	8.71138e-10
1.32264e+15	8.66517e-10
1.3244e+15	8.60982e-10
1.32617e+15	8.56385e-10
1.32793e+15	8.51799e-10
1.32969e+15	8.46348e-10
1.33146e+15	8.41786e-10
1.33322e+15	8.37252e-10
1.33498e+15	8.31847e-10
1.33675e+15	8.2732e-10
1.33851e+15	8.2284e-10
1.34027e+15	8.17483e-10
1.34204e+15	8.13009e-10
1.3438e+15	8.08564e-10
1.34557e+15	8.04131e-10
1.34733e+15	7.98835e-10
1.34909e+15	7.94446e-10
1.35086e+15	7.90047e-10
1.35262e+15	7.85661e-10
1.35438e+15	7.81304e-10
1.35615e+15	7.76938e-10
1.35791e+15	7.71772e-10
1.35967e+15	7.67451e-10
1.36144e+15	7.63141e-10
1.3632e+15	7.58862e-10
1.36496e+15	7.54574e-10
1.36673e+15	7.50318e-10
1.36849e+15	7.46053e-10
1.37025e+15	7.41817e-10
1.37202e+15	7.37594e-10
1.37378e+15	7.33383e-10
1.37555e+15	7.292e-10
1.37731e+15	7.25011e-10
1.37907e+15	7.20853e-10
1.38084e+15	7.16705e-10
1.3826e+15	7.12549e-10
1.38436e+15	7.08445e-10
1.38613e+15	7.04332e-10
1.38789e+15	7.00231e-10
1.38965e+15	6.96141e-10
1.39142e+15	6.92082e-10
1.39318e+15	6.88797e-10
1.39494e+15	6.84757e-10
1.39671e+15	6.8073e-10
1.39847e+15	6.76715e-10
1.40023e+15	6.72711e-10
1.402e+15	6.6872e-10
1.40376e+15	6.655e-10
1.40553e+15	6.61548e-10
1.40729e+15	6.57588e-10
1.40905e+15	6.53659e-10
1.41082e+15	6.50471e-10
1.41258e+15	6.46564e-10
1.41434e+15	6.42687e-10
1.41611e+15	6.39522e-10
1.41787e+15	6.35666e-10
1.41963e+15	6.31802e-10
1.4214e+15	6.2868e-10
1.42316e+15	6.24858e-10
1.42492e+15	6.21047e-10
1.42669e+15	6.17948e-10
1.42845e+15	6.14178e-10
1.43021e+15	6.104e-10
1.43198e+15	6.07345e-10
1.43374e+15	6.03587e-10
1.4355e+15	6.00548e-10
1.43727e+15	5.96831e-10
1.43903e+15	5.93807e-10
1.4408e+15	5.90112e-10
1.44256e+15	5.87103e-10
1.44432e+15	5.83449e-10
1.44609e+15	5.80455e-10
1.44785e+15	5.76823e-10
1.44961e+15	5.73844e-10
1.45138e+15	5.70234e-10
1.45314e+15	5.6729e-10
1.4549e+15	5.63702e-10
1.45667e+15	5.60773e-10
1.45843e+15	5.57873e-10
1.46019e+15	5.54315e-10
1.46196e+15	5.51409e-10
1.46372e+15	5.48531e-10
1.46548e+15	5.45023e-10
1.46725e+15	5.42141e-10
1.46901e+15	5.39284e-10
1.47078e+15	5.35809e-10
1.47254e+15	5.32969e-10
1.4743e+15	5.30157e-10
1.47607e+15	5.26711e-10
1.47783e+15	5.23895e-10
1.47959e+15	5.21105e-10
1.48136e+15	5.18322e-10
1.48312e+15	5.14918e-10
1.48488e+15	5.12151e-10
1.48665e+15	5.09392e-10
1.48841e+15	5.06639e-10
1.49017e+15	5.03893e-10
1.49194e+15	5.0056e-10
1.4937e+15	4.97852e-10
1.49546e+15	4.95129e-10
1.49723e+15	4.92434e-10
1.49899e+15	4.89726e-10
1.50076e+15	4.87045e-10
1.50252e+15	4.84372e-10
1.50428e+15	4.81129e-10
1.50605e+15	4.78471e-10
1.50781e+15	4.75822e-10
1.50957e+15	4.73179e-10
1.51134e+15	4.70544e-10
1.5131e+15	4.67915e-10
1.51486e+15	4.65315e-10
1.51663e+15	4.62701e-10
1.51839e+15	4.60115e-10
1.52015e+15	4.57536e-10
1.52192e+15	4.54964e-10
1.52368e+15	4.52379e-10
1.52544e+15	4.49822e-10
1.52721e+15	4.47293e-10
1.52897e+15	4.4475e-10
1.53074e+15	4.42215e-10
1.5325e+15	4.39687e-10
1.53426e+15	4.37723e-10
1.53603e+15	4.35207e-10
1.53779e+15	4.32719e-10
1.53955e+15	4.30218e-10
1.54132e+15	4.27745e-10
1.54308e+15	4.25279e-10
1.54484e+15	4.22821e-10
1.54661e+15	4.2037e-10
1.54837e+15	4.18444e-10
1.55013e+15	4.16006e-10
1.5519e+15	4.13575e-10
1.55366e+15	4.11172e-10
1.55542e+15	4.08757e-10
1.55719e+15	4.06853e-10
1.55895e+15	4.04471e-10
1.56071e+15	4.02096e-10
1.56248e+15	3.99707e-10
1.56424e+15	3.97844e-10
1.56601e+15	3.95489e-10
1.56777e+15	3.93142e-10
1.56953e+15	3.90802e-10
1.5713e+15	3.88958e-10
1.57306e+15	3.86631e-10
1.57482e+15	3.84311e-10
1.57659e+15	3.82502e-10
1.57835e+15	3.80195e-10
1.58011e+15	3.77917e-10
1.58188e+15	3.76101e-10
1.58364e+15	3.73835e-10
1.5854e+15	3.72028e-10
1.58717e+15	3.69775e-10
1.58893e+15	3.67531e-10
1.59069e+15	3.65758e-10
1.59246e+15	3.63526e-10
1.59422e+15	3.61764e-10
1.59599e+15	3.59545e-10
1.59775e+15	3.5779e-10
1.59951e+15	3.55584e-10
1.60128e+15	3.53386e-10
1.60304e+15	3.51667e-10
1.6048e+15	3.49482e-10
1.60657e+15	3.47773e-10
1.60833e+15	3.456e-10
1.61009e+15	3.43899e-10
1.61186e+15	3.41762e-10
1.61362e+15	3.40049e-10
1.61538e+15	3.38362e-10
1.61715e+15	3.36242e-10
1.61891e+15	3.34564e-10
1.62067e+15	3.32457e-10
1.62244e+15	3.30788e-10
1.6242e+15	3.28695e-10
1.62597e+15	3.27036e-10
1.62773e+15	3.25401e-10
1.62949e+15	3.23326e-10
1.63126e+15	3.2168e-10
1.63302e+15	3.19639e-10
1.63478e+15	3.18002e-10
1.63655e+15	3.1639e-10
1.63831e+15	3.14369e-10
1.64007e+15	3.12745e-10
1.64184e+15	3.11146e-10
1.6436e+15	3.09143e-10
1.64536e+15	3.07554e-10
1.64713e+15	3.05969e-10
1.64889e+15	3.04388e-10
1.65065e+15	3.02409e-10
1.65242e+15	3.00837e-10
1.65418e+15	2.99269e-10
1.65594e+15	2.97309e-10
1.65771e+15	2.95751e-10
1.65947e+15	2.94218e-10
1.66124e+15	2.92667e-10
1.663e+15	2.90732e-10
1.66476e+15	2.89212e-10
1.66653e+15	2.87675e-10
1.66829e+15	2.86164e-10
1.67005e+15	2.84657e-10
1.67182e+15	2.82751e-10
1.67358e+15	2.81253e-10
1.67534e+15	2.79759e-10
1.67711e+15	2.78269e-10
1.67887e+15	2.76783e-10
1.68063e+15	2.75301e-10
1.6824e+15	2.73824e-10
1.68416e+15	2.71981e-10
1.68592e+15	2.70513e-10
1.68769e+15	2.69049e-10
1.68945e+15	2.67588e-10
1.69122e+15	2.66133e-10
1.69298e+15	2.64703e-10
1.69474e+15	2.63254e-10
1.69651e+15	2.61811e-10
1.69827e+15	2.60393e-10
1.70003e+15	2.58957e-10
1.7018e+15	2.57547e-10
1.70356e+15	2.56141e-10
1.70532e+15	2.54718e-10
1.70709e+15	2.5332e-10
1.70885e+15	2.51926e-10
1.71061e+15	2.50515e-10
1.71238e+15	2.4913e-10
1.71414e+15	2.47749e-10
1.7159e+15	2.46372e-10
1.71767e+15	2.44998e-10
1.71943e+15	2.43629e-10
1.7212e+15	2.42265e-10
1.72296e+15	2.40904e-10
1.72472e+15	2.39547e-10
1.72649e+15	2.38216e-10
1.72825e+15	2.36868e-10
1.73001e+15	2.35524e-10
1.73178e+15	2.34184e-10
1.73354e+15	2.32869e-10
1.7353e+15	2.31538e-10
1.73707e+15	2.30231e-10
1.73883e+15	2.28908e-10
1.74059e+15	2.27931e-10
1.74236e+15	2.26614e-10
1.74412e+15	2.25323e-10
1.74588e+15	2.24036e-10
1.74765e+15	2.22732e-10
1.74941e+15	2.21453e-10
1.75117e+15	2.20179e-10
1.75294e+15	2.1922e-10
1.7547e+15	2.17952e-10
1.75647e+15	2.16667e-10
1.75823e+15	2.15408e-10
1.75999e+15	2.14153e-10
1.76176e+15	2.12902e-10
1.76352e+15	2.11958e-10
1.76528e+15	2.10735e-10
1.76705e+15	2.09495e-10
1.76881e+15	2.08259e-10
1.77057e+15	2.07326e-10
1.77234e+15	2.06097e-10
1.7741e+15	2.04894e-10
1.77586e+15	2.03673e-10
1.77763e+15	2.02749e-10
1.77939e+15	2.01557e-10
1.78115e+15	2.00347e-10
1.78292e+15	1.99163e-10
1.78468e+15	1.98249e-10
1.78645e+15	1.97072e-10
1.78821e+15	1.95878e-10
1.78997e+15	1.94993e-10
1.79174e+15	1.93827e-10
1.7935e+15	1.92644e-10
1.79526e+15	1.91766e-10
1.79703e+15	1.90612e-10
1.79879e+15	1.89461e-10
1.80055e+15	1.88591e-10
1.80232e+15	1.87425e-10
1.80408e+15	1.86285e-10
1.80584e+15	1.85423e-10
1.80761e+15	1.8429e-10
1.80937e+15	1.83161e-10
1.81113e+15	1.82306e-10
1.8129e+15	1.81184e-10
1.81466e+15	1.80333e-10
1.81643e+15	1.7924e-10
1.81819e+15	1.7813e-10
1.81995e+15	1.77286e-10
1.82172e+15	1.76182e-10
1.82348e+15	1.75344e-10
1.82524e+15	1.74269e-10
1.82701e+15	1.73435e-10
1.82877e+15	1.72344e-10
1.83053e+15	1.7128e-10
1.8323e+15	1.70454e-10
1.83406e+15	1.69396e-10
1.83582e+15	1.68574e-10
1.83759e+15	1.67524e-10
1.83935e+15	1.66707e-10
1.84111e+15	1.65663e-10
1.84288e+15	1.6485e-10
1.84464e+15	1.63813e-10
1.84641e+15	1.63028e-10
1.84817e+15	1.61976e-10
1.84993e+15	1.61194e-10
1.8517e+15	1.60171e-10
1.85346e+15	1.59394e-10
1.85522e+15	1.58357e-10
1.85699e+15	1.57584e-10
1.85875e+15	1.56814e-10
1.86051e+15	1.55807e-10
1.86228e+15	1.55042e-10
1.86404e+15	1.5404e-10
1.8658e+15	1.53279e-10
1.86757e+15	1.52286e-10
1.86933e+15	1.51533e-10
1.87109e+15	1.50546e-10
1.87286e+15	1.49797e-10
1.87462e+15	1.4905e-10
1.87638e+15	1.48078e-10
1.87815e+15	1.47335e-10
1.87991e+15	1.46369e-10
1.88168e+15	1.45633e-10
1.88344e+15	1.44902e-10
1.8852e+15	1.43948e-10
1.88697e+15	1.43221e-10
1.88873e+15	1.42496e-10
1.89049e+15	1.41552e-10
1.89226e+15	1.40834e-10
1.89402e+15	1.40117e-10
1.89578e+15	1.39185e-10
1.89755e+15	1.38475e-10
1.89931e+15	1.37765e-10
1.90107e+15	1.36847e-10
1.90284e+15	1.36144e-10
1.9046e+15	1.35443e-10
1.90636e+15	1.34534e-10
1.90813e+15	1.3384e-10
1.90989e+15	1.33147e-10
1.91166e+15	1.3225e-10
1.91342e+15	1.31562e-10
1.91518e+15	1.30879e-10
1.91695e+15	1.29991e-10
1.91871e+15	1.29314e-10
1.92047e+15	1.28637e-10
1.92224e+15	1.27965e-10
1.924e+15	1.27091e-10
1.92576e+15	1.26425e-10
1.92753e+15	1.25758e-10
1.92929e+15	1.25096e-10
1.93105e+15	1.24237e-10
1.93282e+15	1.23579e-10
1.93458e+15	1.22923e-10
1.93634e+15	1.22272e-10
1.93811e+15	1.21427e-10
1.93987e+15	1.2078e-10
1.94164e+15	1.20135e-10
1.9434e+15	1.19494e-10
1.94516e+15	1.18855e-10
1.94693e+15	1.18024e-10
1.94869e+15	1.17392e-10
1.95045e+15	1.1676e-10
1.95222e+15	1.16129e-10
1.95398e+15	1.15503e-10
1.95574e+15	1.14691e-10
1.95751e+15	1.14069e-10
1.95927e+15	1.13451e-10
1.96103e+15	1.12833e-10
1.9628e+15	1.12219e-10
1.96456e+15	1.11607e-10
1.96632e+15	1.10815e-10
1.96809e+15	1.1021e-10
1.96985e+15	1.09604e-10
1.97161e+15	1.09002e-10
1.97338e+15	1.08403e-10
1.97514e+15	1.07805e-10
1.97691e+15	1.07209e-10
1.97867e+15	1.06617e-10
1.98043e+15	1.05852e-10
1.9822e+15	1.05262e-10
1.98396e+15	1.04677e-10
1.98572e+15	1.04095e-10
1.98749e+15	1.03514e-10
1.98925e+15	1.02936e-10
1.99101e+15	1.0236e-10
1.99278e+15	1.01787e-10
1.99454e+15	1.01215e-10
1.9963e+15	1.00476e-10
1.99807e+15	9.99108e-11
1.99983e+15	9.93474e-11
2.00159e+15	9.87837e-11
2.00336e+15	9.8224e-11
2.00512e+15	9.76683e-11
2.00689e+15	9.71124e-11
2.00865e+15	9.65604e-11
2.01041e+15	9.60104e-11
2.01218e+15	9.54622e-11
2.01394e+15	9.49159e-11
2.0157e+15	9.43713e-11
2.01747e+15	9.38287e-11
2.01923e+15	9.329e-11
2.02099e+15	9.27532e-11
2.02276e+15	9.22185e-11
2.02452e+15	9.16854e-11
2.02628e+15	9.11541e-11
2.02805e+15	9.06268e-11
2.02981e+15	9.00993e-11
2.03157e+15	8.95757e-11
2.03334e+15	8.90542e-11
2.0351e+15	8.85343e-11
2.03687e+15	8.80161e-11
2.03863e+15	8.75021e-11
2.04039e+15	8.69877e-11
2.04216e+15	8.64775e-11
2.04392e+15	8.59689e-11
2.04568e+15	8.54621e-11
2.04745e+15	8.49572e-11
2.04921e+15	8.4454e-11
2.05097e+15	8.39548e-11
2.05274e+15	8.34555e-11
2.0545e+15	8.296e-11
2.05626e+15	8.24662e-11
2.05803e+15	8.19743e-11
2.05979e+15	8.14842e-11
2.06155e+15	8.0998e-11
2.06332e+15	8.05114e-11
2.06508e+15	8.0029e-11
2.06684e+15	7.95482e-11
2.06861e+15	7.90692e-11
2.07037e+15	7.8592e-11
2.07214e+15	7.81167e-11
2.0739e+15	7.76451e-11
2.07566e+15	7.71733e-11
2.07743e+15	7.67054e-11
2.07919e+15	7.62372e-11
2.08095e+15	7.59074e-11
2.08272e+15	7.54441e-11
2.08448e+15	7.49847e-11
2.08624e+15	7.4525e-11
2.08801e+15	7.4067e-11
2.08977e+15	7.3613e-11
2.09153e+15	7.31607e-11
2.0933e+15	7.27081e-11
2.09506e+15	7.22592e-11
2.09682e+15	7.18142e-11
2.09859e+15	7.13688e-11
2.10035e+15	7.1053e-11
2.10212e+15	7.06126e-11
2.10388e+15	7.01719e-11
2.10564e+15	6.9735e-11
2.10741e+15	6.92998e-11
2.10917e+15	6.88664e-11
2.11093e+15	6.84347e-11
2.1127e+15	6.80047e-11
2.11446e+15	6.77014e-11
2.11622e+15	6.72744e-11
2.11799e+15	6.68511e-11
2.11975e+15	6.64294e-11
2.12151e+15	6.60074e-11
2.12328e+15	6.55892e-11
2.12504e+15	6.51747e-11
2.1268e+15	6.47599e-11
2.12857e+15	6.4465e-11
2.13033e+15	6.40551e-11
2.1321e+15	6.36447e-11
2.13386e+15	6.32381e-11
2.13562e+15	6.28332e-11
2.13739e+15	6.243e-11
2.13915e+15	6.21432e-11
2.14091e+15	6.17428e-11
2.14268e+15	6.1344e-11
2.14444e+15	6.0949e-11
2.1462e+15	6.05536e-11
2.14797e+15	6.01618e-11
2.14973e+15	5.97698e-11
2.15149e+15	5.94923e-11
2.15326e+15	5.9105e-11
2.15502e+15	5.87193e-11
2.15678e+15	5.83353e-11
2.15855e+15	5.79529e-11
2.16031e+15	5.76823e-11
2.16208e+15	5.73026e-11
2.16384e+15	5.69266e-11
2.1656e+15	5.65522e-11
2.16737e+15	5.61775e-11
2.16913e+15	5.58064e-11
2.17089e+15	5.55418e-11
2.17266e+15	5.51733e-11
2.17442e+15	5.48065e-11
2.17618e+15	5.44433e-11
2.17795e+15	5.40797e-11
2.17971e+15	5.38221e-11
2.18147e+15	5.3461e-11
2.18324e+15	5.31037e-11
2.185e+15	5.27479e-11
2.18676e+15	5.23938e-11
2.18853e+15	5.21409e-11
2.19029e+15	5.17894e-11
2.19205e+15	5.14394e-11
2.19382e+15	5.10911e-11
2.19558e+15	5.07462e-11
2.19735e+15	5.04982e-11
2.19911e+15	5.0156e-11
2.20087e+15	4.98133e-11
2.20264e+15	4.94742e-11
2.2044e+15	4.91366e-11
2.20616e+15	4.88954e-11
2.20793e+15	4.85604e-11
2.20969e+15	4.8227e-11
2.21145e+15	4.7895e-11
2.21322e+15	4.75666e-11
2.21498e+15	4.73302e-11
2.21674e+15	4.70023e-11
2.21851e+15	4.66779e-11
2.22027e+15	4.63552e-11
2.22203e+15	4.60319e-11
2.2238e+15	4.58021e-11
2.22556e+15	4.54833e-11
2.22733e+15	4.5166e-11
2.22909e+15	4.48502e-11
2.23085e+15	4.4536e-11
2.23262e+15	4.43126e-11
2.23438e+15	4.40009e-11
2.23614e+15	4.36924e-11
2.23791e+15	4.33836e-11
2.23967e+15	4.3164e-11
2.24143e+15	4.28577e-11
2.2432e+15	4.25547e-11
2.24496e+15	4.22532e-11
2.24672e+15	4.19532e-11
2.24849e+15	4.17381e-11
2.25025e+15	4.14406e-11
2.25201e+15	4.11444e-11
2.25378e+15	4.08497e-11
2.25554e+15	4.05583e-11
2.25731e+15	4.03478e-11
2.25907e+15	4.00588e-11
2.26083e+15	3.97694e-11
2.2626e+15	3.94833e-11
2.26436e+15	3.91986e-11
2.26612e+15	3.89945e-11
2.26789e+15	3.87104e-11
2.26965e+15	3.84295e-11
2.27141e+15	3.815e-11
2.27318e+15	3.79494e-11
2.27494e+15	3.7674e-11
2.2767e+15	3.73983e-11
2.27847e+15	3.7124e-11
2.28023e+15	3.68528e-11
2.28199e+15	3.66566e-11
2.28376e+15	3.63877e-11
2.28552e+15	3.61186e-11
2.28728e+15	3.58525e-11
2.28905e+15	3.55878e-11
2.29081e+15	3.53977e-11
2.29258e+15	3.51336e-11
2.29434e+15	3.48726e-11
2.2961e+15	3.46146e-11
2.29787e+15	3.43563e-11
2.29963e+15	3.41706e-11
2.30139e+15	3.39145e-11
2.30316e+15	3.36598e-11
2.30492e+15	3.34081e-11
2.30668e+15	3.31561e-11
2.30845e+15	3.29071e-11
2.31021e+15	3.27266e-11
2.31197e+15	3.24798e-11
2.31374e+15	3.22343e-11
2.3155e+15	3.19902e-11
2.31726e+15	3.17457e-11
2.31903e+15	3.15042e-11
2.32079e+15	3.13304e-11
2.32256e+15	3.10911e-11
2.32432e+15	3.08531e-11
2.32608e+15	3.06179e-11
2.32785e+15	3.03825e-11
2.32961e+15	3.01483e-11
2.33137e+15	2.99795e-11
2.33314e+15	2.97491e-11
2.3349e+15	2.95184e-11
2.33666e+15	2.92905e-11
2.33843e+15	2.90623e-11
2.34019e+15	2.8837e-11
2.34195e+15	2.86129e-11
2.34372e+15	2.839e-11
2.34548e+15	2.82295e-11
2.34724e+15	2.80071e-11
2.34901e+15	2.77877e-11
2.35077e+15	2.75693e-11
2.35254e+15	2.73523e-11
2.3543e+15	2.7138e-11
2.35606e+15	2.69234e-11
2.35783e+15	2.67099e-11
2.35959e+15	2.64977e-11
2.36135e+15	2.62883e-11
2.36312e+15	2.6136e-11
2.36488e+15	2.59285e-11
2.36664e+15	2.57208e-11
2.36841e+15	2.55157e-11
2.37017e+15	2.53103e-11
2.37193e+15	2.51076e-11
2.3737e+15	2.49061e-11
2.37546e+15	2.47057e-11
2.37722e+15	2.45065e-11
2.37899e+15	2.4307e-11
2.38075e+15	2.41102e-11
2.38251e+15	2.39144e-11
2.38428e+15	2.37213e-11
2.38604e+15	2.35279e-11
2.38781e+15	2.33355e-11
2.38957e+15	2.31444e-11
2.39133e+15	2.29543e-11
2.3931e+15	2.27668e-11
2.39486e+15	2.25791e-11
2.39662e+15	2.23938e-11
2.39839e+15	2.22083e-11
2.40015e+15	2.20252e-11
2.40191e+15	2.18419e-11
2.40368e+15	2.1661e-11
2.40544e+15	2.14799e-11
2.4072e+15	2.13013e-11
2.40897e+15	2.11237e-11
2.41073e+15	2.09472e-11
2.41249e+15	2.07717e-11
2.41426e+15	2.05974e-11
2.41602e+15	2.03769e-11
2.41779e+15	2.0205e-11
2.41955e+15	2.00342e-11
2.42131e+15	1.98644e-11
2.42308e+15	1.96957e-11
2.42484e+15	1.9528e-11
2.4266e+15	1.93613e-11
2.42837e+15	1.9197e-11
2.43013e+15	1.90324e-11
2.43189e+15	1.88702e-11
2.43366e+15	1.86637e-11
2.43542e+15	1.85038e-11
2.43718e+15	1.83437e-11
2.43895e+15	1.81858e-11
2.44071e+15	1.80276e-11
2.44247e+15	1.78717e-11
2.44424e+15	1.77168e-11
2.446e+15	1.75212e-11
2.44777e+15	1.73673e-11
2.44953e+15	1.72156e-11
2.45129e+15	1.7065e-11
2.45306e+15	1.69153e-11
2.45482e+15	1.67263e-11
2.45658e+15	1.65789e-11
2.45835e+15	1.64324e-11
2.46011e+15	1.62868e-11
2.46187e+15	1.61434e-11
2.46364e+15	1.5961e-11
2.4654e+15	1.58185e-11
2.46716e+15	1.56771e-11
2.46893e+15	1.54998e-11
2.47069e+15	1.53605e-11
2.47245e+15	1.52232e-11
2.47422e+15	1.50857e-11
2.47598e+15	1.49135e-11
2.47775e+15	1.47781e-11
2.47951e+15	1.46448e-11
2.48127e+15	1.44764e-11
2.48304e+15	1.4344e-11
2.4848e+15	1.42136e-11
2.48656e+15	1.4049e-11
2.48833e+15	1.39206e-11
2.49009e+15	1.37586e-11
2.49185e+15	1.36322e-11
2.49362e+15	1.35067e-11
2.49538e+15	1.33484e-11
2.49714e+15	1.32248e-11
2.49891e+15	1.30691e-11
2.50067e+15	1.29475e-11
2.50243e+15	1.27942e-11
2.5042e+15	1.26756e-11
2.50596e+15	1.25248e-11
2.50772e+15	1.2407e-11
2.50949e+15	1.22597e-11
2.51125e+15	1.21438e-11
2.51302e+15	1.19989e-11
2.51478e+15	1.18848e-11
2.51654e+15	1.17423e-11
2.51831e+15	1.16001e-11
2.52007e+15	1.14899e-11
2.52183e+15	1.1351e-11
2.5236e+15	1.12124e-11
2.52536e+15	1.11051e-11
2.52712e+15	1.09697e-11
2.52889e+15	1.08357e-11
2.53065e+15	1.07029e-11
2.53241e+15	1.05993e-11
2.53418e+15	1.04687e-11
2.53594e+15	1.03394e-11
2.5377e+15	1.02114e-11
2.53947e+15	1.00845e-11
2.54123e+15	9.9589e-12
2.543e+15	9.86168e-12
2.54476e+15	9.7382e-12
2.54652e+15	9.61591e-12
2.54829e+15	9.49483e-12
2.55005e+15	9.37574e-12
2.55181e+15	9.25698e-12
2.55358e+15	9.14023e-12
2.55534e+15	9.02462e-12
2.5571e+15	8.885e-12
2.55887e+15	8.77185e-12
2.56063e+15	8.65981e-12
2.56239e+15	8.54889e-12
2.56416e+15	8.43907e-12
2.56592e+15	8.33035e-12
2.56768e+15	8.22271e-12
2.56945e+15	8.11616e-12
2.57121e+15	8.01068e-12
2.57298e+15	7.90626e-12
2.57474e+15	7.80291e-12
2.5765e+15	7.70061e-12
2.57827e+15	7.59935e-12
2.58003e+15	7.49982e-12
2.58179e+15	7.40062e-12
2.58356e+15	7.30244e-12
2.58532e+15	7.20528e-12
2.58708e+15	7.10913e-12
2.58885e+15	7.01397e-12
2.59061e+15	6.91981e-12
2.59237e+15	6.82728e-12
2.59414e+15	6.73508e-12
2.5959e+15	6.64385e-12
2.59766e+15	6.55358e-12
2.59943e+15	6.48369e-12
2.60119e+15	6.39512e-12
2.60295e+15	6.3075e-12
2.60472e+15	6.22141e-12
2.60648e+15	6.13565e-12
2.60825e+15	6.05081e-12
2.61001e+15	5.96747e-12
2.61177e+15	5.88445e-12
2.61354e+15	5.80234e-12
2.6153e+15	5.73873e-12
2.61706e+15	5.6582e-12
2.61883e+15	5.57911e-12
2.62059e+15	5.50034e-12
2.62235e+15	5.42244e-12
2.62412e+15	5.34594e-12
2.62588e+15	5.26976e-12
2.62764e+15	5.21072e-12
2.62941e+15	5.13605e-12
2.63117e+15	5.06272e-12
2.63293e+15	4.98971e-12
2.6347e+15	4.91803e-12
2.63646e+15	4.86207e-12
2.63823e+15	4.79134e-12
2.63999e+15	4.72189e-12
2.64175e+15	4.65276e-12
2.64352e+15	4.58489e-12
2.64528e+15	4.5319e-12
2.64704e+15	4.46496e-12
2.64881e+15	4.39924e-12
2.65057e+15	4.33429e-12
2.65233e+15	4.28312e-12
2.6541e+15	4.21951e-12
2.65586e+15	4.15665e-12
2.65762e+15	4.09452e-12
2.65939e+15	4.04557e-12
2.66115e+15	3.98475e-12
2.66291e+15	3.92464e-12
2.66468e+15	3.87769e-12
2.66644e+15	3.81846e-12
2.66821e+15	3.76033e-12
2.66997e+15	3.71492e-12
2.67173e+15	3.65803e-12
2.6735e+15	3.60183e-12
2.67526e+15	3.55792e-12
2.67702e+15	3.50293e-12
2.67879e+15	3.44824e-12
2.68055e+15	3.4058e-12
2.68231e+15	3.35267e-12
2.68408e+15	3.30019e-12
2.68584e+15	3.25918e-12
2.6876e+15	3.20785e-12
2.68937e+15	3.15717e-12
2.69113e+15	3.11755e-12
2.69289e+15	3.06799e-12
2.69466e+15	3.02925e-12
2.69642e+15	2.9808e-12
2.69819e+15	2.93296e-12
2.69995e+15	2.89556e-12
2.70171e+15	2.8488e-12
2.70348e+15	2.81225e-12
2.70524e+15	2.76686e-12
2.707e+15	2.72175e-12
2.70877e+15	2.68648e-12
2.71053e+15	2.6424e-12
2.71229e+15	2.60794e-12
2.71406e+15	2.56488e-12
2.71582e+15	2.53121e-12
2.71758e+15	2.48944e-12
2.71935e+15	2.45655e-12
2.72111e+15	2.41548e-12
2.72287e+15	2.38336e-12
2.72464e+15	2.34326e-12
2.7264e+15	2.31216e-12
2.72816e+15	2.27301e-12
2.72993e+15	2.24239e-12
2.73169e+15	2.20442e-12
2.73346e+15	2.17453e-12
2.73522e+15	2.13723e-12
2.73698e+15	2.10805e-12
2.73875e+15	2.0719e-12
2.74051e+15	2.04343e-12
2.74227e+15	2.00816e-12
2.74404e+15	1.98038e-12
2.7458e+15	1.94574e-12
2.74756e+15	1.91887e-12
2.74933e+15	1.88508e-12
2.75109e+15	1.85887e-12
2.75285e+15	1.83273e-12
2.75462e+15	1.80015e-12
2.75638e+15	1.77488e-12
2.75814e+15	1.74312e-12
2.75991e+15	1.71847e-12
2.76167e+15	1.6939e-12
2.76344e+15	1.6635e-12
2.7652e+15	1.63963e-12
2.76696e+15	1.6099e-12
2.76873e+15	1.58667e-12
2.77049e+15	1.5637e-12
2.77225e+15	1.53508e-12
2.77402e+15	1.51272e-12
2.77578e+15	1.49061e-12
2.77754e+15	1.46306e-12
2.77931e+15	1.44153e-12
2.78107e+15	1.4147e-12
2.78283e+15	1.39375e-12
2.7846e+15	1.37303e-12
2.78636e+15	1.34724e-12
2.78812e+15	1.32708e-12
2.78989e+15	1.30716e-12
2.79165e+15	1.28747e-12
2.79342e+15	1.26297e-12
2.79518e+15	1.24381e-12
2.79694e+15	1.2249e-12
2.79871e+15	1.20135e-12
2.80047e+15	1.18295e-12
2.80223e+15	1.16478e-12
2.804e+15	1.14215e-12
2.80576e+15	1.12448e-12
2.80752e+15	1.10703e-12
2.80929e+15	1.08979e-12
2.81105e+15	1.06834e-12
2.81281e+15	1.05159e-12
2.81458e+15	1.03504e-12
2.81634e+15	1.0187e-12
2.8181e+15	9.9839e-13
2.81987e+15	9.82502e-13
2.82163e+15	9.66827e-13
2.82339e+15	9.51364e-13
2.82516e+15	9.36084e-13
2.82692e+15	9.17097e-13
2.82869e+15	9.02268e-13
2.83045e+15	8.87618e-13
2.83221e+15	8.73169e-13
2.83398e+15	8.58907e-13
2.83574e+15	8.4119e-13
2.8375e+15	8.27345e-13
2.83927e+15	8.13681e-13
2.84103e+15	8.00196e-13
2.84279e+15	7.86889e-13
2.84456e+15	7.7038e-13
2.84632e+15	7.5748e-13
2.84808e+15	7.44741e-13
2.84985e+15	7.32184e-13
2.85161e+15	7.19794e-13
2.85337e+15	7.07572e-13
2.85514e+15	6.95515e-13
2.8569e+15	6.80556e-13
2.85867e+15	6.68877e-13
2.86043e+15	6.57349e-13
2.86219e+15	6.45988e-13
2.86396e+15	6.34784e-13
2.86572e+15	6.23725e-13
2.86748e+15	6.1283e-13
2.86925e+15	6.02086e-13
2.87101e+15	5.91492e-13
2.87277e+15	5.81055e-13
2.87454e+15	5.68109e-13
2.8763e+15	5.57995e-13
2.87806e+15	5.48033e-13
2.87983e+15	5.38206e-13
2.88159e+15	5.28526e-13
2.88335e+15	5.18986e-13
2.88512e+15	5.09584e-13
2.88688e+15	5.00318e-13
2.88865e+15	4.91186e-13
2.89041e+15	4.82195e-13
2.89217e+15	4.73329e-13
2.89394e+15	4.646e-13
2.8957e+15	4.55993e-13
2.89746e+15	4.4752e-13
2.89923e+15	4.39173e-13
2.90099e+15	4.30951e-13
2.90275e+15	4.22852e-13
2.90452e+15	4.14876e-13
2.90628e+15	4.07019e-13
2.90804e+15	3.99288e-13
2.90981e+15	3.91669e-13
2.91157e+15	3.84172e-13
2.91333e+15	3.76785e-13
2.9151e+15	3.69517e-13
2.91686e+15	3.62361e-13
2.91862e+15	3.55317e-13
2.92039e+15	3.48383e-13
2.92215e+15	3.41562e-13
2.92392e+15	3.34843e-13
2.92568e+15	3.28231e-13
2.92744e+15	3.21728e-13
2.92921e+15	3.15324e-13
2.93097e+15	3.09028e-13
2.93273e+15	3.02832e-13
2.9345e+15	2.96736e-13
2.93626e+15	2.90739e-13
2.93802e+15	2.86352e-13
2.93979e+15	2.80524e-13
2.94155e+15	2.7479e-13
2.94331e+15	2.69156e-13
2.94508e+15	2.6361e-13
2.94684e+15	2.5816e-13
2.9486e+15	2.52801e-13
2.95037e+15	2.47531e-13
2.95213e+15	2.4235e-13
2.9539e+15	2.37256e-13
2.95566e+15	2.33531e-13
2.95742e+15	2.28586e-13
2.95919e+15	2.23726e-13
2.96095e+15	2.18952e-13
2.96271e+15	2.14257e-13
2.96448e+15	2.09647e-13
2.96624e+15	2.05117e-13
2.968e+15	2.01801e-13
2.96977e+15	1.97407e-13
2.97153e+15	1.93091e-13
2.97329e+15	1.88851e-13
2.97506e+15	1.84901e-13
2.97682e+15	1.81015e-13
2.97858e+15	1.77195e-13
2.98035e+15	1.73442e-13
2.98211e+15	1.69754e-13
2.98388e+15	1.66126e-13
2.98564e+15	1.62564e-13
2.9874e+15	1.59063e-13
2.98917e+15	1.55623e-13
2.99093e+15	1.52243e-13
2.99269e+15	1.48922e-13
2.99446e+15	1.45663e-13
2.99622e+15	1.42458e-13
2.99798e+15	1.39395e-13
2.99975e+15	1.36304e-13
3.00151e+15	1.33269e-13
3.00327e+15	1.30366e-13
3.00504e+15	1.27438e-13
3.0068e+15	1.2464e-13
3.00856e+15	1.21816e-13
3.01033e+15	1.19118e-13
3.01209e+15	1.16397e-13
3.01386e+15	1.13796e-13
3.01562e+15	1.11245e-13
3.01738e+15	1.08668e-13
3.01915e+15	1.06209e-13
3.02091e+15	1.03794e-13
3.02267e+15	1.01425e-13
3.02444e+15	9.90993e-14
3.0262e+15	9.67542e-14
3.02796e+15	9.45157e-14
3.02973e+15	9.23811e-14
3.03149e+15	9.02247e-14
3.03325e+15	8.8109e-14
3.03502e+15	8.6035e-14
3.03678e+15	8.39991e-14
3.03854e+15	8.20037e-14
3.04031e+15	8.00467e-14
3.04207e+15	7.81789e-14
3.04383e+15	7.6296e-14
3.0456e+15	7.445e-14
3.04736e+15	7.26912e-14
3.04913e+15	7.0916e-14
3.05089e+15	6.92238e-14
3.05265e+15	6.75174e-14
3.05442e+15	6.58924e-14
3.05618e+15	6.42991e-14
3.05794e+15	6.26917e-14
3.05971e+15	6.11613e-14
3.06147e+15	5.96613e-14
3.06323e+15	5.81911e-14
3.065e+15	5.67097e-14
3.06676e+15	5.52987e-14
3.06852e+15	5.39162e-14
3.07029e+15	5.25628e-14
3.07205e+15	5.1236e-14
3.07381e+15	4.99374e-14
3.07558e+15	4.86646e-14
3.07734e+15	4.74191e-14
3.07911e+15	4.61995e-14
3.08087e+15	4.50054e-14
3.08263e+15	4.38685e-14
3.0844e+15	4.27235e-14
3.08616e+15	4.16037e-14
3.08792e+15	4.05378e-14
3.08969e+15	3.94639e-14
3.09145e+15	3.84139e-14
3.09321e+15	3.74148e-14
3.09498e+15	3.64093e-14
3.09674e+15	3.54528e-14
3.0985e+15	3.44904e-14
3.10027e+15	3.35757e-14
3.10203e+15	3.26807e-14
3.10379e+15	3.17799e-14
3.10556e+15	3.09241e-14
3.10732e+15	3.0087e-14
3.10909e+15	2.92448e-14
3.11085e+15	2.84454e-14
3.11261e+15	2.76633e-14
3.11438e+15	2.68993e-14
3.11614e+15	2.61525e-14
3.1179e+15	2.54221e-14
3.11967e+15	2.47088e-14
3.12143e+15	2.40119e-14
3.12319e+15	2.3331e-14
3.12496e+15	2.26659e-14
3.12672e+15	2.20162e-14
3.12848e+15	2.14005e-14
3.13025e+15	2.07805e-14
3.13201e+15	2.01752e-14
3.13377e+15	1.95848e-14
3.13554e+15	1.90246e-14
3.1373e+15	1.84617e-14
3.13906e+15	1.79283e-14
3.14083e+15	1.7392e-14
3.14259e+15	1.68838e-14
3.14436e+15	1.63731e-14
3.14612e+15	1.58894e-14
3.14788e+15	1.54034e-14
3.14965e+15	1.49432e-14
3.15141e+15	1.44945e-14
3.15317e+15	1.40436e-14
3.15494e+15	1.36171e-14
3.1567e+15	1.32012e-14
3.15846e+15	1.27954e-14
3.16023e+15	1.24001e-14
3.16199e+15	1.20034e-14
3.16375e+15	1.16393e-14
3.16552e+15	1.12625e-14
3.16728e+15	1.09063e-14
3.16904e+15	1.05699e-14
3.17081e+15	1.02317e-14
3.17257e+15	9.90237e-15
3.17434e+15	9.58196e-15
3.1761e+15	9.26983e-15
3.17786e+15	8.96624e-15
3.17963e+15	8.67081e-15
3.18139e+15	8.39186e-15
3.18315e+15	8.11199e-15
3.18492e+15	7.84783e-15
3.18668e+15	7.5829e-15
3.18844e+15	7.32531e-15
3.19021e+15	7.0823e-15
3.19197e+15	6.83887e-15
3.19373e+15	6.60915e-15
3.1955e+15	6.38591e-15
3.19726e+15	6.16211e-15
3.19902e+15	5.95132e-15
3.20079e+15	5.74645e-15
3.20255e+15	5.54118e-15
3.20432e+15	5.34795e-15
3.20608e+15	5.16025e-15
3.20784e+15	4.97809e-15
3.20961e+15	4.80109e-15
3.21137e+15	4.62406e-15
3.21313e+15	4.45746e-15
3.2149e+15	4.3008e-15
3.21666e+15	4.13905e-15
3.21842e+15	3.98701e-15
3.22019e+15	3.84405e-15
3.22195e+15	3.70096e-15
3.22371e+15	3.56225e-15
3.22548e+15	3.42783e-15
3.22724e+15	3.29759e-15
3.229e+15	3.17524e-15
3.23077e+15	3.05293e-15
3.23253e+15	2.9345e-15
3.23429e+15	2.8234e-15
3.23606e+15	2.71234e-15
3.23782e+15	2.60494e-15
3.23959e+15	2.50413e-15
3.24135e+15	2.40356e-15
3.24311e+15	2.30926e-15
3.24488e+15	2.21516e-15
3.24664e+15	2.12699e-15
3.2484e+15	2.0417e-15
3.25017e+15	1.95667e-15
3.25193e+15	1.87704e-15
3.25369e+15	1.80009e-15
3.25546e+15	1.72579e-15
3.25722e+15	1.65174e-15
3.25898e+15	1.58252e-15
3.26075e+15	1.51569e-15
3.26251e+15	1.45115e-15
3.26427e+15	1.38892e-15
3.26604e+15	1.3289e-15
3.2678e+15	1.27102e-15
3.26957e+15	1.21523e-15
3.27133e+15	1.16146e-15
3.27309e+15	1.10969e-15
3.27486e+15	1.05981e-15
3.27662e+15	1.01327e-15
3.27838e+15	9.67005e-16
3.28015e+15	9.22467e-16
3.28191e+15	8.79652e-16
3.28367e+15	8.39761e-16
3.28544e+15	8.00138e-16
3.2872e+15	7.62043e-16
3.28896e+15	7.26606e-16
3.29073e+15	6.91462e-16
3.29249e+15	6.58758e-16
3.29425e+15	6.26329e-16
3.29602e+15	5.96187e-16
3.29778e+15	5.66339e-16
3.29955e+15	5.38603e-16
3.30131e+15	5.12007e-16
3.30307e+15	4.86501e-16
3.30484e+15	4.61255e-16
3.3066e+15	4.37856e-16
3.30836e+15	4.15443e-16
3.31013e+15	3.93983e-16
3.31189e+15	3.72788e-16
3.31365e+15	3.53166e-16
3.31542e+15	3.34412e-16
3.31718e+15	3.16477e-16
3.31894e+15	2.99345e-16
3.32071e+15	2.82984e-16
3.32247e+15	2.67866e-16
3.32423e+15	2.52944e-16
3.326e+15	2.38715e-16
3.32776e+15	2.25152e-16
3.32953e+15	2.1223e-16
3.33129e+15	2.00319e-16
3.33305e+15	1.88591e-16
3.33482e+15	1.77435e-16
3.33658e+15	1.6683e-16
3.33834e+15	1.57074e-16
3.34011e+15	1.47488e-16
3.34187e+15	1.3868e-16
3.34363e+15	1.30035e-16
3.3454e+15	1.22101e-16
3.34716e+15	1.14324e-16
3.34892e+15	1.07194e-16
3.35069e+15	1.00435e-16
3.35245e+15	9.38227e-17
3.35421e+15	8.77716e-17
3.35598e+15	8.20469e-17
3.35774e+15	7.66341e-17
3.3595e+15	7.13526e-17
3.36127e+15	6.65328e-17
3.36303e+15	6.19855e-17
3.3648e+15	5.7698e-17
3.36656e+15	5.36587e-17
3.36832e+15	4.98559e-17
3.37009e+15	4.62788e-17
3.37185e+15	4.30261e-17
3.37361e+15	3.98618e-17
3.37538e+15	3.68922e-17
3.37714e+15	3.41082e-17
3.3789e+15	3.15852e-17
3.38067e+15	2.9139e-17
3.38243e+15	2.6926e-17
3.38419e+15	2.47842e-17
3.38596e+15	2.28503e-17
3.38772e+15	2.09824e-17
3.38948e+15	1.92992e-17
3.39125e+15	1.76766e-17
3.39301e+15	1.62175e-17
3.39478e+15	1.48596e-17
3.39654e+15	1.35972e-17
3.3983e+15	1.24249e-17
3.40007e+15	1.13376e-17
3.40183e+15	1.03303e-17
3.40359e+15	9.39834e-18
3.40536e+15	8.53709e-18
3.40712e+15	7.76883e-18
3.40888e+15	7.03423e-18
3.41065e+15	6.35815e-18
3.41241e+15	5.75752e-18
3.41417e+15	5.18568e-18
3.41594e+15	4.67914e-18
3.4177e+15	4.21432e-18
3.41946e+15	3.78851e-18
3.42123e+15	3.39895e-18
3.42299e+15	3.0432e-18
3.42476e+15	2.7189e-18
3.42652e+15	2.4238e-18
3.42828e+15	2.16496e-18
3.43005e+15	1.92112e-18
3.43181e+15	1.70806e-18
3.43357e+15	1.51498e-18
3.43534e+15	1.33421e-18
3.4371e+15	1.17726e-18
3.43886e+15	1.03593e-18
3.44063e+15	9.1347e-19
3.44239e+15	7.99246e-19
3.44415e+15	6.97139e-19
3.44592e+15	6.09304e-19
3.44768e+15	5.28006e-19
3.44944e+15	4.55927e-19
3.45121e+15	3.94445e-19
3.45297e+15	3.40013e-19
3.45473e+15	2.90234e-19
3.4565e+15	2.4758e-19
3.45826e+15	2.10131e-19
3.46003e+15	1.77398e-19
3.46179e+15	1.4902e-19
3.46355e+15	1.24348e-19
3.46532e+15	1.03097e-19
3.46708e+15	8.48938e-20
3.46884e+15	6.93928e-20
3.47061e+15	5.62766e-20
3.47237e+15	4.52537e-20
3.47413e+15	3.60884e-20
