2.909847492486923102e+02
2.909886136055295083e+02
2.909954541715912342e+02
2.909053077794076216e+02
2.909159558186073014e+02
2.908311265361159030e+02
2.908438405818822616e+02
2.907618917729084842e+02
2.907777595200856808e+02
2.906989105423317596e+02
2.907179195713071067e+02
2.906421751775532130e+02
2.905674180334298171e+02
2.904947207861383731e+02
2.904230186600415209e+02
2.903524160227093489e+02
2.902837509268531448e+02
2.902171277565280434e+02
2.901515974156799302e+02
2.900870627369578756e+02
2.900244565824747269e+02
2.898656173385599573e+02
2.898049281642575465e+02
2.897463812700676158e+02
2.895922728844907397e+02
2.895357354156515726e+02
2.893835051522664230e+02
2.892331722626228725e+02
2.891815507621009829e+02
2.890329682782800091e+02
2.888862720130065327e+02
2.888383741084149392e+02
2.886935158724318740e+02
2.885504140735315559e+02
2.884081396286165386e+02
2.882688888455539882e+02
2.881271895440857520e+02
2.879885070127164113e+02
2.878526100589361931e+02
2.876157895424115623e+02
2.874804565967955909e+02
2.873479031902482461e+02
2.872131073116383959e+02
2.869831563874470248e+02
2.868519322195586483e+02
2.866210373867419321e+02
2.864933294097523913e+02
2.862658553423367493e+02
2.861385681179252174e+02
2.859123074871876042e+02
2.856876122582716562e+02
2.855624285652789354e+02
2.853389020906469113e+02
2.851158079128683767e+02
2.848933454389248254e+02
2.847739246889623246e+02
2.845514612606664855e+02
2.843326555526985544e+02
2.841133439190357421e+02
2.838944091203989046e+02
2.836760598977017480e+02
2.834581767758637625e+02
2.832407860887697666e+02
2.830238550804158990e+02
2.827066438958388517e+02
2.824904871552062673e+02
2.822747576803855623e+02
2.820604937596517061e+02
2.817433195136575819e+02
2.815307826789757542e+02
2.813156568825360182e+02
2.809990400510765767e+02
2.807876185869099004e+02
2.805746141152459359e+02
2.802576578992466807e+02
2.800473063947858350e+02
2.797316790335302699e+02
2.795197283415342326e+02
2.792053781823157692e+02
2.788880757525375316e+02
2.786771560603004332e+02
2.783629421814801503e+02
2.781516165754143231e+02
2.778357352402184688e+02
2.775196478123007182e+02
2.772037475499657262e+02
2.769923569256203564e+02
2.766763848285837639e+02
2.763596073472258468e+02
2.760436690865018363e+02
2.758311236438900096e+02
2.755152564584125230e+02
2.751973719433635779e+02
2.748795277819177727e+02
2.745604336445875902e+02
2.742412436035219230e+02
2.739221549668723696e+02
2.737095835818134901e+02
2.733894175550877321e+02
2.730691231324070714e+02
2.727476579378628685e+02
2.724271183627307096e+02
2.721035416929196913e+02
2.717807808115994703e+02
2.714588194901698444e+02
2.711346783098954347e+02
2.708103705924007159e+02
2.704850014107043989e+02
2.701584464207400629e+02
2.698317686812844158e+02
2.695047844808997297e+02
2.691767572625855678e+02
2.687382908003246484e+02
2.684085424039348595e+02
2.680776270720988350e+02
2.677464579965802614e+02
2.674141003559763021e+02
2.670825010458679003e+02
2.667468597116151727e+02
2.664126774140065663e+02
2.660783846386555638e+02
2.657417973060262284e+02
2.654039769394415771e+02
2.649522651802565747e+02
2.646127442847213729e+02
2.642721092604841715e+02
2.639318392845082144e+02
2.635877290498968364e+02
2.632440535867777953e+02
2.629009385928580969e+02
2.625539423774567922e+02
2.620925541702627584e+02
2.617445402090095854e+02
2.613951805678335631e+02
2.610446080106706859e+02
2.606936339705202386e+02
2.603419687151820199e+02
2.599866305179008918e+02
2.596317406665692147e+02
2.591574731625726145e+02
2.588014256666260735e+02
2.584422123336950108e+02
2.580816672751045076e+02
2.577215064144360213e+02
2.573573888931319402e+02
2.569945394521458866e+02
2.566277221331159808e+02
2.562621358470113364e+02
2.558943868762117688e+02
2.554035031993115012e+02
2.550327055005842567e+02
2.546596108712022897e+02
2.542858623637872313e+02
2.539116644377359933e+02
2.535343444339377470e+02
2.531547766823641155e+02
2.527761482982828340e+02
2.523945822445809881e+02
2.520115722529738775e+02
2.516271370670378644e+02
2.512412517823693179e+02
2.508546609928430371e+02
2.504658641245287356e+02
2.500746925837270567e+02
2.496954600770565378e+02
2.493013743636829815e+02
2.489184546072766295e+02
2.485215258154491664e+02
2.481363614021717865e+02
2.477347422063730278e+02
2.473452137336471139e+02
2.469541324923420973e+02
2.465625048118197356e+02
2.461684337452028615e+02
2.457721578593195204e+02
2.453744944638479524e+02
2.449880808239895487e+02
2.445882682803798218e+02
2.441982397218894221e+02
2.437938014160977502e+02
2.434008532940066800e+02
2.430056754613965779e+02
2.426106120748913781e+02
2.422109262517130617e+02
2.418114398633978226e+02
2.414096135041054083e+02
2.410202215817552940e+02
2.406154575686435351e+02
2.402216928414934500e+02
2.398265010938164608e+02
2.394157642477285037e+02
2.390183480044314592e+02
2.386165491564084675e+02
2.382154514253674620e+02
2.378249773009926571e+02
2.374179170673462238e+02
2.370118377942409325e+02
2.366161521051897410e+02
2.362182945612516960e+02
2.358055403623210680e+02
2.354055475320685673e+02
2.350020127576132438e+02
2.345983158806660356e+02
2.342063251640786063e+02
2.337984884006496884e+02
2.334021283085905907e+02
2.329906486373770349e+02
2.325914579755364286e+02
2.321901142003707719e+02
2.317881743427132903e+02
2.313825939120569899e+02
2.309762620896734404e+02
2.305693721044348763e+02
2.301735422780127465e+02
2.297614734517721899e+02
2.293622735774390833e+02
2.289480618210840532e+02
2.285452507982843144e+02
2.281396025206973093e+02
2.277332135948252869e+02
2.273405604930546815e+02
2.269306606994872197e+02
2.265194907545828471e+02
2.261204997157445860e+02
2.257194493090524929e+02
2.253026303615675374e+02
2.248987966979880184e+02
2.244936726711351582e+02
2.240996134772703101e+02
2.236903474422201157e+02
2.232803111924711459e+02
2.228822955965639494e+02
2.224674711184280511e+02
2.220659872813522497e+02
2.216626094821982633e+02
2.212576750824864007e+02
2.208508370286116076e+02
2.204426427879536448e+02
2.200323841896886563e+02
2.196365080115685089e+02
2.192220439862846035e+02
2.188228180901175222e+02
2.184208673487922283e+02
2.180170397919426080e+02
2.176118144558481617e+02
2.172037943683828871e+02
2.167959194121847872e+02
2.163866935413240356e+02
2.159888318611720592e+02
2.155762648795401901e+02
2.151750765848810829e+02
2.147732742573278699e+02
2.143553608504846579e+02
2.139503245561572840e+02
2.135588873466156770e+02
2.131506171706786859e+02
2.127402467593212236e+02
2.123444929151861800e+02
2.119309301308604176e+02
2.115306098499708867e+02
2.111137848889124200e+02
2.107121412270125234e+02
2.103078648335732623e+02
2.099018891109688525e+02
2.095104955005687088e+02
2.091011563382238592e+02
2.086905916903962463e+02
2.082941664485433932e+02
2.078810567722783844e+02
2.074815218033371309e+02
2.070794910933032611e+02
2.066774538866707189e+02
2.062722788968045791e+02
2.058671506716934516e+02
2.054593986045033773e+02
2.050669161267881577e+02
2.046561092628019765e+02
2.042605271471610422e+02
2.038465811688255087e+02
2.034472667041449654e+02
2.030467728553733195e+02
2.026456822620554874e+02
2.022408915145776120e+02
2.018367740076703001e+02
2.014300499532618858e+02
2.010383559474112189e+02
2.006292045385194740e+02
2.002345396223210798e+02
1.998205485394203720e+02
1.994239919697743915e+02
1.990244515780875076e+02
1.986237875644358439e+02
1.982224752055206238e+02
1.978187937342878797e+02
1.974132143953414982e+02
1.970236406774235718e+02
1.966162572251346319e+02
1.962245067739392823e+02
1.958129039016889408e+02
1.954174848326876486e+02
1.950214887598287419e+02
1.946231570326223448e+02
1.942236314971995625e+02
1.938223351676059565e+02
1.934193111851622291e+02
1.930156030945342707e+02
1.926285217939217205e+02
1.922212687856040532e+02
1.918307064661519235e+02
1.914204832234397315e+02
1.910265141129577557e+02
1.906319040441921118e+02
1.902361430525958497e+02
1.898386843337210053e+02
1.894389248879487013e+02
1.890385377057446874e+02
1.886358654663953871e+02
1.882502846023286907e+02
1.878459180266783335e+02
1.874580214479290134e+02
1.870495910645739457e+02
1.866590086474788279e+02
1.862673165996381783e+02
1.858733042731358864e+02
1.854591655406690904e+02
1.850826679084870818e+02
1.846841440200697377e+02
1.842846227427862686e+02
1.838845012471594202e+02
1.835008569379261303e+02
1.830978760350305947e+02
1.827116822162322478e+02
1.823058417702991107e+02
1.819168044041179826e+02
1.815266564623273098e+02
1.811360532522495532e+02
1.807436689858899683e+02
1.803491866755644537e+02
1.799537401182055874e+02
1.795575308554290075e+02
1.791591474432959785e+02
1.787791216873603730e+02
1.783785491432035428e+02
1.779958650744481190e+02
1.775920995805260532e+02
1.772065923837096761e+02
1.768206319694164392e+02
1.764326877012436796e+02
1.760430136164233375e+02
1.756528245901183709e+02
1.752605910109298009e+02
1.748676595777112652e+02
1.744736621450051359e+02
1.740970305159328575e+02
1.737008813639797893e+02
1.733216745429449190e+02
1.729228875204122460e+02
1.725420146389466254e+02
1.721596874774114383e+02
1.717560629598554272e+02
1.713715252631123462e+02
1.709850546110363041e+02
1.705979220436074115e+02
1.702102706274258708e+02
1.698405579618027446e+02
1.694497886623045702e+02
1.690573187592022180e+02
1.686846216362945086e+02
1.682900817832301925e+02
1.679142820848774988e+02
1.675171506139515714e+02
1.671397797305580184e+02
1.667608575951471721e+02
1.663809054829419836e+02
1.659999208846655563e+02
1.656170092360082720e+02
1.652334541491864570e+02
1.648483811457407455e+02
1.644618141859158982e+02
1.640959019664532548e+02
1.637077256620114838e+02
1.633178833892419277e+02
1.629475452292432749e+02
1.625556938105322047e+02
1.621832691733676768e+02
1.618103865639335766e+02
1.614355242984064205e+02
1.610610917011124172e+02
1.606842129354932069e+02
1.603058326257273336e+02
1.599264751078507629e+02
1.595464777492143469e+02
1.591654912503690866e+02
1.587825407591496969e+02
1.584205978540815636e+02
1.580360377624583350e+02
1.576716533742178115e+02
1.572854160281104612e+02
1.569181950861726307e+02
1.565513456983896106e+02
1.561611010099432804e+02
1.557908247851859755e+02
1.554200973994410901e+02
1.550487438024457845e+02
1.546754907023254475e+02
1.543016715876858598e+02
1.539491632833727692e+02
1.535724838085676254e+02
1.531952167979174817e+02
1.528394269022683432e+02
1.524600855857945305e+02
1.521019438513897910e+02
1.517196314440604681e+02
1.513594982166051750e+02
1.509989094685315649e+02
1.506130569338306771e+02
1.502496003656299877e+02
1.498850895863264441e+02
1.495192379420331577e+02
1.491531975925078939e+02
1.487852858229979631e+02
1.484400631257420571e+02
1.480698316696457084e+02
1.476989641897533829e+02
1.473504825701372170e+02
1.469772517484937850e+02
1.466269260307383888e+02
1.462512271538522839e+02
1.458994358804034164e+02
1.455458153632060601e+02
1.451670723908233640e+02
1.448107030036428853e+02
1.444546137689819432e+02
1.440967774330221118e+02
1.437375083592872613e+02
1.433777704022790545e+02
1.430174148593828534e+02
1.426552279695623326e+02
1.423163350137974419e+02
1.419522374014473769e+02
1.415871135513032470e+02
1.412459862010424274e+02
1.408784762889500257e+02
1.405346648804278402e+02
1.401910746080333183e+02
1.398206374493095723e+02
1.394736106283766333e+02
1.391264235397430014e+02
1.387775281826787932e+02
1.384280396907081467e+02
1.380777118683704145e+02
1.377264229802606508e+02
1.373733099217577660e+02
1.370200776564485352e+02
1.366650631564421019e+02
1.363349513381998293e+02
1.359791436669330267e+02
1.356209137135018352e+02
1.352884793292587062e+02
1.349544114076324490e+02
1.345932975082988889e+02
1.342577847114876022e+02
1.338946318300706935e+02
1.335573023767369421e+02
1.332186579957436550e+02
1.328787280919229943e+02
1.325378770879384831e+02
1.321972899959854431e+02
1.318545996067926467e+02
1.315109271030212881e+02
1.311656585192603188e+02
1.308475139016182993e+02
1.305007949374729606e+02
1.301537641719067437e+02
1.298323079480688875e+02
1.294826394454531453e+02
1.291594595403842902e+02
1.288071485175544808e+02
1.284825541207160882e+02
1.281567268713094450e+02
1.278019782147150494e+02
1.274735616264199507e+02
1.271447248848990483e+02
1.268149379952456286e+02
1.264842540894028957e+02
1.261519748720343870e+02
1.258198786721784899e+02
1.254857901229154891e+02
1.251507359269061084e+02
1.248158734066067268e+02
1.245073932102035457e+02
1.241693056308571812e+02
1.238595819091093517e+02
1.235203222969934274e+02
1.232088962880396110e+02
1.228670919118544305e+02
1.225532554223404844e+02
1.222102963921675496e+02
1.218946509110337502e+02
1.215785646363351304e+02
1.212612919995188321e+02
1.209424047421495345e+02
1.205943949400417949e+02
1.202741109382322691e+02
1.199536085395720306e+02
1.196611042471470228e+02
1.193382281515974768e+02
1.190147782379359853e+02
1.186903452473256095e+02
1.183640619142702803e+02
1.180675394152255819e+02
1.177404774229755020e+02
1.174423150536767935e+02
1.171123620299364347e+02
1.168128800315213596e+02
1.164814670999369923e+02
1.161795411590200047e+02
1.158767931379496048e+02
1.155432853266554503e+02
1.152388437075781127e+02
1.149335775051416277e+02
1.146274086688042075e+02
1.143200286442862534e+02
1.140124223902718796e+02
1.137036174544648190e+02
1.133936200588850909e+02
1.130834872482061968e+02
1.127720518419717592e+02
1.124910800300355334e+02
1.121781856756175273e+02
1.118636640525995034e+02
1.115485939414877237e+02
1.112647917644323741e+02
1.109477988251141198e+02
1.106619069046839172e+02
1.103430955026583575e+02
1.100555909855060861e+02
1.097679144668492199e+02
1.094466176551098187e+02
1.091564374541917601e+02
1.088657791621316875e+02
1.085743549159848556e+02
1.082820109679876737e+02
1.079881253154236163e+02
1.076940501971611326e+02
1.073993603500366731e+02
1.071036270749504524e+02
1.068072382446241875e+02
1.065098493587535700e+02
1.062110202658248710e+02
1.059119481129604594e+02
1.056454899685102191e+02
1.053446161207708087e+02
1.050424243737141126e+02
1.047737885654831160e+02
1.044705211275192482e+02
1.041994604937210482e+02
1.038944745736103954e+02
1.036228178935618303e+02
1.033154066670145852e+02
1.030421605698746532e+02
1.027672391133585990e+02
1.024578426207603172e+02
1.021816290395871505e+02
1.019052709310368101e+02
1.016272251665266282e+02
1.013492856312978461e+02
1.010699844538451231e+02
1.007903122388532893e+02
1.005094387032184926e+02
1.002280883525553463e+02
9.994557536492318661e+01
9.966259361027941566e+01
9.937851079374539154e+01
9.912932152254852269e+01
9.884395434120175139e+01
9.855746385557480949e+01
9.830603615332073275e+01
9.801836624369653350e+01
9.772919038793990865e+01
9.747564500055089809e+01
9.722196638061463148e+01
9.693069259307922891e+01
9.667501651560043285e+01
9.638173460595569964e+01
9.612471523233668336e+01
9.586677205810075009e+01
9.557125744393870548e+01
9.531201906036935156e+01
9.505180123637292411e+01
9.479116906440606272e+01
9.452950668035765602e+01
9.426737910926189556e+01
9.400449850515316541e+01
9.374059836617946928e+01
9.347618468683036497e+01
9.321102989445724063e+01
9.294511273243193727e+01
9.267787570665392138e+01
9.241043201320347578e+01
9.218044415295591421e+01
9.191095240249100584e+01
9.164120642479682033e+01
9.140948373635993107e+01
9.113773334283246186e+01
9.086514460376736224e+01
9.063174022892042103e+01
9.035761171649686219e+01
9.012262923687835325e+01
8.984691981772927249e+01
8.961000269247669792e+01
8.937298362023658171e+01
8.909496931624781269e+01
8.885682010024190447e+01
8.861729783851504294e+01
8.837712608197828956e+01
8.809593560040403304e+01
8.785429319904962142e+01
8.761223271447663308e+01
8.736926908880732867e+01
8.712561406711286338e+01
8.688125914591618937e+01
8.663651009987238183e+01
8.639082630153653497e+01
8.614443267715360264e+01
8.589755136838384431e+01
8.564972703533534570e+01
8.540067136113553659e+01
8.519335677504896864e+01
8.494342209975961566e+01
8.469300524126177265e+01
8.444159475053749020e+01
8.421429747185371184e+01
8.397865851623548394e+01
8.374161031087007245e+01
8.350439362550139322e+01
8.326622992186948125e+01
8.303195132176334425e+01
8.279696307415974843e+01
8.256534824887339141e+01
8.232901778393029701e+01
8.209612944660841549e+01
8.186667529980252311e+01
8.163271153374550693e+01
8.140220342783881335e+01
8.117082771570230193e+01
8.094382580103753355e+01
8.071548954782744545e+01
8.048674292044263723e+01
8.025749529536793148e+01
8.003169524487557851e+01
7.980544800093267099e+01
7.957832834794020016e+01
7.935081029564109656e+01
7.912731840822195295e+01
7.890298546728645590e+01
7.868227371019186478e+01
7.845666227554171712e+01
7.823473631203745526e+01
7.801215055259605435e+01
7.779373943856603546e+01
7.757448119370040729e+01
7.735482356194467002e+01
7.713428307492328884e+01
7.691335395954149590e+01
7.669617483669675551e+01
7.647820519092746849e+01
7.626448952425046457e+01
7.604571037607496464e+01
7.583079063157822475e+01
7.561542553453607240e+01
7.540398080281197224e+01
7.518699346743970580e+01
7.497428615941569774e+01
7.476124688540100749e+01
7.455214019788840574e+01
7.434222659709539016e+01
7.412712834813002871e+01
7.392126284666825597e+01
7.370934820785268471e+01
7.350227430341210777e+01
7.329437516742575554e+01
7.308571325443831768e+01
7.287665234496765265e+01
7.267168194817918447e+01
7.246635697787557717e+01
7.226023084780203476e+01
7.205371994421321347e+01
7.185133514397846000e+01
7.164859978677289121e+01
7.144506682208992743e+01
7.124116528946690607e+01
7.104149277872771506e+01
7.084145992189232288e+01
7.064065198269908308e+01
7.043965726165043861e+01
7.023750175323397116e+01
7.004002558196488337e+01
6.984217071110685993e+01
6.964359096401196325e+01
6.944423217874435750e+01
6.925004051797472471e+01
6.905466642801273736e+01
6.885896900996738168e+01
6.866312237581266231e+01
6.847130498847447200e+01
6.827391268620877440e+01
6.808097416512528355e+01
6.788809483918556964e+01
6.769930529672107866e+01
6.750495067594847853e+01
6.731531665412238397e+01
6.712494596524918222e+01
6.693420899770742949e+01
6.674313394720664405e+01
6.655664235821443242e+01
6.636961580902175228e+01
6.618187011898152150e+01
6.599379503173905448e+01
6.580498896629066508e+01
6.562126393948184955e+01
6.543700299566089029e+01
6.525204822767497603e+01
6.506713141957615676e+01
6.488111583318925568e+01
6.470021308383233816e+01
6.451883661743900689e+01
6.433676799191535167e+01
6.415436787774801530e+01
6.397123553753462488e+01
6.379336361225232821e+01
6.360938888893912235e+01
6.343029927343503260e+01
6.325088399007317008e+01
6.307640958081869087e+01
6.289599525482446296e+01
6.272073095214876304e+01
6.254477212800294694e+01
6.236851227432420330e+01
6.219139495558066244e+01
6.201395610747047726e+01
6.184192293956369468e+01
6.166347078311542163e+01
6.149045224929369624e+01
6.131695734926372410e+01
6.114859027556341431e+01
6.097411390623876315e+01
6.080463094848990835e+01
6.062898229330485123e+01
6.045887229900636584e+01
6.028830233777459569e+01
6.012297059840429370e+01
5.995143136097014036e+01
5.978497406405308112e+01
5.961825603907700355e+01
5.944525430153470325e+01
5.928358144982687605e+01
5.911559602642046940e+01
5.894715211852057024e+01
5.878376576601397829e+01
5.862041643239156485e+01
5.845053649170677801e+01
5.829218910230362383e+01
5.812713087498499220e+01
5.796193888649085579e+01
5.780224662900242549e+01
5.763611676206051726e+01
5.747536507962595209e+01
5.731432361906230000e+01
5.715296133055383621e+01
5.699709169564816591e+01
5.683468079618769764e+01
5.667826604133580304e+01
5.651509358124895499e+01
5.635728816837794142e+01
5.619953163150994158e+01
5.604132788904266960e+01
5.588853701768896087e+01
5.572945034289595156e+01
5.557630937362615953e+01
5.542225812784177208e+01
5.526178389405367142e+01
5.511379522096114414e+01
5.495844655037598869e+01
5.480313003242764580e+01
5.464735622316816688e+01
5.449721102023399055e+01
5.434712595972258953e+01
5.419629442980490097e+01
5.404519464987849631e+01
5.389382538055028959e+01
5.374173146892474051e+01
5.358951504018740764e+01
5.344334953962736279e+01
5.329664658160341162e+01
5.314314293191767291e+01
5.299545674967767894e+01
5.284780122643969236e+01
5.269974445070661773e+01
5.255758398939708798e+01
5.240868199143542938e+01
5.226586616602582325e+01
5.211598811069005421e+01
5.197237974325292953e+01
5.182867563898047081e+01
5.168441724774574197e+01
5.153958783206947913e+01
5.140157753681103259e+01
5.125596299330643291e+01
5.111704771030434102e+01
5.097058596388022522e+01
5.083103503200799622e+01
5.069065561060401848e+01
5.055032835777614508e+01
5.040929796078818015e+01
5.026817788488504135e+01
5.013361377692940124e+01
4.999141267265378730e+01
4.985623141731508667e+01
4.971309581532207744e+01
4.957714944402084001e+01
4.944055206427747606e+01
4.930384771163277691e+01
4.916634723098790261e+01
4.903615006532195508e+01
4.889803958709333642e+01
4.875939250823162041e+01
4.862807141009298562e+01
4.849613733539690941e+01
4.835675531658655046e+01
4.822392396007145976e+01
4.809114436379628899e+01
4.795772929122571782e+01
4.783166777405590864e+01
4.769738355036853505e+01
4.756313490046040471e+01
4.743572296785423248e+01
4.730812161073566813e+01
4.717248553662392396e+01
4.704403002044676185e+01
4.691546308577226654e+01
4.678616212097578853e+01
4.665690743156396536e+01
4.652702221574783437e+01
4.640470505452186956e+01
4.627397148785882308e+01
4.615072486836186272e+01
4.601965958423681258e+01
4.589572910664576710e+01
4.577157707367687323e+01
4.564695553252698801e+01
4.552200455631669485e+01
4.539697142003049635e+01
4.527118257979141447e+01
4.514544994534319500e+01
4.501910342876181659e+01
4.490033228360184125e+01
4.477354888131994670e+01
4.465398086489268081e+01
4.453449203017969182e+01
4.441442128751543095e+01
4.428596866702021373e+01
4.416534782496032108e+01
4.405234333512698441e+01
4.393094988344006424e+01
4.380947170857362494e+01
4.368727648537891639e+01
4.357328219943097736e+01
4.345054481049962192e+01
4.333567008823453648e+01
4.321250407248247427e+01
4.309686558776348875e+01
4.298104246057017264e+01
4.286516743058533763e+01
4.274872739016453949e+01
4.263184261713563927e+01
4.251499510445150776e+01
4.239758669014019432e+01
4.228827868064539786e+01
4.217048164131841759e+01
4.205198636072812945e+01
4.194176585901006149e+01
4.183149575168113898e+01
4.171215607695233984e+01
4.160103997287338728e+01
4.148974713523232083e+01
4.137802179522446977e+01
4.126600377607149284e+01
4.115391696985776804e+01
4.104128631989442511e+01
4.092822140552780752e+01
4.082390760156338416e+01
4.071035811800165050e+01
4.060525849893398487e+01
4.049120882831447688e+01
4.038554639427869830e+01
4.027074459052321487e+01
4.016450155078885587e+01
4.005820566500857183e+01
3.995127627075750354e+01
3.984417738029239331e+01
3.973700671545949348e+01
3.962932414634900624e+01
3.952134856867760249e+01
3.941317614386687751e+01
3.930459352089943081e+01
3.920480955063793260e+01
3.909565679147905826e+01
3.899556554089478766e+01
3.888570802468720444e+01
3.878483200247833906e+01
3.868392749466256930e+01
3.857329405797838717e+01
3.847159580493974573e+01
3.836974797526178804e+01
3.826749595687140015e+01
3.816499301635284525e+01
3.806221037113306238e+01
3.795936649822650111e+01
3.785602472880730573e+01
3.776171802659451515e+01
3.765804890265524563e+01
3.755387156197919296e+01
3.745892274912303321e+01
3.735418887651024988e+01
3.725882633669992572e+01
3.716312029864076294e+01
3.705753719225293707e+01
3.696130777927149325e+01
3.686504034411557029e+01
3.676818502791324761e+01
3.667119269373891655e+01
3.657415451548256868e+01
3.647664291156649341e+01
3.637887004872639807e+01
3.628071554177284241e+01
3.618260943388002460e+01
3.608403526473687606e+01
3.599508820901372275e+01
3.589599810105812594e+01
3.579683021978045332e+01
3.570706912966372926e+01
3.560717400530528920e+01
3.551703666525443737e+01
3.542687304666034009e+01
3.532616970256167832e+01
3.523530966697735778e+01
3.514411200525194801e+01
3.505298223552581760e+01
3.496140853943140314e+01
3.486957319441747671e+01
3.477751592573701345e+01
3.468541180938231605e+01
3.459276070341385889e+01
3.449996031139873054e+01
3.440689949339748921e+01
3.431379361286219165e+01
3.423065361921710803e+01
3.413676443098000846e+01
3.404271532856511584e+01
3.395908362236902889e+01
3.386453906786529444e+01
3.378027701216245049e+01
3.369581216471768670e+01
3.360062150950894022e+01
3.351569270285816060e+01
3.343055606873771524e+01
3.333450619219205180e+01
3.324909587145178591e+01
3.316327321114584947e+01
3.307713067119021844e+01
3.299084748639127440e+01
3.290434890733619255e+01
3.281781097193333352e+01
3.273084052142782241e+01
3.264355235324679683e+01
3.256707916860604257e+01
3.247962403238630458e+01
3.239175183775255817e+01
3.230364091191476206e+01
3.222635571963986223e+01
3.213788073254976041e+01
3.206018521843810021e+01
3.197115621216998349e+01
3.189306133648104336e+01
3.180356174199357611e+01
3.172521839945536115e+01
3.164641285548199434e+01
3.155621130085123482e+01
3.147708212171012221e+01
3.139793359615130086e+01
3.131840184003926097e+01
3.123866754955454894e+01
3.114717999844375740e+01
3.106718453956298021e+01
3.098679993241958286e+01
3.090620624791354487e+01
3.082540106462845486e+01
3.075605124194773055e+01
3.067484801803527006e+01
3.059342970199701739e+01
3.051179121764564073e+01
3.042993274308095408e+01
3.035977254643628598e+01
3.027741328782438046e+01
3.019491665727057139e+01
3.012403618433370056e+01
3.004129169535720578e+01
2.997004645369273135e+01
2.988660280058772756e+01
2.981497631209384025e+01
2.973135566267071894e+01
2.965936143034120676e+01
2.958719312471033192e+01
2.950266216659931473e+01
2.943027843103702068e+01
2.935754408195249354e+01
2.928462713820334429e+01
2.921152763618552228e+01
2.912615822525427234e+01
2.905257193778448865e+01
2.897888508458299839e+01
2.890500013877369767e+01
2.883110013923169035e+01
2.875684133871203585e+01
2.868229879880221489e+01
2.860765358591457641e+01
2.854531209621454479e+01
2.847047051284598496e+01
2.839526353050258223e+01
2.831984813572668713e+01
2.824415696924903330e+01
2.818117084931381555e+01
2.810518758062113776e+01
2.802898937917008482e+01
2.796535120456263712e+01
2.788884750542290902e+01
2.782487764348444870e+01
2.774791431214125836e+01
2.768362713754602211e+01
2.760642693256997049e+01
2.754171909992676603e+01
2.746395849776246223e+01
2.739900165166610790e+01
2.733404594407939925e+01
2.725568929215835468e+01
2.719015177735827393e+01
2.712452002760908698e+01
2.705874418122355607e+01
2.697974025507296147e+01
2.691360830194385656e+01
2.684723463236725394e+01
2.678076759391604966e+01
2.671429386890531887e+01
2.664615976526496155e+01
2.657919278605778501e+01
2.651205682103799433e+01
2.644617470544245919e+01
2.637869084929112162e+01
2.631238918840192653e+01
2.624592699902611059e+01
2.618080876856926764e+01
2.611393265710534806e+01
2.604833235939629077e+01
2.598254970008364850e+01
2.591814020979107980e+01
2.585342042901388382e+01
2.578846075897357792e+01
2.572341268078975318e+01
2.565833970290642796e+01
2.559435332941333030e+01
2.553020412616680090e+01
2.546581272496204207e+01
2.540274530530184549e+01
2.533825635836944912e+01
2.527627196346707095e+01
2.521272682062907222e+01
2.514894703899220119e+01
2.508664552970912354e+01
2.502404326364443321e+01
2.496128144611555655e+01
2.489978786220317275e+01
2.483678271698360263e+01
2.477498551399973437e+01
2.471303403311049607e+01
2.465236457869732334e+01
2.459024403318480978e+01
2.452927713901229723e+01
2.446807952804156372e+01
2.440826909685311819e+01
2.434684497703095829e+01
2.428687404253381743e+01
2.422660635978330035e+01
2.416612541254545476e+01
2.410555485022457844e+01
2.404646150401536531e+01
2.398708109042834025e+01
2.392755432153212425e+01
2.386780728689450726e+01
2.380961098009607113e+01
2.375113136451813034e+01
2.369100875174819620e+01
2.363375243509127799e+01
2.357491067642160942e+01
2.351585204715101796e+01
2.345816612431927339e+01
2.340032950805262857e+01
2.334249147551691550e+01
2.328583946301007757e+01
2.322757833929860283e+01
2.317071174298131808e+01
2.311370436435299780e+01
2.305667594333163350e+01
2.300086924011043266e+01
2.294343780786653397e+01
2.288742210225601070e+01
2.283139849129628018e+01
2.277510457119209875e+01
2.271859772215599094e+01
2.266359861942699538e+01
2.260859485843160144e+01
2.255174175866855535e+01
2.249633211880120953e+01
2.244230334658859505e+01
2.238662192760657632e+01
2.233252148265286507e+01
2.227816554410560101e+01
2.222367044219970822e+01
2.216904720654345695e+01
2.211422329894202932e+01
2.206107247115253855e+01
2.200766519424822576e+01
2.195249380045652643e+01
2.189882116469447837e+01
2.184671292734778802e+01
2.179277738952689703e+01
2.174034989467159917e+01
2.168779575399496906e+01
2.163511252024557052e+01
2.158241912443385147e+01
2.152941451502740122e+01
2.147634061738128963e+01
2.142479461797942264e+01
2.137313125118246049e+01
2.132146513655857589e+01
2.126954756170600547e+01
2.121744213300990367e+01
2.116695677613990867e+01
2.111465229353211370e+01
2.106391887875609470e+01
2.101318431457540115e+01
2.096220389847608701e+01
2.091103732470775967e+01
2.086151845498195101e+01
2.081016526925299814e+01
2.076052382518636108e+01
2.071063595877999575e+01
2.066063392916875330e+01
2.061051001709508768e+01
2.056020359222790717e+01
2.051156762076741558e+01
2.046119519311202950e+01
2.041232843994844259e+01
2.036334320340409221e+01
2.031423330334532551e+01
2.026500992330985795e+01
2.021737432903040244e+01
2.016790838356365612e+01
2.012021720229150290e+01
2.007229336722242152e+01
2.002425564416656201e+01
1.997610244106392585e+01
1.992783232759930101e+01
1.988124081454719061e+01
1.983273784183424837e+01
1.978597798666752183e+01
1.973723467041163460e+01
1.969018916682702880e+01
1.964303102895107855e+01
1.959757478282814702e+01
1.955019209321358886e+01
1.950269384734944822e+01
1.945702698046911294e+01
1.941113911131952818e+01
1.936329689778843743e+01
1.931712919109191873e+01
1.927276010914307136e+01
1.922643004043673542e+01
1.917998808940745192e+01
1.913529946247810187e+01
1.908862844800507119e+01
1.904372442250899766e+01
1.899871374330840368e+01
1.895359566101059912e+01
1.890836940153032941e+01
1.886303418676649812e+01
1.881948649044116451e+01
1.877404385409861476e+01
1.873028852013291257e+01
1.868643022942354648e+01
1.864055212191244237e+01
1.859648057829875967e+01
1.855422954612134134e+01
1.850995129919126825e+01
1.846556708767706212e+01
1.842301444052869286e+01
1.837831325591645992e+01
1.833555755784562180e+01
1.829270143474515109e+01
1.824974470290883133e+01
1.820668542395668865e+01
1.816352384454581070e+01
1.812025886113589124e+01
1.807886629493471276e+01
1.803539723903036318e+01
1.799380801430339005e+01
1.795013198597411019e+01
1.790839574175801019e+01
1.786650845157014800e+01
1.782452303839767183e+01
1.778243790720936346e+01
1.774025245848858745e+01
1.769988225197618803e+01
1.765749938402585428e+01
1.761704168111658220e+01
1.757649088801284520e+01
1.753385894757611396e+01
1.749311342707484229e+01
1.745217744423771933e+01
1.741124044100308410e+01
1.737020648925347288e+01
1.733113629027968017e+01
1.728991134481799463e+01
1.725070848264743262e+01
1.720919039764833158e+01
1.716975274079266001e+01
1.713022378139223889e+01
1.709065205939437249e+01
1.705083974910044375e+01
1.701103283081925710e+01
1.697113697772758556e+01
1.693114719239708776e+01
1.689312340681204816e+01
1.685294333572335290e+01
1.681479062673523828e+01
1.677437295529054140e+01
1.673604040339214549e+01
1.669761999220517268e+01
1.665901973411142123e+01
1.662046858607046573e+01
1.658177854954742969e+01
1.654290239159708875e+01
1.650624274067017083e+01
1.646728339340318215e+01
1.642814229451948904e+01
1.639117706612214675e+01
1.635417963627421400e+01
1.631476147812361788e+01
1.627753869731785130e+01
1.624028062854940302e+01
1.620279141321113059e+01
1.616530818072422093e+01
1.612778433525845401e+01
1.609225854788068943e+01
1.605452133230614464e+01
1.601891999190966231e+01
1.598095877988941282e+01
1.594519747789934350e+01
1.590710973264506833e+01
1.587113193623328300e+01
1.583512140959582482e+01
1.579902474658949707e+01
1.576275398183973664e+01
1.572653999022161564e+01
1.569019289152018004e+01
1.565366918743321456e+01
1.561945281857284229e+01
1.558285473416722056e+01
1.554847213832509389e+01
1.551166110033881651e+01
1.547711512060757677e+01
1.544249638310293626e+01
1.540779493845580994e+01
1.537069776878297311e+01
1.533583343038873359e+01
1.530089730774644963e+01
1.526587265563644813e+01
1.523307247764659422e+01
1.519789483079486914e+01
1.516263597269451679e+01
1.512965083559532431e+01
1.509418712715412703e+01
1.506105677276453392e+01
1.502556506034891548e+01
1.499223827366804151e+01
1.495887973518883740e+01
1.492548590085392668e+01
1.488957740799659391e+01
1.485603402380418991e+01
1.482482122435343896e+01
1.479104030419293636e+01
1.475726952919789881e+01
1.472341412542186667e+01
1.468948334975103798e+01
1.465791235209432841e+01
1.462383688048076991e+01
1.459207932179121414e+01
1.455783542434867961e+01
1.452602063833120738e+01
1.449408964507698627e+01
1.446213240368914477e+01
1.442762245684725819e+01
1.439543191959265656e+01
1.436324803765512925e+01
1.433099411573073034e+01
1.429870771513023975e+01
1.426876600847906396e+01
1.423629539890884743e+01
1.420379003104896576e+01
1.417112293743402240e+01
1.414099308311556236e+01
1.410825969651806844e+01
1.407799234115806719e+01
1.404507230377090288e+01
1.401474563266151208e+01
1.398430753901715740e+01
1.395372886638549481e+01
1.392315315173473778e+01
1.388989880842510516e+01
1.385926359162499111e+01
1.382843794039599850e+01
1.379762046577014090e+01
1.376932532595339431e+01
1.373837198541934868e+01
1.370730228927833672e+01
1.367616421176988339e+01
1.364769180551982153e+01
1.361644829703998916e+01
1.358780208303211801e+01
1.355645582320565268e+01
1.352771626399582416e+01
1.349626210773848456e+01
1.346738882923425606e+01
1.343840840278926585e+01
1.340947749198855909e+01
1.338037280382414096e+01
1.334859135717679024e+01
1.331949474788246057e+01
1.329020613292155062e+01
1.326367123460130060e+01
1.323432943901877401e+01
1.320492369715179137e+01
1.317547776270084547e+01
1.314592835535314919e+01
1.311907051320265793e+01
1.308949939978846544e+01
1.306251437794730919e+01
1.303280139996385500e+01
1.300572118868279858e+01
1.297583129527887991e+01
1.294870150002215325e+01
1.291873379349126694e+01
1.289146948800062198e+01
1.286411041689487966e+01
1.283679126684258165e+01
1.280929777940155567e+01
1.278189262172917218e+01
1.275430424346693847e+01
1.272669280171951378e+01
1.269904864822596657e+01
1.267137546857390085e+01
1.264360061657438195e+01
1.261575850524141096e+01
1.258788322471328414e+01
1.256275392969194549e+01
1.253475061521441170e+01
1.250954910915374185e+01
1.248148326736665759e+01
1.245616038780661405e+01
1.242796652478645747e+01
1.240255251544956039e+01
1.237418946822948129e+01
1.234866136876944509e+01
1.232306840054454256e+01
1.229749472074049166e+01
1.226893048577120204e+01
1.224312249872933300e+01
1.221739641348148631e+01
1.219153963798902574e+01
1.216562623630148998e+01
1.213971145892359083e+01
1.211374504806138042e+01
1.208767520750962632e+01
1.206452422776691513e+01
1.203833690364628950e+01
1.201208989625316015e+01
1.198584523092661058e+01
1.196254435189576526e+01
1.193614639698513180e+01
1.191269947797536233e+01
1.188621352966146283e+01
1.186272452414228695e+01
1.183604550955051060e+01
1.181244424796453885e+01
1.178878977766829728e+01
1.176198925112662508e+01
1.173819006382361430e+01
1.171439767701656187e+01
1.169049288518009710e+01
1.166658975344656390e+01
1.164260094247945432e+01
1.161859037573685782e+01
1.159449321052190740e+01
1.157033307446151049e+01
1.154618893489685583e+01
1.152191573910327982e+01
1.149765308289108035e+01
1.147643555216019529e+01
1.145206714724876029e+01
1.142760078890258946e+01
1.140630020671776101e+01
1.138172531699158263e+01
1.136032593821875025e+01
1.133570323645673206e+01
1.131417525240295596e+01
1.128943140763913888e+01
1.126780211977038348e+01
1.124618579515626493e+01
1.122123924252838734e+01
1.119952328407460307e+01
1.117771956143910472e+01
1.115590239853467303e+01
1.113406714593780755e+01
1.111211908658199121e+01
1.109018083424809653e+01
1.106819243296297017e+01
1.104612132200614205e+01
1.102406229551833228e+01
1.100195191409295248e+01
1.098308018001817565e+01
1.096086980262344568e+01
1.093857585002193922e+01
1.091626376049321934e+01
1.089721067457587012e+01
1.087470415870575380e+01
1.085554589217975874e+01
1.083627179382781236e+01
1.081284707050726901e+01
1.079275504868117075e+01
1.077262555329424742e+01
1.075245837388564496e+01
1.073225329801709549e+01
1.071201011124681912e+01
1.069172859710296564e+01
1.067140853705660319e+01
1.065104971049426119e+01
1.063065189468995442e+01
1.061021486477679154e+01
1.058973839371802761e+01
1.056922225227764933e+01
1.055209499705724063e+01
1.053150552378793137e+01
1.051087571842759871e+01
1.049020534302766983e+01
1.046949415729057797e+01
1.044874191853721790e+01
1.042794838167374216e+01
1.041058870860488206e+01
1.038971881382681062e+01
1.036880691309477776e+01
1.034785275174020747e+01
1.033035848267507006e+01
1.030932617348156377e+01
1.028825086795064969e+01
1.027065507797660793e+01
1.024950025617941840e+01
1.022830168073259571e+01
1.021060258167737445e+01
1.018932308112820451e+01
1.016799904712167013e+01
1.015019479769460453e+01
1.012878838765041678e+01
1.011091509264524291e+01
1.008942534445528061e+01
1.006788972684901040e+01
1.004990812698659930e+01
1.002828764702761255e+01
1.001023490935182636e+01
9.988528555851521773e+00
9.970403829331120349e+00
9.948610570858422264e+00
9.930412987357341237e+00
9.912181995320443306e+00
9.890260445458958216e+00
9.871955302162252366e+00
9.849944226164161876e+00
9.831564019393052689e+00
9.813149386221706294e+00
9.791006110046032163e+00
9.772515052730192053e+00
9.753988941182861083e+00
9.731711053836978209e+00
9.713107115864223928e+00
9.694467476511105630e+00
9.675791929450065609e+00
9.653333581342060654e+00
9.634578301178819970e+00
9.615786439518357653e+00
9.596957781469320992e+00
9.574314514886159699e+00
9.555404137912701046e+00
9.536456262559935837e+00
9.517470664866690910e+00
9.498447118633519537e+00
9.479385395391243918e+00
9.460285264368945235e+00
9.437314080494061841e+00
9.418128628489361276e+00
9.398904014386481265e+00
9.379639997384211725e+00
9.360336334203440245e+00
9.340992779051299877e+00
9.321609083584654343e+00
9.302184996872901124e+00
9.282720265360078216e+00
9.263214632826235473e+00
9.243667840348090081e+00
9.224079626258919973e+00
9.204449726107709395e+00
9.184777872617484462e+00
9.165063795642836908e+00
9.149261949758933810e+00
9.129471180423651688e+00
9.109637415565201124e+00
9.089760373736199384e+00
9.069839770405222268e+00
9.049875317909283012e+00
9.029866725405366168e+00
9.013827873089574894e+00
8.993739085306287961e+00
8.973605325812213707e+00
8.953426291220852207e+00
8.933201674719100538e+00
8.916988954142965440e+00
8.896681505886736119e+00
8.876327597946488623e+00
8.860010805477045892e+00
8.839572460365344497e+00
8.819086749257476043e+00
8.798553341306069697e+00
8.782092048419428920e+00
8.761471940021902327e+00
8.744940846163263615e+00
8.724232929706429829e+00
8.703475743670079368e+00
8.686834283428973791e+00
8.665987518836868020e+00
8.649273930437161084e+00
8.628336417445677142e+00
8.607347973766291460e+00
8.590520297898269320e+00
8.569439234715513720e+00
8.552536971249239173e+00
8.531362051481846009e+00
8.514384199727427216e+00
8.494817721689917889e+00
8.475632893933559231e+00
8.456832313847927551e+00
8.437561117558431079e+00
8.418675516038598872e+00
8.399747453117958784e+00
8.380776641098099944e+00
8.361762789017003428e+00
8.342705602596993231e+00
8.323604784191591222e+00
8.304895630834467468e+00
8.285707650579237082e+00
8.266912731274208781e+00
8.248074984027477186e+00
8.229194114722057307e+00
8.210269825859102255e+00
8.191301816503207434e+00
8.172289782226583199e+00
8.153677092216963018e+00
8.134577122369668345e+00
8.115877943835691610e+00
8.097135582333878645e+00
8.077901922797384060e+00
8.059071243871242629e+00
8.040646376820301811e+00
8.021728242500627104e+00
8.002765386789173263e+00
7.984210585854558673e+00
7.965158411402163630e+00
7.946515800148627129e+00
7.927829350162181044e+00
7.908641352644054656e+00
7.889865200878446672e+00
7.871503842032741893e+00
7.852638892653687641e+00
7.833728513402697047e+00
7.815235266375666789e+00
7.796234162214669361e+00
7.777651763815772945e+00
7.759024861816727459e+00
7.740353134928252388e+00
7.721636257976488338e+00
7.702873901836941428e+00
7.684065733366952422e+00
7.665211415336675493e+00
7.646783695955681637e+00
7.628311460845027092e+00
7.609318996517566269e+00
7.590755590959902044e+00
7.572146676644277541e+00
7.553491917222186380e+00
7.534790972181433233e+00
7.516043496773599841e+00
7.497731636978018699e+00
7.478891264824422791e+00
7.460488214977313071e+00
7.442039657282386145e+00
7.423057935345085845e+00
7.404516119655491835e+00
7.385927756279934364e+00
7.367292492886019062e+00
7.349102226415512362e+00
7.330373345816282082e+00
7.311596490767398038e+00
7.293267313239854666e+00
7.274394679773791950e+00
7.255971528037580498e+00
7.237501480087085604e+00
7.218984175965031724e+00
7.200419251085611094e+00
7.181806336150744485e+00
7.163650055130287519e+00
7.144941355318386478e+00
7.126691156022695317e+00
7.107885177174913416e+00
7.089539586905204693e+00
7.071146400456520098e+00
7.052705245441805992e+00
7.034215744592677844e+00
7.015677515669366926e+00
6.997090171368514966e+00
6.978971681593031384e+00
6.960286315581466710e+00
6.942071770090410432e+00
6.923286815052470011e+00
6.904974669735940651e+00
6.886613830897631239e+00
6.868203908018901238e+00
6.849744505333150713e+00
6.831764754320782451e+00
6.813206625708286168e+00
6.794597809349046891e+00
6.776471741315598152e+00
6.757761769037469612e+00
6.739536630741199907e+00
6.721262073981374208e+00
6.702937694561870607e+00
6.684563082746425522e+00
6.666137823151752073e+00
6.647661494637974400e+00
6.629133670196309502e+00
6.611101125470004725e+00
6.592470550653129813e+00
6.574337444571064282e+00
6.556154185873724671e+00
6.537920356107896680e+00
6.519635530968767689e+00
6.501299280184753115e+00
6.482911167399350028e+00
6.464470750049969183e+00
6.445977579243664657e+00
6.427993997336558074e+00
6.409395580213100629e+00
6.391309066328903832e+00
6.373171224674642588e+00
6.354412351498859302e+00
6.336168890628159467e+00
6.317872750241723345e+00
6.299523471337313829e+00
6.281696494374346962e+00
6.263241231592294511e+00
6.244731427595631601e+00
6.226747584759301013e+00
6.208711651044123592e+00
6.190038791760020587e+00
6.171895586041543424e+00
6.153698888189469862e+00
6.135448222258056639e+00
6.117143105201543030e+00
6.098783046724976842e+00
6.080962467927888859e+00
6.062492838581574617e+00
6.043966768551766400e+00
6.025984084337240532e+00
6.007947575504748450e+00
5.989252787411682100e+00
5.971105327897527459e+00
5.952902546000051309e+00
5.934643932663654198e+00
5.916328970977625445e+00
5.898570452404483078e+00
5.880143133232970776e+00
5.862274998365132106e+00
5.843733228150011172e+00
5.825753421741655558e+00
5.807095041090877707e+00
5.789001442858025648e+00
5.770851115265611675e+00
5.752643521348460354e+00
5.734378115616587834e+00
5.716687175789394892e+00
5.698306516412133149e+00
5.679866375552775182e+00
5.662005116308841401e+00
5.643446360714127863e+00
5.625469466562770471e+00
5.607434940523382316e+00
5.588694973010472467e+00
5.570541391491942385e+00
5.552328456359319375e+00
5.534709223084113283e+00
5.516377985332839629e+00
5.497985628394935986e+00
5.479531536820435811e+00
5.461677467573913702e+00
5.443764842147342797e+00
5.425126316462312026e+00
5.407092605676993458e+00
5.388998547333417655e+00
5.370843531509419400e+00
5.352626937939113816e+00
5.334348135765636378e+00
5.316006483286226825e+00
5.298284140262626174e+00
5.279817205903379218e+00
5.261972978681158430e+00
5.243378159656763238e+00
5.225409498382190598e+00
5.207378834538554990e+00
5.189285521824503533e+00
5.170429297825498871e+00
5.152206228833387414e+00
5.134623056161887966e+00
5.116272454579266160e+00
5.097855797303788350e+00
5.080084510571013290e+00
5.061536183330198391e+00
5.043636925830458750e+00
5.024954063493299650e+00
5.006924030246264756e+00
4.988828835417909779e+00
4.970667767366565570e+00
4.952440101402197925e+00
4.934145099448972616e+00
4.915782009696526345e+00
4.897350066239468447e+00
4.879589898706431228e+00
4.861020724497842949e+00
4.843127335953457901e+00
4.825167592998377941e+00
4.806388166280523677e+00
4.788290625392694899e+00
4.770124424109468464e+00
4.751888774976514185e+00
4.733582875371457277e+00
4.715205907091653437e+00
4.697527185483501455e+00
4.679008609376420047e+00
4.660416448653571742e+00
4.642529093820016328e+00
4.623790252079716723e+00
4.605760654583771263e+00
4.587660200951727774e+00
4.569488049167103938e+00
4.551243340403313020e+00
4.532925198550051604e+00
4.514532729722374071e+00
4.496065021751695312e+00
4.477521143657905434e+00
4.459711370460037294e+00
4.441015696875554752e+00
4.423058934244715523e+00
4.405028972856925407e+00
4.386100222725588971e+00
4.367917705234427572e+00
4.349659181545989739e+00
4.331323690457025144e+00
4.312910250332275375e+00
4.294417858491200057e+00
4.276691438841185189e+00
4.258041754018439207e+00
4.239310025802708104e+00
4.221352202150481681e+00
4.202456939756508802e+00
4.184340957694175245e+00
4.166146201223182466e+00
4.147871633705133121e+00
4.129516195563959435e+00
4.111078803569008677e+00
4.092558350089065655e+00
4.073953702315858294e+00
4.055263701455484870e+00
4.037383262943238904e+00
4.018523177937828983e+00
4.000478528273249346e+00
3.981443629502324555e+00
3.963230159662244567e+00
3.944932600439223336e+00
3.925628375398965808e+00
3.907154727584932097e+00
3.888593317491691348e+00
3.870877538261216610e+00
3.852141331748742292e+00
3.833313548787620650e+00
3.814392833318362985e+00
3.796330809379586224e+00
3.777224846073693243e+00
3.758984233163342292e+00
3.740654674324372042e+00
3.722234855556396216e+00
3.703723430183889498e+00
3.685119017707201738e+00
3.666420202601094580e+00
3.647625533057859304e+00
3.628733519671816232e+00
3.609742634061877009e+00
3.591658644047421411e+00
3.572470677659193239e+00
3.554197050520879753e+00
3.534805737421151672e+00
3.516336379316130856e+00
3.497769498365875585e+00
3.479103533224506606e+00
3.460336880434017548e+00
3.441467892816727936e+00
3.422494877787985779e+00
3.403416095584197443e+00
3.384229757400960992e+00
3.366008910549281641e+00
3.346608121231667177e+00
3.328181312986530749e+00
3.309651913288124359e+00
3.289918801175543805e+00
3.271172672505583190e+00
3.252318494300077134e+00
3.233354376400042973e+00
3.214278372886254065e+00
3.195088479748770194e+00
3.176921518115409349e+00
3.157504594974283041e+00
3.137967527286206426e+00
3.119467925968163691e+00
3.099691125929019631e+00
3.080961702943501468e+00
3.062117723707879602e+00
3.043157060141217229e+00
3.022881047561470247e+00
3.003672712954549073e+00
2.985552663948763730e+00
2.966102602414989242e+00
2.946524153455114092e+00
2.926814740590149899e+00
2.908215856569042135e+00
2.888245039334615960e+00
2.869396164684276052e+00
2.850422651567422694e+00
2.830044033475462406e+00
2.810804897902714039e+00
2.791433165371814074e+00
2.771926055904364361e+00
2.752280691002526591e+00
2.732494088690616163e+00
2.713896440768401419e+00
2.693827914674436386e+00
2.674285190187135619e+00
2.654598599229132105e+00
2.634902212224684792e+00
2.615195807836584674e+00
2.595479157891235733e+00
2.575752027108157982e+00
2.555872639873860930e+00
2.536122709595151736e+00
2.516217765812952756e+00
2.496299018996610553e+00
2.476366136070430546e+00
2.456418772907338788e+00
2.436456573856597529e+00
2.416479171246611379e+00
2.396335229855870885e+00
2.376324995322093958e+00
2.356298354054289668e+00
2.336100037080039105e+00
2.315881761565992125e+00
2.295643000173347215e+00
2.275224216409400757e+00
2.254941393116712600e+00
2.234636354807813419e+00
2.214145114952124960e+00
2.193627370882806016e+00
2.173248834181336964e+00
2.152677390659100354e+00
2.132077133131315083e+00
2.111447218229776546e+00
2.090786768061563716e+00
2.069920110446868744e+00
2.049194041209351891e+00
2.028256190283528770e+00
2.007460367998201711e+00
1.986628950037156782e+00
1.965576770611618063e+00
1.944482706940974914e+00
1.923345380944162519e+00
1.902163350395604580e+00
1.880935104983544548e+00
1.859659062062970269e+00
1.838333562074259575e+00
1.816757755944459207e+00
1.795325653714261227e+00
1.773838538978948165e+00
1.752087932111116020e+00
1.730482037496003267e+00
1.708602950466619141e+00
1.686868994129251398e+00
1.664851334013349948e+00
1.642978979214862134e+00
1.620811490555823520e+00
1.598562901507448286e+00
1.576229777861170689e+00
1.554041272270823670e+00
1.531531337983641938e+00
1.508925347031141673e+00
1.486462299341836601e+00
1.463654546611388385e+00
1.440736824215302914e+00
1.417958942370437514e+00
1.394809136708883734e+00
1.371796083319003046e+00
1.348390322040369904e+00
1.325117137350275254e+00
1.301427829280842108e+00
1.277865549546737034e+00
1.254437456143033591e+00
1.230563407562091927e+00
1.206516791872077832e+00
1.182593014892374672e+00
1.158487466076963068e+00
1.134188555587143377e+00
1.109683581285457521e+00
1.085291952558697925e+00
1.060680486473218442e+00
1.036182690091828507e+00
1.011449227835512499e+00
9.868290198897947674e-01
9.619547748654779795e-01
9.368062572691183698e-01
9.121542849635569938e-01
8.868172954426307708e-01
8.619947172469856200e-01
8.368681915388347381e-01
8.116769357748405689e-01
7.864147294778857100e-01
7.610745075367478796e-01
7.355990319992218307e-01
